,highway,cycleway,surface,maxspeed,length,lanes,oneway,width,centrality,geometry
0,2.0,,10.0,,67.333,9.0,10,,4.0,"LINESTRING (11.3722269 47.2650111, 11.3723541 47.264971, 11.3731059 47.2649847)"
1,8.0,,,,66.719,,5,,5.0,"LINESTRING (11.3722269 47.2650111, 11.3722105 47.2650975, 11.3721599 47.2651833, 11.3721428 47.2652331, 11.3721335 47.2654043, 11.3720768 47.265518, 11.3720764 47.265596)"
2,2.0,,10.0,,12.463,,5,,6.000000000000001,"LINESTRING (11.3831887 47.2661441, 11.3830288 47.266116)"
3,6.0,,10.0,,53.93899999999999,10.0,5,,6.000000000000001,"LINESTRING (11.3831887 47.2661441, 11.383606 47.2662224, 11.383653 47.2662375, 11.3838588 47.266307)"
4,2.0,,10.0,,77.901,10.0,10,,6.000000000000001,"LINESTRING (11.3831887 47.2661441, 11.3833871 47.2660651, 11.3834655 47.2660192, 11.3839636 47.2656866)"
5,8.0,,10.0,,47.12,,5,,5.0,"LINESTRING (11.3850902 47.2649892, 11.3855412 47.2652823)"
6,2.0,,10.0,,34.946,3.0,5,,4.0,"LINESTRING (11.3850902 47.2649892, 11.3853982 47.2647545)"
7,10.0,,10.0,,87.952,,10,,4.0,"LINESTRING (11.3850902 47.2649892, 11.3851105 47.2650494, 11.3851019 47.2650553, 11.3843831 47.2655544, 11.3843605 47.2655716)"
8,2.0,,10.0,,21.252,9.0,10,,4.0,"LINESTRING (11.3873099 47.2642663, 11.3875032 47.2644053)"
9,6.0,,,,14.574,,5,,3.0000000000000004,"LINESTRING (11.3873099 47.2642663, 11.3873902 47.2641471)"
10,2.0,,10.0,,26.557,5.0,10,,6.000000000000001,"LINESTRING (11.3884005 47.2650503, 11.3886419 47.2652241)"
11,6.0,,,,49.593,,5,,5.0,"LINESTRING (11.3884005 47.2650503, 11.3885602 47.2649497, 11.3887037 47.264795, 11.3887799 47.2646919)"
12,6.0,,,,102.70200000000001,,5,,5.0,"LINESTRING (11.3884005 47.2650503, 11.3884963 47.2649438, 11.3886311 47.2647618, 11.3886458 47.2647342, 11.3886625 47.2646955, 11.3886748 47.2646542, 11.3886823 47.2646171, 11.3886871 47.2645883, 11.3886885 47.2645502, 11.3886863 47.2645327, 11.3886831 47.2645159, 11.3886809 47.2645086, 11.3886767 47.2645007, 11.3886704 47.2644923, 11.388661 47.264485, 11.388563 47.2644438, 11.3885321 47.2644306, 11.3885025 47.2644165, 11.3884866 47.264406, 11.3884762 47.2643927, 11.3884751 47.2643796, 11.3884809 47.2643647, 11.388565 47.2642556)"
13,2.0,,10.0,,29.223999999999997,10.0,10,,5.0,"LINESTRING (11.3895182 47.2658906, 11.3894424 47.2659687, 11.3893542 47.266016, 11.3892214 47.266039)"
14,6.0,,10.0,,86.785,5.0,5,,6.000000000000001,"LINESTRING (11.3895182 47.2658906, 11.3895898 47.2657952, 11.3896319 47.2657391, 11.3900228 47.2652182, 11.3900401 47.2651951)"
15,6.0,,,,36.299,,5,,6.000000000000001,"LINESTRING (11.3895182 47.2658906, 11.3894899 47.2659731, 11.3894972 47.266043, 11.389549 47.2661117, 11.3896265 47.2661902)"
16,2.0,,10.0,,70.283,9.0,10,,5.0,"LINESTRING (11.3895182 47.2658906, 11.3896124 47.2659717, 11.3901173 47.2663745)"
17,7.0,,,,13.079999999999998,10.0,10,,4.0,"LINESTRING (11.390774 47.2670518, 11.3907561 47.2671238, 11.3907216 47.2671453, 11.3907077 47.267154)"
18,2.0,,10.0,,48.44,9.0,10,,4.0,"LINESTRING (11.390774 47.2670518, 11.3908661 47.2671845, 11.3909486 47.2673329, 11.3910005 47.2674584)"
19,6.0,,10.0,,9.199,5.0,5,,7.000000000000001,"LINESTRING (11.3914922 47.2682241, 11.3914081 47.268284)"
20,2.0,,10.0,,28.254,5.0,5,,6.000000000000001,"LINESTRING (11.3914922 47.2682241, 11.3916894 47.2684401)"
21,2.0,,10.0,,77.417,5.0,5,,8.0,"LINESTRING (11.3914922 47.2682241, 11.3912258 47.2678923, 11.3910355 47.2676544, 11.3910036 47.2676119)"
22,8.0,9.0,10.0,,81.82300000000002,9.0,5,,7.000000000000001,"LINESTRING (11.3936396 47.2670223, 11.3936873 47.2670317, 11.393805 47.2670563, 11.3943554 47.267193, 11.3944712 47.2672372, 11.3945565 47.2672808, 11.3946202 47.2673198)"
23,8.0,9.0,10.0,,46.595000000000006,9.0,5,,7.000000000000001,"LINESTRING (11.3936396 47.2670223, 11.3935887 47.2670123, 11.3934636 47.2669888, 11.3930573 47.266932, 11.3930378 47.2669293)"
24,7.0,,7.0,,34.632999999999996,,5,,7.000000000000001,"LINESTRING (11.3936396 47.2670223, 11.393667 47.2669456, 11.3937477 47.2667196)"
25,8.0,9.0,10.0,9.0,37.721,,5,,6.000000000000001,"LINESTRING (11.3962296 47.2671676, 11.3957398 47.2672355)"
26,8.0,9.0,10.0,9.0,71.973,,5,,6.000000000000001,"LINESTRING (11.3962296 47.2671676, 11.3971642 47.2670382)"
27,8.0,,10.0,,117.774,,5,,7.000000000000001,"LINESTRING (11.3962296 47.2671676, 11.3962089 47.267099, 11.3961884 47.2670309, 11.3959462 47.2661997, 11.3959243 47.2661289)"
28,6.0,,10.0,,54.561,,10,,4.0,"LINESTRING (11.401411 47.2663485, 11.401758 47.2663008, 11.402121 47.2662557)"
29,8.0,,,,23.32,,10,,4.0,"LINESTRING (11.401411 47.2663485, 11.4016166 47.2664098, 11.4016862 47.2664423)"
30,7.0,,,,27.071,,10,,2.0,"LINESTRING (11.4028466 47.266781, 11.4031174 47.2667233, 11.4031889 47.2667081)"
31,6.0,,10.0,,51.575,,10,,4.0,"LINESTRING (11.4028466 47.266781, 11.4028211 47.2667044, 11.4027804 47.2666006, 11.4026803 47.2664225, 11.4025986 47.2663551)"
32,5.0,,10.0,,132.343,5.0,5,,7.000000000000001,"LINESTRING (11.3865988 47.2639619, 11.3864625 47.2638616, 11.3863329 47.2637643, 11.3859647 47.2634809, 11.3854799 47.2630997, 11.3854425 47.2630672)"
33,8.0,,10.0,7.0,60.853,5.0,5,,6.000000000000001,"LINESTRING (11.3865988 47.2639619, 11.3867458 47.2638475, 11.3871594 47.2635689)"
34,2.0,,10.0,,65.714,9.0,10,,6.000000000000001,"LINESTRING (11.3865988 47.2639619, 11.3866438 47.2639653, 11.3868279 47.2639826, 11.3870354 47.2640844, 11.3873099 47.2642663)"
35,2.0,9.0,10.0,,25.451,3.0,5,,6.000000000000001,"LINESTRING (11.3865988 47.2639619, 11.3865127 47.2640102, 11.3864185 47.2640626, 11.3863403 47.2641089)"
36,6.0,,10.0,,36.309,10.0,10,,3.0000000000000004,"LINESTRING (11.3837166 47.2660039, 11.3837279 47.2661175, 11.3837611 47.2662098, 11.3838588 47.266307)"
37,2.0,,10.0,,45.21,9.0,10,,4.0,"LINESTRING (11.3837166 47.2660039, 11.3836337 47.2660622, 11.383584 47.266086, 11.3834788 47.2661362, 11.3831887 47.2661441)"
38,6.0,,,,14.647,,5,,5.0,"LINESTRING (11.3750958 47.2642569, 11.3751715 47.2642421, 11.3752823 47.2642204)"
39,2.0,,10.0,,27.999000000000002,9.0,10,,4.0,"LINESTRING (11.3750958 47.2642569, 11.3751457 47.2644031, 11.3751796 47.2645022)"
40,6.0,,10.0,,10.856,,5,,5.0,"LINESTRING (11.3752175 47.2633009, 11.3750851 47.2632627)"
41,6.0,,10.0,,28.698,,10,,4.0,"LINESTRING (11.3752175 47.2633009, 11.3753434 47.2633304, 11.3755727 47.2633929)"
42,2.0,,10.0,,94.032,,10,,4.0,"LINESTRING (11.3752175 47.2633009, 11.3751435 47.2634495, 11.3750796 47.2635852, 11.3750333 47.2637424, 11.3750185 47.2638676, 11.3750297 47.2639893, 11.3750563 47.2641266)"
43,6.0,,,,29.179,,5,,6.000000000000001,"LINESTRING (11.3717993 47.2623549, 11.3714415 47.2622554)"
44,6.0,,,,38.254,,5,,6.000000000000001,"LINESTRING (11.3717993 47.2623549, 11.3722684 47.2624853)"
45,8.0,,10.0,9.0,137.015,,5,,7.000000000000001,"LINESTRING (11.3717993 47.2623549, 11.3717587 47.2624217, 11.3713781 47.2630167, 11.3710811 47.2634866)"
46,10.0,,,,102.125,,5,,7.000000000000001,"LINESTRING (11.3710811 47.2634866, 11.3705464 47.2634265, 11.3697459 47.2633366)"
47,8.0,,10.0,9.0,137.01500000000001,,5,,7.000000000000001,"LINESTRING (11.3710811 47.2634866, 11.3713781 47.2630167, 11.3717587 47.2624217, 11.3717993 47.2623549)"
48,8.0,,10.0,9.0,74.616,,5,,6.000000000000001,"LINESTRING (11.3710811 47.2634866, 11.3710347 47.2635547, 11.3707249 47.2640386, 11.3706989 47.2641047)"
49,6.0,,10.0,,37.837,10.0,5,,7.000000000000001,"LINESTRING (11.3710811 47.2634866, 11.3711855 47.2635157, 11.3715367 47.2636285)"
50,8.0,,10.0,9.0,88.745,,5,,4.0,"LINESTRING (11.369535 47.2639902, 11.3706989 47.2641047)"
51,8.0,,10.0,,55.229000000000006,,5,,4.0,"LINESTRING (11.369535 47.2639902, 11.369678 47.2635365, 11.369663 47.2635054)"
52,8.0,9.0,10.0,9.0,64.334,,10,,3.0000000000000004,"LINESTRING (11.370619 47.2646729, 11.3706494 47.2645732, 11.3706136 47.2643868, 11.3706152 47.2643439, 11.3706357 47.2642891, 11.3706989 47.2641047)"
53,10.0,,10.0,,86.41499999999999,,5,,4.0,"LINESTRING (11.370619 47.2646729, 11.370692 47.2647199, 11.3710751 47.2647491, 11.3717323 47.2647827)"
54,2.0,,10.0,,14.792,9.0,10,,3.0000000000000004,"LINESTRING (11.3750563 47.2641266, 11.3750958 47.2642569)"
55,6.0,,,,46.4,,10,,1.0,"LINESTRING (11.3750563 47.2641266, 11.3750001 47.2641997, 11.3750134 47.2642495, 11.3751091 47.2645262)"
56,6.0,,10.0,,20.124,3.0,5,,7.000000000000001,"LINESTRING (11.3781365 47.2598085, 11.3779099 47.2597131)"
57,2.0,,10.0,,33.872,3.0,5,,8.0,"LINESTRING (11.3781365 47.2598085, 11.3784892 47.2596201)"
58,2.0,,10.0,,20.365,9.0,10,,6.000000000000001,"LINESTRING (11.3781365 47.2598085, 11.377984 47.2599596)"
59,8.0,,10.0,,39.111000000000004,5.0,5,,7.000000000000001,"LINESTRING (11.3781365 47.2598085, 11.3783418 47.2599169, 11.3785314 47.2600358)"
60,8.0,,10.0,,15.048,,5,,6.000000000000001,"LINESTRING (11.3870703 47.2570312, 11.3870746 47.2568959)"
61,8.0,,10.0,,109.575,,5,,6.000000000000001,"LINESTRING (11.3870703 47.2570312, 11.3870637 47.2571435, 11.3870434 47.2575047, 11.3870134 47.2579363, 11.3869968 47.258015)"
62,2.0,,10.0,7.0,41.558,5.0,10,,5.0,"LINESTRING (11.3870703 47.2570312, 11.386829 47.2570787, 11.3865332 47.2571102)"
63,2.0,,10.0,7.0,15.485,,5,,6.000000000000001,"LINESTRING (11.3978724 47.2563608, 11.3978238 47.2564961)"
64,2.0,,10.0,7.0,20.905,,5,,6.000000000000001,"LINESTRING (11.3978724 47.2563608, 11.3979077 47.2562512, 11.3979202 47.2562265, 11.397944 47.2561795)"
65,2.0,,10.0,7.0,88.65,,10,,5.0,"LINESTRING (11.3978724 47.2563608, 11.3980723 47.2564459, 11.3981291 47.2564707, 11.3982946 47.2565417, 11.3985069 47.2566326, 11.3988703 47.2567813)"
66,8.0,,,,28.65,,5,,6.000000000000001,"LINESTRING (11.3739973 47.2565796, 11.3743476 47.2566789)"
67,8.0,,10.0,7.0,24.751,9.0,5,,6.000000000000001,"LINESTRING (11.3739973 47.2565796, 11.3736994 47.2564865)"
68,8.0,,,,167.105,,5,,6.000000000000001,"LINESTRING (11.3739973 47.2565796, 11.3739473 47.25665, 11.3735587 47.2572141, 11.3730426 47.2579355)"
69,8.0,,10.0,,59.175,,5,,7.000000000000001,"LINESTRING (11.3726826 47.2584615, 11.372641 47.258518, 11.3725995 47.2585744, 11.3725358 47.2586796, 11.3724908 47.2587645, 11.3723804 47.2589521)"
70,8.0,,,,64.497,,5,,7.000000000000001,"LINESTRING (11.3726826 47.2584615, 11.3727175 47.2584119, 11.3727638 47.2583461, 11.3727689 47.2583385, 11.3729513 47.258063, 11.3730426 47.2579355)"
71,6.0,,10.0,,35.022999999999996,,5,,7.000000000000001,"LINESTRING (11.3726826 47.2584615, 11.3725012 47.258419, 11.3722374 47.2583735)"
72,6.0,,10.0,,144.074,,5,,7.000000000000001,"LINESTRING (11.3726826 47.2584615, 11.3728964 47.2585079, 11.374519 47.2588153)"
73,6.0,,10.0,,5.25,,5,,7.000000000000001,"LINESTRING (11.374586 47.258828, 11.374519 47.2588153)"
74,10.0,,,,211.75199999999998,,5,,7.000000000000001,"LINESTRING (11.374586 47.258828, 11.3746473 47.2587365, 11.37495 47.2582233, 11.3752463 47.2579022, 11.3755339 47.2576997, 11.3758761 47.2575397, 11.3760737 47.2574186, 11.3762154 47.2573339)"
75,8.0,,10.0,,122.833,,5,,7.000000000000001,"LINESTRING (11.374586 47.258828, 11.3745459 47.2589, 11.3745365 47.2589202, 11.3741482 47.2598916)"
76,6.0,,10.0,,33.729,,5,,8.0,"LINESTRING (11.374586 47.258828, 11.3746737 47.2588441, 11.3750174 47.2589073)"
77,8.0,,10.0,,25.273,,5,,6.000000000000001,"LINESTRING (11.3753909 47.2605435, 11.3756093 47.2603712)"
78,8.0,,10.0,,68.61200000000001,,5,,6.000000000000001,"LINESTRING (11.3753909 47.2605435, 11.3748341 47.2602354, 11.3746878 47.2601523)"
79,8.0,,10.0,,30.345999999999997,,5,,6.000000000000001,"LINESTRING (11.3769222 47.2593279, 11.3768566 47.2593784, 11.376803 47.2594197, 11.3766616 47.2595357)"
80,6.0,,10.0,,79.606,,5,,7.000000000000001,"LINESTRING (11.3769222 47.2593279, 11.3767116 47.2592657, 11.376349 47.2591793, 11.3759302 47.2590858)"
81,6.0,,10.0,,31.855,,5,,6.000000000000001,"LINESTRING (11.3769222 47.2593279, 11.3770921 47.2593862, 11.3772949 47.2594623)"
82,6.0,,,,28.478,,5,,7.000000000000001,"LINESTRING (11.3750174 47.2589073, 11.3751828 47.2586771)"
83,6.0,,,,143.526,,5,,7.000000000000001,"LINESTRING (11.3750174 47.2589073, 11.3749846 47.2589854, 11.3746232 47.259863, 11.374632 47.26006, 11.3746502 47.2601127, 11.3746878 47.2601523)"
84,6.0,,10.0,,33.729,,5,,8.0,"LINESTRING (11.3750174 47.2589073, 11.3746737 47.2588441, 11.374586 47.258828)"
85,6.0,,10.0,,71.69200000000001,,5,,8.0,"LINESTRING (11.3750174 47.2589073, 11.375326 47.2589668, 11.3758099 47.2590601, 11.3759302 47.2590858)"
86,8.0,,10.0,,323.387,,5,,6.000000000000001,"LINESTRING (11.3741482 47.2598916, 11.3733361 47.2618926, 11.3730511 47.2627026)"
87,8.0,,10.0,,122.833,,5,,7.000000000000001,"LINESTRING (11.3741482 47.2598916, 11.3745365 47.2589202, 11.3745459 47.2589, 11.374586 47.258828)"
88,6.0,,,,53.82300000000001,,5,,5.0,"LINESTRING (11.3741482 47.2598916, 11.373761 47.2596967, 11.3735676 47.2596108)"
89,8.0,,10.0,,15.779,,5,,7.000000000000001,"LINESTRING (11.3723029 47.2590839, 11.3723804 47.2589521)"
90,8.0,,10.0,,141.006,,5,,7.000000000000001,"LINESTRING (11.3723029 47.2590839, 11.371622 47.2602648)"
91,6.0,,,,46.324,,5,,7.000000000000001,"LINESTRING (11.3723029 47.2590839, 11.3719095 47.2587641)"
92,6.0,,,,111.99,,5,,6.000000000000001,"LINESTRING (11.3723029 47.2590839, 11.3735676 47.2596108)"
93,6.0,,,,6.935,,5,,6.000000000000001,"LINESTRING (11.3731364 47.2627258, 11.3730511 47.2627026)"
94,10.0,,10.0,,123.699,,5,,6.000000000000001,"LINESTRING (11.3731364 47.2627258, 11.3731064 47.2627974, 11.3730144 47.2628688, 11.3727213 47.2636078, 11.3726487 47.2637787)"
95,6.0,,,,58.473,,5,,6.000000000000001,"LINESTRING (11.3731364 47.2627258, 11.3733036 47.262773, 11.3733989 47.2627995, 11.3738531 47.2629257)"
96,2.0,,10.0,,41.698,10.0,10,,4.0,"LINESTRING (11.3751796 47.2645022, 11.3752746 47.2646137, 11.3753665 47.264758, 11.3754088 47.2648115, 11.3754318 47.2648351)"
97,2.0,,10.0,,39.969,9.0,10,,4.0,"LINESTRING (11.3751796 47.2645022, 11.3752702 47.2647851, 11.3752776 47.2648257, 11.3752818 47.2648546)"
98,6.0,,,,148.47500000000002,,5,,4.0,"LINESTRING (11.3740413 47.2613946, 11.3744483 47.2603995, 11.3744725 47.2603464, 11.3745118 47.2602846, 11.3745662 47.2602312, 11.3746173 47.2601903, 11.3746878 47.2601523)"
99,2.0,,,7.0,43.333,9.0,10,,2.0,"LINESTRING (11.4234825 47.2618607, 11.4229725 47.2616816)"
100,6.0,,,,63.432,,10,,2.0,"LINESTRING (11.4234825 47.2618607, 11.4232652 47.2619496, 11.4229651 47.2618554, 11.4229725 47.2616816)"
101,8.0,,10.0,,27.114,,5,,7.000000000000001,"LINESTRING (11.3996704 47.2583611, 11.3997837 47.2581297)"
102,8.0,,10.0,,14.572,,5,,6.000000000000001,"LINESTRING (11.3996704 47.2583611, 11.3994776 47.2583682)"
103,6.0,,10.0,7.0,48.048,9.0,5,,7.000000000000001,"LINESTRING (11.3996704 47.2583611, 11.3995741 47.258168, 11.3994685 47.2579513)"
104,6.0,,10.0,7.0,32.58,9.0,5,,7.000000000000001,"LINESTRING (11.3996704 47.2583611, 11.399714 47.2584513, 11.3997328 47.2584911, 11.3997863 47.2586431)"
105,8.0,,10.0,,25.156,,10,,4.0,"LINESTRING (11.3998723 47.2589615, 11.3995407 47.2589846)"
106,6.0,,10.0,7.0,35.994,9.0,5,,5.0,"LINESTRING (11.3998723 47.2589615, 11.3997863 47.2586431)"
107,6.0,,10.0,7.0,150.60000000000002,9.0,5,,5.0,"LINESTRING (11.3998723 47.2589615, 11.3998895 47.2590582, 11.3999162 47.2592087, 11.399916 47.2592838, 11.3999151 47.2596197, 11.3997822 47.2603082)"
108,8.0,,10.0,,59.128,,10,,4.0,"LINESTRING (11.3997822 47.2603082, 11.399059 47.2601036)"
109,6.0,,10.0,7.0,150.6,9.0,5,,5.0,"LINESTRING (11.3997822 47.2603082, 11.3999151 47.2596197, 11.399916 47.2592838, 11.3999162 47.2592087, 11.3998895 47.2590582, 11.3998723 47.2589615)"
110,6.0,,10.0,7.0,81.778,,5,,5.0,"LINESTRING (11.3997822 47.2603082, 11.3997611 47.2604681, 11.3997209 47.2606193, 11.3996351 47.260918, 11.399603 47.2610329)"
111,6.0,,10.0,7.0,57.502,9.0,5,,5.0,"LINESTRING (11.3992276 47.2574607, 11.3994685 47.2579513)"
112,6.0,,10.0,7.0,60.53,9.0,10,,3.0000000000000004,"LINESTRING (11.3992276 47.2574607, 11.3991134 47.2573193, 11.3990933 47.257101, 11.3990667 47.2570351, 11.3989701 47.2569649)"
113,5.0,,,,47.658,5.0,5,,5.0,"LINESTRING (11.3749184 47.2537124, 11.3750042 47.253853, 11.375033 47.253991, 11.3750376 47.254128)"
114,2.0,,10.0,,33.872,3.0,5,,8.0,"LINESTRING (11.3784892 47.2596201, 11.3781365 47.2598085)"
115,2.0,10.0,10.0,7.0,110.514,3.0,5,,8.0,"LINESTRING (11.3784892 47.2596201, 11.3792547 47.2592778, 11.3797137 47.259075)"
116,10.0,,10.0,,37.991,,5,2.0,7.000000000000001,"LINESTRING (11.3784892 47.2596201, 11.3781884 47.2595429, 11.3781566 47.2594214)"
117,10.0,,10.0,,42.501000000000005,,5,2.0,7.000000000000001,"LINESTRING (11.3784892 47.2596201, 11.378507 47.2597183, 11.3784821 47.25979, 11.3784927 47.2598234, 11.3785018 47.259852, 11.3785728 47.2598927, 11.3786924 47.2599106)"
118,8.0,,,,48.033,,5,,6.000000000000001,"LINESTRING (11.3720764 47.265596, 11.3721102 47.2656215, 11.3721772 47.2656342, 11.3726934 47.2656453)"
119,8.0,,,,66.719,,5,,5.0,"LINESTRING (11.3720764 47.265596, 11.3720768 47.265518, 11.3721335 47.2654043, 11.3721428 47.2652331, 11.3721599 47.2651833, 11.3722105 47.2650975, 11.3722269 47.2650111)"
120,6.0,,,,78.309,,5,,6.000000000000001,"LINESTRING (11.3720764 47.265596, 11.3718925 47.2656015, 11.3718408 47.265583, 11.3716465 47.265478, 11.3715764 47.2654167, 11.3716313 47.265316, 11.3716832 47.2652087, 11.3716671 47.2651737, 11.3716341 47.2651448)"
121,5.0,,,,12.832,,5,,4.0,"LINESTRING (11.3716341 47.2651448, 11.3716522 47.2651063, 11.3716225 47.2650703, 11.3716452 47.2650403)"
122,6.0,,,,59.969,,5,,6.000000000000001,"LINESTRING (11.3716341 47.2651448, 11.3715717 47.2651283, 11.3715001 47.2651255, 11.3711791 47.2651999, 11.3708777 47.2652662)"
123,6.0,,,,78.309,,5,,6.000000000000001,"LINESTRING (11.3716341 47.2651448, 11.3716671 47.2651737, 11.3716832 47.2652087, 11.3716313 47.265316, 11.3715764 47.2654167, 11.3716465 47.265478, 11.3718408 47.265583, 11.3718925 47.2656015, 11.3720764 47.265596)"
124,6.0,,,,34.516,,5,,6.000000000000001,"LINESTRING (11.3708777 47.2652662, 11.3704259 47.2653147)"
125,6.0,,,,11.199,,5,,4.0,"LINESTRING (11.3708777 47.2652662, 11.3709016 47.2653656)"
126,6.0,,,,59.969,,5,,6.000000000000001,"LINESTRING (11.3708777 47.2652662, 11.3711791 47.2651999, 11.3715001 47.2651255, 11.3715717 47.2651283, 11.3716341 47.2651448)"
127,6.0,,,,34.516,,5,,6.000000000000001,"LINESTRING (11.3704259 47.2653147, 11.3708777 47.2652662)"
128,6.0,,,,27.065,,5,,4.0,"LINESTRING (11.3704259 47.2653147, 11.3700675 47.2653242)"
129,6.0,,,,18.896,,5,,4.0,"LINESTRING (11.3704259 47.2653147, 11.3704026 47.2654839)"
130,2.0,,10.0,7.0,56.370000000000005,5.0,10,,4.0,"LINESTRING (11.3812648 47.2552784, 11.3813658 47.2553908, 11.38164 47.2557167)"
131,6.0,,,,175.36,,5,,3.0000000000000004,"LINESTRING (11.38164 47.2557167, 11.3818089 47.2557172, 11.3818519 47.2557299, 11.3829307 47.2569589)"
132,2.0,,10.0,7.0,109.70400000000001,5.0,10,,3.0000000000000004,"LINESTRING (11.38164 47.2557167, 11.381824 47.2559326, 11.3822152 47.2563877, 11.3822505 47.2564302, 11.3823678 47.2565707)"
133,2.0,,10.0,7.0,81.51199999999999,9.0,10,,2.0,"LINESTRING (11.3826317 47.2568873, 11.382772 47.2570005, 11.3828876 47.2570877, 11.3830174 47.2571608, 11.3830814 47.2571925, 11.3831905 47.2572266, 11.3833156 47.2572431, 11.3835093 47.2572484)"
134,2.0,,10.0,,64.97200000000001,5.0,10,,4.0,"LINESTRING (11.3826317 47.2568873, 11.3828366 47.2572949, 11.3828481 47.2573395, 11.3828681 47.257447)"
135,2.0,,10.0,,11.847,10.0,10,,4.0,"LINESTRING (11.3822298 47.2567375, 11.382154 47.2566442)"
136,8.0,,10.0,,120.358,10.0,10,,5.0,"LINESTRING (11.3822298 47.2567375, 11.3810785 47.2569969, 11.3809559 47.257004, 11.3806982 47.2569889)"
137,2.0,,10.0,,90.77099999999999,5.0,10,,4.0,"LINESTRING (11.3812098 47.2553807, 11.3810831 47.2552403, 11.3809834 47.2551726, 11.3808729 47.2551139, 11.3807443 47.2550716, 11.3805659 47.2550319, 11.3802381 47.2549523)"
138,6.0,,10.0,,10.656,9.0,5,,6.000000000000001,"LINESTRING (11.3812641 47.2664279, 11.3813986 47.2664571)"
139,6.0,,10.0,,171.512,9.0,5,,6.000000000000001,"LINESTRING (11.3812641 47.2664279, 11.3811013 47.266454, 11.3809686 47.2664596, 11.3808067 47.2664577, 11.3804754 47.2664448, 11.378998 47.266398)"
140,6.0,,10.0,,261.79499999999996,,5,,6.000000000000001,"LINESTRING (11.3812641 47.2664279, 11.3811571 47.2664069, 11.3810487 47.266389, 11.3809649 47.2663835, 11.3807148 47.2663836, 11.3805247 47.2663589, 11.3798772 47.2661192, 11.3791478 47.2658558, 11.3789746 47.2658199, 11.378426 47.2657759, 11.3782914 47.2657574, 11.3782104 47.2657263, 11.378157 47.265691, 11.3781079 47.2656194)"
141,6.0,,10.0,,10.656,9.0,5,,5.0,"LINESTRING (11.3813986 47.2664571, 11.3812641 47.2664279)"
142,8.0,,10.0,,65.36,9.0,10,,4.0,"LINESTRING (11.3813986 47.2664571, 11.381919 47.2665458, 11.3822313 47.2666174)"
143,6.0,,10.0,,44.513000000000005,9.0,5,,5.0,"LINESTRING (11.3813986 47.2664571, 11.3813589 47.2665651, 11.3812047 47.2668345)"
144,6.0,,10.0,,93.426,9.0,5,,6.000000000000001,"LINESTRING (11.3807564 47.2676081, 11.3808308 47.2676251, 11.3811851 47.2677448, 11.3814438 47.2678322, 11.3818567 47.2679914)"
145,6.0,,10.0,,67.625,9.0,5,,6.000000000000001,"LINESTRING (11.3807564 47.2676081, 11.3808999 47.2673605, 11.3810843 47.2670421)"
146,8.0,,,,72.895,,5,,7.000000000000001,"LINESTRING (11.3827176 47.2688086, 11.3817781 47.2686558)"
147,6.0,,10.0,,28.742,9.0,5,,7.000000000000001,"LINESTRING (11.3827176 47.2688086, 11.3827101 47.2687477, 11.3826823 47.2686478, 11.382649 47.2685548)"
148,8.0,,,,33.783,,5,,7.000000000000001,"LINESTRING (11.3827176 47.2688086, 11.3828437 47.2688308, 11.3829455 47.2688449, 11.3831429 47.2689002)"
149,6.0,,,9.0,88.519,,5,,7.000000000000001,"LINESTRING (11.3827176 47.2688086, 11.3827171 47.268863, 11.3827054 47.2689005, 11.3826864 47.2689274, 11.382212 47.269519)"
150,6.0,,10.0,9.0,10.9,,5,,6.000000000000001,"LINESTRING (11.3817677 47.2702255, 11.3818785 47.2702884)"
151,6.0,,,9.0,53.952,,5,,6.000000000000001,"LINESTRING (11.3817677 47.2702255, 11.3817817 47.2701864, 11.3818205 47.2700817, 11.3818501 47.2700017, 11.3820171 47.2697738)"
152,6.0,,,9.0,102.542,,5,,6.000000000000001,"LINESTRING (11.3817677 47.2702255, 11.3815636 47.2701373, 11.381444 47.2700875, 11.3810389 47.269932, 11.380596 47.2697586)"
153,8.0,,,,9.66,,5,,5.0,"LINESTRING (11.3758487 47.2676158, 11.3757252 47.2675929)"
154,8.0,,,,41.38,,5,,5.0,"LINESTRING (11.3758487 47.2676158, 11.3763664 47.2677386)"
155,8.0,,,,117.685,,10,,4.0,"LINESTRING (11.3758487 47.2676158, 11.3754473 47.2684114, 11.3754445 47.2684868, 11.3755047 47.2686228)"
156,8.0,,10.0,,48.743,,5,,7.000000000000001,"LINESTRING (11.3777995 47.2689859, 11.3780273 47.2685757)"
157,8.0,,,,61.646,,5,,7.000000000000001,"LINESTRING (11.3777995 47.2689859, 11.3777223 47.2690379, 11.377447 47.2694807)"
158,6.0,,,,123.77400000000002,,5,,7.000000000000001,"LINESTRING (11.3777995 47.2689859, 11.3774775 47.2689173, 11.3772436 47.2688674, 11.3769578 47.2688065, 11.3762132 47.2687096)"
159,6.0,,,,142.456,,5,,7.000000000000001,"LINESTRING (11.3777995 47.2689859, 11.3778997 47.2690097, 11.3795729 47.2694255)"
160,6.0,,,,35.953,,5,,4.0,"LINESTRING (11.377174 47.269902, 11.3773707 47.2696075)"
161,6.0,,,,3.856,,5,,6.000000000000001,"LINESTRING (11.3796209 47.2694374, 11.3795729 47.2694255)"
162,6.0,,,,41.147,,5,,4.0,"LINESTRING (11.3796209 47.2694374, 11.3798181 47.2690924)"
163,6.0,,,,81.87100000000001,,5,,6.000000000000001,"LINESTRING (11.3796209 47.2694374, 11.3801287 47.2695858, 11.380596 47.2697586)"
164,8.0,,,,42.521,,5,,6.000000000000001,"LINESTRING (11.3782955 47.2680928, 11.3777445 47.2680126)"
165,8.0,,10.0,,57.383,,5,,6.000000000000001,"LINESTRING (11.3782955 47.2680928, 11.3780273 47.2685757)"
166,8.0,,,,61.559,,5,,6.000000000000001,"LINESTRING (11.3782955 47.2680928, 11.3789025 47.2681839, 11.3790912 47.268215)"
167,6.0,,10.0,,43.72,,5,,5.0,"LINESTRING (11.3759674 47.2663013, 11.375389 47.2662781)"
168,6.0,,10.0,,228.93200000000002,9.0,5,,5.0,"LINESTRING (11.3759674 47.2663013, 11.3763558 47.2663168, 11.378998 47.266398)"
169,8.0,,10.0,,39.956,10.0,10,,4.0,"LINESTRING (11.3759674 47.2663013, 11.3762912 47.2664389, 11.3764162 47.266492)"
170,8.0,,10.0,,19.906,10.0,10,,4.0,"LINESTRING (11.3764162 47.266492, 11.3766456 47.2665804)"
171,6.0,,,,77.842,,5,,3.0000000000000004,"LINESTRING (11.3764162 47.266492, 11.3759816 47.2671269)"
172,8.0,,,,90.645,,5,,5.0,"LINESTRING (11.3785846 47.2671634, 11.378998 47.266398)"
173,8.0,,10.0,,171.17000000000002,10.0,10,,4.0,"LINESTRING (11.3785846 47.2671634, 11.3805132 47.2675583, 11.3807564 47.2676081)"
174,6.0,,10.0,,153.51599999999996,,5,,6.000000000000001,"LINESTRING (11.3725003 47.2662558, 11.3726526 47.2663296, 11.3727639 47.2664094, 11.3729279 47.2665503, 11.3731675 47.2667923, 11.3733193 47.2670357, 11.3733321 47.2672299, 11.3732661 47.2674391)"
175,8.0,,,,231.322,,5,,5.0,"LINESTRING (11.3725003 47.2662558, 11.3723252 47.2661971, 11.3717252 47.2661176, 11.3712954 47.266057, 11.3706761 47.2659331, 11.369689 47.265625, 11.3696131 47.265595)"
176,6.0,,10.0,,64.167,,5,,6.000000000000001,"LINESTRING (11.3725003 47.2662558, 11.3725409 47.2662069, 11.3725874 47.2661829, 11.3726502 47.2661723, 11.3729675 47.2661868, 11.3732935 47.2661995)"
177,6.0,,10.0,,43.737,,5,,6.000000000000001,"LINESTRING (11.3732661 47.2674391, 11.3730479 47.2678035)"
178,6.0,,10.0,,153.51600000000002,,5,,6.000000000000001,"LINESTRING (11.3732661 47.2674391, 11.3733321 47.2672299, 11.3733193 47.2670357, 11.3731675 47.2667923, 11.3729279 47.2665503, 11.3727639 47.2664094, 11.3726526 47.2663296, 11.3725003 47.2662558)"
179,6.0,,,,65.47,,5,,4.0,"LINESTRING (11.3732661 47.2674391, 11.3737575 47.2674863, 11.3741182 47.2675463)"
180,6.0,,10.0,,32.262,,5,,5.0,"LINESTRING (11.3729502 47.2679642, 11.3725647 47.2680897)"
181,6.0,,10.0,,19.33,,5,,6.000000000000001,"LINESTRING (11.3729502 47.2679642, 11.3730479 47.2678035)"
182,8.0,,10.0,,80.886,,5,,6.000000000000001,"LINESTRING (11.3729502 47.2679642, 11.3730983 47.2679634, 11.3739861 47.2677899)"
183,6.0,,10.0,,32.262,,5,,6.000000000000001,"LINESTRING (11.3725647 47.2680897, 11.3729502 47.2679642)"
184,7.0,,,,27.252,,5,,6.000000000000001,"LINESTRING (11.3725647 47.2680897, 11.3724832 47.2681534, 11.3724514 47.2682141, 11.3724535 47.2683104)"
185,6.0,,,,47.116,,5,,6.000000000000001,"LINESTRING (11.3724535 47.2683104, 11.373068 47.2683857)"
186,6.0,,,,35.439,,5,,6.000000000000001,"LINESTRING (11.3724535 47.2683104, 11.3719887 47.2682646)"
187,7.0,,,,27.252000000000002,,5,,5.0,"LINESTRING (11.3724535 47.2683104, 11.3724514 47.2682141, 11.3724832 47.2681534, 11.3725647 47.2680897)"
188,6.0,,,,47.614,,10,,4.0,"LINESTRING (11.3719887 47.2682646, 11.3725647 47.2680897)"
189,6.0,,10.0,,15.747,,5,,5.0,"LINESTRING (11.3719887 47.2682646, 11.3717804 47.2682733)"
190,6.0,,,,35.439,,5,,5.0,"LINESTRING (11.3719887 47.2682646, 11.3724535 47.2683104)"
191,6.0,,10.0,,16.339,,5,,6.000000000000001,"LINESTRING (11.3715805 47.2682878, 11.3713652 47.2683035)"
192,6.0,,10.0,,15.169,,5,,6.000000000000001,"LINESTRING (11.3715805 47.2682878, 11.3717804 47.2682733)"
193,6.0,,,,85.376,,5,,4.0,"LINESTRING (11.3715805 47.2682878, 11.3713306 47.268765, 11.3711504 47.268996)"
194,8.0,,,,51.877,,5,,6.000000000000001,"LINESTRING (11.3713652 47.2683035, 11.3712389 47.2678449)"
195,6.0,,10.0,,16.339,,5,,6.000000000000001,"LINESTRING (11.3713652 47.2683035, 11.3715805 47.2682878)"
196,6.0,,10.0,,67.667,,5,,5.0,"LINESTRING (11.3713652 47.2683035, 11.3707785 47.2683512, 11.3707318 47.268356, 11.370476 47.2683821)"
197,8.0,,,,88.209,,5,,7.000000000000001,"LINESTRING (11.3712389 47.2678449, 11.3705717 47.2671935)"
198,8.0,,,,51.877,,5,,6.000000000000001,"LINESTRING (11.3712389 47.2678449, 11.3713652 47.2683035)"
199,8.0,,,,210.03,,5,,6.000000000000001,"LINESTRING (11.3712389 47.2678449, 11.3713115 47.2677923, 11.3716323 47.2676536, 11.3721567 47.2675155, 11.3722001 47.2674936, 11.3722277 47.2674682, 11.3722437 47.2674315, 11.3722445 47.2673935, 11.37201 47.2668459, 11.3719864 47.2668235, 11.3719513 47.2668073, 11.3718999 47.2668039, 11.3718386 47.2668089, 11.3716145 47.2668393, 11.3713719 47.266895)"
200,8.0,,,,24.103,,5,,7.000000000000001,"LINESTRING (11.3705717 47.2671935, 11.3704854 47.2669848)"
201,8.0,,,,88.209,,5,,7.000000000000001,"LINESTRING (11.3705717 47.2671935, 11.3712389 47.2678449)"
202,8.0,,,,67.225,,5,,7.000000000000001,"LINESTRING (11.3705717 47.2671935, 11.3701181 47.2674474, 11.3699065 47.2675945)"
203,8.0,,,,69.001,,5,,7.000000000000001,"LINESTRING (11.3705717 47.2671935, 11.3712977 47.266912, 11.3713719 47.266895)"
204,6.0,,,,19.728,,5,,4.0,"LINESTRING (11.370476 47.2683821, 11.3703621 47.2682224)"
205,6.0,,10.0,,67.667,,5,,5.0,"LINESTRING (11.370476 47.2683821, 11.3707318 47.268356, 11.3707785 47.2683512, 11.3713652 47.2683035)"
206,6.0,,,,19.728,,5,,4.0,"LINESTRING (11.3703621 47.2682224, 11.370476 47.2683821)"
207,6.0,,,,35.817,,5,,3.0000000000000004,"LINESTRING (11.3703621 47.2682224, 11.3708002 47.2680984)"
208,6.0,,,,35.817,,5,,3.0000000000000004,"LINESTRING (11.3708002 47.2680984, 11.3703621 47.2682224)"
209,6.0,,,,47.116,,5,,6.000000000000001,"LINESTRING (11.373068 47.2683857, 11.3724535 47.2683104)"
210,6.0,,,,101.523,,5,,6.000000000000001,"LINESTRING (11.373068 47.2683857, 11.3732779 47.2684108, 11.3737334 47.2684653, 11.3744016 47.2684971)"
211,8.0,,,,65.977,,5,,6.000000000000001,"LINESTRING (11.373068 47.2683857, 11.3728547 47.2685705, 11.3726371 47.2688973)"
212,8.0,,,,25.671,,5,,6.000000000000001,"LINESTRING (11.3802182 47.2709544, 11.3798977 47.2708769)"
213,8.0,,,,64.6,,5,,6.000000000000001,"LINESTRING (11.3802182 47.2709544, 11.3807611 47.2711648, 11.3809423 47.271262)"
214,6.0,,,,115.416,,5,,4.0,"LINESTRING (11.3802182 47.2709544, 11.3804944 47.2705645, 11.3805343 47.2705284, 11.3805878 47.2705119, 11.3808666 47.2706049, 11.380982 47.2706289, 11.3812834 47.2707289)"
215,8.0,,,9.0,13.101,,5,,6.000000000000001,"LINESTRING (11.3815998 47.2719003, 11.3815171 47.2720039)"
216,8.0,,,,87.459,,5,,6.000000000000001,"LINESTRING (11.3815998 47.2719003, 11.3813582 47.2715803, 11.3811774 47.2714141, 11.3809423 47.271262)"
217,8.0,,,9.0,97.9,,5,,7.000000000000001,"LINESTRING (11.3815998 47.2719003, 11.3820794 47.271708, 11.3823354 47.2716648, 11.3824601 47.2716612, 11.3828119 47.2716665)"
218,8.0,,10.0,,30.625,9.0,10,,4.0,"LINESTRING (11.3822781 47.2666281, 11.3826485 47.2667407)"
219,6.0,,,,39.608,,5,,3.0000000000000004,"LINESTRING (11.3822781 47.2666281, 11.3820755 47.2669567)"
220,8.0,,10.0,,187.329,,5,,5.0,"LINESTRING (11.3844732 47.267479, 11.3841868 47.2677974, 11.3840305 47.2679548, 11.3834253 47.2685596, 11.3831429 47.2689002)"
221,8.0,,10.0,,228.38500000000002,,10,,4.0,"LINESTRING (11.3844732 47.267479, 11.3845973 47.2675539, 11.3847237 47.2676467, 11.3848346 47.267755, 11.3848943 47.26782, 11.3850208 47.2679797, 11.3851474 47.2680935, 11.3855447 47.268358, 11.3856041 47.2684012, 11.3856471 47.2684547, 11.3856447 47.2684981, 11.3856169 47.2685537, 11.3850638 47.2691239)"
222,8.0,,,,91.533,,5,,5.0,"LINESTRING (11.384604 47.2696007, 11.3836346 47.2691058)"
223,8.0,,10.0,,7.283,,10,,4.0,"LINESTRING (11.384604 47.2696007, 11.3845509 47.2696554)"
224,6.0,,10.0,9.0,22.397,,5,,6.000000000000001,"LINESTRING (11.3833549 47.2709331, 11.3836125 47.2710332)"
225,6.0,,10.0,9.0,74.931,,5,,6.000000000000001,"LINESTRING (11.3833549 47.2709331, 11.382656 47.2706594, 11.3824856 47.2706085)"
226,8.0,,,,33.783,,5,,7.000000000000001,"LINESTRING (11.3831429 47.2689002, 11.3829455 47.2688449, 11.3828437 47.2688308, 11.3827176 47.2688086)"
227,8.0,,,,43.59,,5,,6.000000000000001,"LINESTRING (11.3831429 47.2689002, 11.3834412 47.2690196, 11.3836346 47.2691058)"
228,8.0,,10.0,,187.329,,5,,5.0,"LINESTRING (11.3831429 47.2689002, 11.3834253 47.2685596, 11.3840305 47.2679548, 11.3841868 47.2677974, 11.3844732 47.267479)"
229,6.0,,10.0,9.0,13.226,,5,,6.000000000000001,"LINESTRING (11.3851893 47.2712516, 11.3853567 47.2712869)"
230,6.0,,10.0,9.0,51.75,,5,,6.000000000000001,"LINESTRING (11.3851893 47.2712516, 11.3849249 47.2712134, 11.384512 47.2711815)"
231,8.0,,10.0,,77.142,,5,,6.000000000000001,"LINESTRING (11.3851893 47.2712516, 11.3852731 47.2710946, 11.3853524 47.270887, 11.385488 47.2707905, 11.385671 47.2706616)"
232,6.0,,10.0,,29.537,,5,,7.000000000000001,"LINESTRING (11.3864709 47.2713014, 11.3865852 47.2713476, 11.3868429 47.2713609)"
233,6.0,,10.0,9.0,85.149,,5,,7.000000000000001,"LINESTRING (11.3864709 47.2713014, 11.3863937 47.2712794, 11.3862302 47.2712564, 11.386068 47.2712543, 11.3857097 47.2712496, 11.3853567 47.2712869)"
234,8.0,,10.0,,90.584,,5,,7.000000000000001,"LINESTRING (11.3864709 47.2713014, 11.3863541 47.271444, 11.3863403 47.2714502, 11.3862372 47.271497, 11.3855558 47.271806)"
235,6.0,,,,82.393,,5,,3.0000000000000004,"LINESTRING (11.3887666 47.2715593, 11.3896807 47.2711539)"
236,6.0,,,9.0,12.456,,10,,4.0,"LINESTRING (11.3887666 47.2715593, 11.3889181 47.2716038)"
237,6.0,,,9.0,19.099,,10,,4.0,"LINESTRING (11.3900478 47.2729876, 11.3902146 47.2731168)"
238,6.0,,,,55.417,,5,,3.0000000000000004,"LINESTRING (11.3900478 47.2729876, 11.3906193 47.2727574, 11.3906717 47.2727888)"
239,8.0,,4.0,,19.898,,5,,3.0000000000000004,"LINESTRING (11.3917458 47.2739863, 11.3915263 47.2740855)"
240,6.0,,,9.0,117.973,,10,,4.0,"LINESTRING (11.3917458 47.2739863, 11.3917906 47.2740507, 11.3918657 47.2741589, 11.3919297 47.2743698, 11.3919051 47.2746309, 11.3918759 47.274719, 11.3918511 47.2748507, 11.3918744 47.2749607, 11.3919336 47.2750039)"
241,6.0,,10.0,9.0,78.77,,5,,6.000000000000001,"LINESTRING (11.3934848 47.2744216, 11.3942557 47.2740835, 11.3943406 47.2740202)"
242,6.0,,10.0,9.0,48.262,,5,,6.000000000000001,"LINESTRING (11.3934848 47.2744216, 11.3933683 47.274542, 11.3931803 47.2747123, 11.3931043 47.2747698)"
243,6.0,,10.0,9.0,82.528,,5,,5.0,"LINESTRING (11.3943406 47.2740202, 11.3946761 47.2742615, 11.3950808 47.2745666)"
244,6.0,,,9.0,22.988,,5,,6.000000000000001,"LINESTRING (11.3943406 47.2740202, 11.3942249 47.2739184, 11.3941622 47.2738528)"
245,6.0,,10.0,9.0,78.77,,5,,5.0,"LINESTRING (11.3943406 47.2740202, 11.3942557 47.2740835, 11.3934848 47.2744216)"
246,6.0,,,9.0,10.351,,5,,6.000000000000001,"LINESTRING (11.393314 47.2728816, 11.3933829 47.2729621)"
247,6.0,,,,63.907,,5,,5.0,"LINESTRING (11.393314 47.2728816, 11.3929036 47.2730095, 11.3925438 47.2731208)"
248,6.0,,,9.0,64.469,,5,,6.000000000000001,"LINESTRING (11.393314 47.2728816, 11.3930163 47.2725465, 11.392803 47.2724257)"
249,6.0,,,,63.907,,5,,5.0,"LINESTRING (11.3925438 47.2731208, 11.3929036 47.2730095, 11.393314 47.2728816)"
250,8.0,,10.0,,161.309,,10,,4.0,"LINESTRING (11.3925438 47.2731208, 11.3926328 47.2732852, 11.3928106 47.2734917, 11.3931372 47.2739553, 11.3934848 47.2744216)"
251,8.0,,,,22.289,,5,,5.0,"LINESTRING (11.3921838 47.2721572, 11.3924296 47.272046)"
252,8.0,,10.0,,58.028,,10,,3.0000000000000004,"LINESTRING (11.3921838 47.2721572, 11.3920835 47.2716398)"
253,8.0,,10.0,,37.385,,10,,3.0000000000000004,"LINESTRING (11.3921838 47.2721572, 11.3922986 47.2724621, 11.3923087 47.2724825)"
254,8.0,,,,22.289,,5,,7.000000000000001,"LINESTRING (11.3924296 47.272046, 11.3921838 47.2721572)"
255,6.0,,,9.0,60.121,,5,,6.000000000000001,"LINESTRING (11.3924296 47.272046, 11.3921608 47.2716514, 11.3920953 47.2715552)"
256,6.0,,,9.0,51.43600000000001,,5,,7.000000000000001,"LINESTRING (11.3924296 47.272046, 11.3926942 47.2723688, 11.392803 47.2724257)"
257,8.0,,10.0,,36.236000000000004,,5,,7.000000000000001,"LINESTRING (11.3924296 47.272046, 11.3926805 47.2719517, 11.3928278 47.2718666)"
258,6.0,,10.0,9.0,50.709,10.0,10,,5.0,"LINESTRING (11.388292 47.2700725, 11.3877988 47.2703823)"
259,6.0,,,9.0,31.372999999999998,,5,,4.0,"LINESTRING (11.388292 47.2700725, 11.3883157 47.2701235, 11.3884702 47.2702139, 11.3883861 47.2702838)"
260,6.0,,,9.0,95.768,,5,,6.000000000000001,"LINESTRING (11.388292 47.2700725, 11.3885827 47.2702402, 11.3886091 47.2702445, 11.3886279 47.2702359, 11.3886744 47.2702044, 11.3888188 47.270149, 11.3892102 47.2698348)"
261,8.0,,,9.0,97.9,,5,,7.000000000000001,"LINESTRING (11.3828119 47.2716665, 11.3824601 47.2716612, 11.3823354 47.2716648, 11.3820794 47.271708, 11.3815998 47.2719003)"
262,8.0,,10.0,9.0,27.232999999999997,,5,,7.000000000000001,"LINESTRING (11.3828119 47.2716665, 11.3828292 47.2716084, 11.3828871 47.2715098, 11.3828963 47.2714776, 11.3828967 47.2714309)"
263,8.0,,10.0,,30.9,,5,,7.000000000000001,"LINESTRING (11.3828119 47.2716665, 11.3829265 47.2716691, 11.3829875 47.2716544, 11.3831482 47.2715426)"
264,8.0,,,,22.211999999999996,,5,,7.000000000000001,"LINESTRING (11.3828119 47.2716665, 11.3828378 47.2717177, 11.382934 47.2718, 11.3829457 47.2718398)"
265,8.0,,10.0,,22.679,,5,,6.000000000000001,"LINESTRING (11.3828967 47.2714309, 11.3831482 47.2715426)"
266,8.0,,10.0,9.0,27.233,,5,,7.000000000000001,"LINESTRING (11.3828967 47.2714309, 11.3828963 47.2714776, 11.3828871 47.2715098, 11.3828292 47.2716084, 11.3828119 47.2716665)"
267,8.0,,10.0,9.0,97.264,,5,,6.000000000000001,"LINESTRING (11.3828967 47.2714309, 11.3827556 47.271108, 11.3824763 47.2706542, 11.3824856 47.2706085)"
268,8.0,,10.0,9.0,93.47800000000001,,5,,6.000000000000001,"LINESTRING (11.3834077 47.2713296, 11.3835363 47.2713324, 11.383676 47.271362, 11.3842323 47.271574, 11.3845409 47.2716451)"
269,8.0,,10.0,,30.838,,5,,6.000000000000001,"LINESTRING (11.3834077 47.2713296, 11.383246 47.2714443, 11.3831482 47.2715426)"
270,8.0,,10.0,9.0,11.79,,5,,6.000000000000001,"LINESTRING (11.3846515 47.27172, 11.3845409 47.2716451)"
271,8.0,,10.0,9.0,10.773,,5,,6.000000000000001,"LINESTRING (11.3846515 47.27172, 11.3847918 47.271738)"
272,8.0,,10.0,9.0,92.893,,5,,4.0,"LINESTRING (11.3846515 47.27172, 11.3844094 47.2717681, 11.3840828 47.2718453, 11.3839455 47.2719245, 11.38384 47.2720248, 11.3836053 47.2721171)"
273,8.0,,10.0,9.0,10.773,,5,,6.000000000000001,"LINESTRING (11.3847918 47.271738, 11.3846515 47.27172)"
274,8.0,,10.0,,62.730000000000004,,5,,6.000000000000001,"LINESTRING (11.3847918 47.271738, 11.3850075 47.271857, 11.3855558 47.271806)"
275,8.0,,10.0,9.0,66.47,,5,,6.000000000000001,"LINESTRING (11.3847918 47.271738, 11.3850581 47.2715881, 11.3853567 47.2712869)"
276,8.0,,10.0,,8.874,,5,,6.000000000000001,"LINESTRING (11.385491 47.2718726, 11.3855558 47.271806)"
277,8.0,,10.0,,50.238,,5,,6.000000000000001,"LINESTRING (11.385491 47.2718726, 11.3851416 47.2722572)"
278,6.0,,,,213.645,,5,,6.000000000000001,"LINESTRING (11.385491 47.2718726, 11.3854384 47.2720532, 11.3855176 47.2723073, 11.3856262 47.2724103, 11.3859648 47.272543, 11.3859965 47.272631, 11.3869191 47.2729114, 11.3871967 47.2728918, 11.3872715 47.2728806, 11.3873498 47.2728386)"
279,8.0,,10.0,,50.238,,5,,6.000000000000001,"LINESTRING (11.3851416 47.2722572, 11.385491 47.2718726)"
280,8.0,,10.0,,21.509,,5,,4.0,"LINESTRING (11.3851416 47.2722572, 11.3849591 47.2724058)"
281,6.0,,,,63.278999999999996,,5,,4.0,"LINESTRING (11.3851416 47.2722572, 11.3851952 47.27235, 11.3852323 47.2725702, 11.3851996 47.2726683, 11.38516 47.2726969, 11.3850009 47.2726966)"
282,8.0,,10.0,,21.509,,5,,4.0,"LINESTRING (11.3849591 47.2724058, 11.3851416 47.2722572)"
283,8.0,,,,58.86,,5,,7.000000000000001,"LINESTRING (11.3832663 47.2723192, 11.3831721 47.2724042, 11.3829379 47.2725325, 11.3826582 47.2726413)"
284,8.0,,,,47.927,,5,,5.0,"LINESTRING (11.3832663 47.2723192, 11.3833663 47.2723376, 11.3838961 47.2723077)"
285,8.0,,,,60.55500000000001,,5,,6.000000000000001,"LINESTRING (11.3832663 47.2723192, 11.3832215 47.2722894, 11.3831958 47.2721205, 11.3831751 47.2720572, 11.3829457 47.2718398)"
286,8.0,,,,58.86000000000001,,5,,7.000000000000001,"LINESTRING (11.3826582 47.2726413, 11.3829379 47.2725325, 11.3831721 47.2724042, 11.3832663 47.2723192)"
287,8.0,,,,44.088,,5,,5.0,"LINESTRING (11.3826582 47.2726413, 11.3823722 47.2728304, 11.3822283 47.2729093)"
288,8.0,,,,39.649,,5,,7.000000000000001,"LINESTRING (11.3826582 47.2726413, 11.3826008 47.2724734, 11.3826497 47.2722922)"
289,8.0,,,,113.57400000000001,,5,,7.000000000000001,"LINESTRING (11.3826582 47.2726413, 11.382616 47.2725871, 11.3824505 47.2725168, 11.3823161 47.2724369, 11.3821287 47.2722775, 11.3818891 47.2721369, 11.3817712 47.272113, 11.3815171 47.2720039)"
290,8.0,,10.0,,22.679,,5,,6.000000000000001,"LINESTRING (11.3831482 47.2715426, 11.3828967 47.2714309)"
291,8.0,,10.0,,30.9,,5,,7.000000000000001,"LINESTRING (11.3831482 47.2715426, 11.3829875 47.2716544, 11.3829265 47.2716691, 11.3828119 47.2716665)"
292,8.0,,10.0,,30.838,,5,,5.0,"LINESTRING (11.3831482 47.2715426, 11.383246 47.2714443, 11.3834077 47.2713296)"
293,6.0,,10.0,,29.537,,5,,5.0,"LINESTRING (11.3868429 47.2713609, 11.3865852 47.2713476, 11.3864709 47.2713014)"
294,6.0,,10.0,9.0,51.701,,10,,4.0,"LINESTRING (11.3868429 47.2713609, 11.3869671 47.2713641, 11.3871125 47.2713669, 11.3875277 47.2713774)"
295,6.0,,,,173.55300000000003,,5,,5.0,"LINESTRING (11.3868429 47.2713609, 11.3869176 47.2714761, 11.3870033 47.2715553, 11.3870535 47.2716094, 11.387106 47.2716766, 11.387163 47.2717597, 11.3871942 47.2718108, 11.3872209 47.2718568, 11.387244 47.2719045, 11.3872613 47.2719478, 11.3872824 47.2720039, 11.3872976 47.2720601, 11.3873074 47.2721025, 11.3873215 47.2721599, 11.3873297 47.2722189, 11.3873303 47.2722841, 11.3873268 47.2723386, 11.3873233 47.2724354, 11.3873151 47.2725314, 11.3872921 47.2726769, 11.3872901 47.2727218, 11.3872947 47.2727571, 11.3873077 47.2727892, 11.3873283 47.2728134, 11.3873498 47.2728386)"
296,6.0,,,,213.645,,5,,6.000000000000001,"LINESTRING (11.3873498 47.2728386, 11.3872715 47.2728806, 11.3871967 47.2728918, 11.3869191 47.2729114, 11.3859965 47.272631, 11.3859648 47.272543, 11.3856262 47.2724103, 11.3855176 47.2723073, 11.3854384 47.2720532, 11.385491 47.2718726)"
297,6.0,,,,142.58399999999997,,5,,6.000000000000001,"LINESTRING (11.3873498 47.2728386, 11.3873799 47.2728638, 11.3874155 47.2728785, 11.3874599 47.2728844, 11.3875037 47.2728871, 11.3878732 47.272874, 11.3879679 47.2728758, 11.3880639 47.2728809, 11.3881368 47.2728873, 11.3882134 47.2728977, 11.3882872 47.2729125, 11.3883586 47.2729289, 11.3884491 47.272955, 11.3885129 47.2729759, 11.3885677 47.2729978, 11.3886296 47.273027, 11.3887045 47.2730632, 11.3888286 47.2731415, 11.388887 47.2731824, 11.3889264 47.273215, 11.389003 47.2732867)"
298,6.0,,,,173.55300000000003,,5,,6.000000000000001,"LINESTRING (11.3873498 47.2728386, 11.3873283 47.2728134, 11.3873077 47.2727892, 11.3872947 47.2727571, 11.3872901 47.2727218, 11.3872921 47.2726769, 11.3873151 47.2725314, 11.3873233 47.2724354, 11.3873268 47.2723386, 11.3873303 47.2722841, 11.3873297 47.2722189, 11.3873215 47.2721599, 11.3873074 47.2721025, 11.3872976 47.2720601, 11.3872824 47.2720039, 11.3872613 47.2719478, 11.387244 47.2719045, 11.3872209 47.2718568, 11.3871942 47.2718108, 11.387163 47.2717597, 11.387106 47.2716766, 11.3870535 47.2716094, 11.3870033 47.2715553, 11.3869176 47.2714761, 11.3868429 47.2713609)"
299,8.0,,,,169.286,,5,,4.0,"LINESTRING (11.389003 47.2732867, 11.3889271 47.2732969, 11.3888246 47.273272, 11.3887216 47.2732645, 11.3885836 47.2732686, 11.3884221 47.273288, 11.3882847 47.2732741, 11.3882413 47.2732776, 11.388204 47.2732986, 11.3880998 47.2734885, 11.3879706 47.2736787, 11.3878191 47.2738265, 11.3875893 47.2739706, 11.38738 47.2740433)"
300,6.0,,,,159.959,,5,,7.000000000000001,"LINESTRING (11.389003 47.2732867, 11.3890802 47.2733673, 11.389137 47.2734397, 11.3891877 47.2735121, 11.389268 47.2736383, 11.3893423 47.2737644, 11.3893784 47.2738466, 11.3894084 47.2739276, 11.3894253 47.2739951, 11.3894357 47.274047, 11.3894455 47.2741014, 11.3894532 47.2741653, 11.3894565 47.2742117, 11.3894594 47.2743298, 11.3894546 47.2743842, 11.3894461 47.2744322, 11.3894036 47.2746609)"
301,6.0,,,,142.58400000000003,,5,,6.000000000000001,"LINESTRING (11.389003 47.2732867, 11.3889264 47.273215, 11.388887 47.2731824, 11.3888286 47.2731415, 11.3887045 47.2730632, 11.3886296 47.273027, 11.3885677 47.2729978, 11.3885129 47.2729759, 11.3884491 47.272955, 11.3883586 47.2729289, 11.3882872 47.2729125, 11.3882134 47.2728977, 11.3881368 47.2728873, 11.3880639 47.2728809, 11.3879679 47.2728758, 11.3878732 47.272874, 11.3875037 47.2728871, 11.3874599 47.2728844, 11.3874155 47.2728785, 11.3873799 47.2728638, 11.3873498 47.2728386)"
302,6.0,,,,65.432,,5,,5.0,"LINESTRING (11.3894036 47.2746609, 11.3894739 47.2747191, 11.3895692 47.2747948, 11.389624 47.2748024, 11.3896806 47.2747929, 11.3898857 47.2746699, 11.3899357 47.2746253, 11.3899389 47.2745963, 11.3898857 47.2745419)"
303,6.0,,,,78.287,,5,,8.0,"LINESTRING (11.3894036 47.2746609, 11.3893793 47.2747758, 11.3893593 47.2748506, 11.389343 47.2748872, 11.3893113 47.2749501, 11.3892171 47.2751213, 11.3891821 47.2751914, 11.3891699 47.2752313, 11.3891679 47.2752591, 11.3891702 47.275284, 11.3891909 47.2753392)"
304,6.0,,,,159.95900000000003,,5,,7.000000000000001,"LINESTRING (11.3894036 47.2746609, 11.3894461 47.2744322, 11.3894546 47.2743842, 11.3894594 47.2743298, 11.3894565 47.2742117, 11.3894532 47.2741653, 11.3894455 47.2741014, 11.3894357 47.274047, 11.3894253 47.2739951, 11.3894084 47.2739276, 11.3893784 47.2738466, 11.3893423 47.2737644, 11.389268 47.2736383, 11.3891877 47.2735121, 11.389137 47.2734397, 11.3890802 47.2733673, 11.389003 47.2732867)"
305,8.0,,,,125.686,,5,,7.000000000000001,"LINESTRING (11.3894036 47.2746609, 11.3886235 47.274932, 11.3879213 47.2751768)"
306,6.0,,,,25.706,,5,,7.000000000000001,"LINESTRING (11.3891909 47.2753392, 11.3893009 47.2753535, 11.3895296 47.2753561)"
307,5.0,,,,21.009,,5,,7.000000000000001,"LINESTRING (11.3891909 47.2753392, 11.3891061 47.2753722, 11.3889373 47.275416)"
308,6.0,,,,78.922,,5,,7.000000000000001,"LINESTRING (11.3891909 47.2753392, 11.3892621 47.2754555, 11.3893453 47.2755792, 11.3893941 47.2756677, 11.3894272 47.2757291, 11.3894413 47.2757682, 11.3894483 47.2758089, 11.3894494 47.2758751, 11.3894434 47.2760156)"
309,6.0,,,,78.287,,5,,8.0,"LINESTRING (11.3891909 47.2753392, 11.3891702 47.275284, 11.3891679 47.2752591, 11.3891699 47.2752313, 11.3891821 47.2751914, 11.3892171 47.2751213, 11.3893113 47.2749501, 11.389343 47.2748872, 11.3893593 47.2748506, 11.3893793 47.2747758, 11.3894036 47.2746609)"
310,8.0,,,,28.2,,5,,6.000000000000001,"LINESTRING (11.3864729 47.2746798, 11.386317 47.2744493)"
311,6.0,,,,163.57899999999998,,5,,6.000000000000001,"LINESTRING (11.3864729 47.2746798, 11.3864209 47.2746914, 11.3863716 47.2747131, 11.3863319 47.2747535, 11.3863167 47.2747966, 11.3863253 47.2748411, 11.3863545 47.2748765, 11.3864069 47.2749088, 11.3866908 47.2750092, 11.3867479 47.2750356, 11.3868013 47.2750644, 11.3868537 47.2751026, 11.3869025 47.27514, 11.3869498 47.2751883, 11.3869876 47.2752373, 11.3870234 47.2752866, 11.3870528 47.2753331, 11.3870763 47.2753731, 11.3870979 47.2754148, 11.3871103 47.2754481, 11.3871203 47.2754822, 11.3871295 47.275522, 11.3871366 47.27555, 11.3871414 47.2755772, 11.3871412 47.2756194, 11.3871357 47.2756596, 11.387123 47.2757006, 11.3871084 47.2757418, 11.3870952 47.2757695, 11.3870759 47.2757973, 11.3870566 47.275821, 11.3870349 47.2758473)"
312,6.0,,,,65.767,,5,,7.000000000000001,"LINESTRING (11.3864729 47.2746798, 11.3865294 47.2746821, 11.3865916 47.2746985, 11.3866394 47.27472, 11.3867049 47.2747624, 11.386867 47.2748866, 11.3870985 47.2750701)"
313,5.0,,,,31.445,,5,,7.000000000000001,"LINESTRING (11.3870349 47.2758473, 11.3869487 47.2760552, 11.3869241 47.2761199)"
314,6.0,,,,77.215,,5,,7.000000000000001,"LINESTRING (11.3870349 47.2758473, 11.3870148 47.2758697, 11.3869948 47.2758897, 11.3869642 47.2759133, 11.3869212 47.275941, 11.3866437 47.2760788, 11.3865504 47.2761292, 11.3864692 47.2761763, 11.3864425 47.2761961, 11.3864194 47.2762183, 11.3863883 47.2762501, 11.3863641 47.276287, 11.3863571 47.2763129, 11.3863549 47.2763396)"
315,6.0,,,,163.57900000000004,,5,,6.000000000000001,"LINESTRING (11.3870349 47.2758473, 11.3870566 47.275821, 11.3870759 47.2757973, 11.3870952 47.2757695, 11.3871084 47.2757418, 11.387123 47.2757006, 11.3871357 47.2756596, 11.3871412 47.2756194, 11.3871414 47.2755772, 11.3871366 47.27555, 11.3871295 47.275522, 11.3871203 47.2754822, 11.3871103 47.2754481, 11.3870979 47.2754148, 11.3870763 47.2753731, 11.3870528 47.2753331, 11.3870234 47.2752866, 11.3869876 47.2752373, 11.3869498 47.2751883, 11.3869025 47.27514, 11.3868537 47.2751026, 11.3868013 47.2750644, 11.3867479 47.2750356, 11.3866908 47.2750092, 11.3864069 47.2749088, 11.3863545 47.2748765, 11.3863253 47.2748411, 11.3863167 47.2747966, 11.3863319 47.2747535, 11.3863716 47.2747131, 11.3864209 47.2746914, 11.3864729 47.2746798)"
316,6.0,,,,40.537,,5,,6.000000000000001,"LINESTRING (11.3863595 47.2764126, 11.3861928 47.2765119, 11.3858916 47.2765756)"
317,6.0,,,,72.833,,5,,6.000000000000001,"LINESTRING (11.3863595 47.2764126, 11.3863727 47.2764511, 11.3863931 47.2764871, 11.3864147 47.2765151, 11.3864512 47.2765503, 11.3864961 47.2765822, 11.3865499 47.2766057, 11.3866098 47.276626, 11.3866789 47.2766397, 11.3867601 47.2766501, 11.3871484 47.2766727)"
318,6.0,,,,8.137,,5,,7.000000000000001,"LINESTRING (11.3863595 47.2764126, 11.3863542 47.2763765, 11.3863549 47.2763396)"
319,6.0,,,,73.004,,5,,6.000000000000001,"LINESTRING (11.3878603 47.2770306, 11.3877189 47.2771989, 11.3875976 47.277269, 11.3874175 47.2773251, 11.3872439 47.2773046, 11.3870956 47.2773002)"
320,6.0,,,,185.08100000000002,,5,,6.000000000000001,"LINESTRING (11.3878603 47.2770306, 11.3879598 47.2771415, 11.387998 47.277189, 11.388028 47.277233, 11.3880544 47.2772769, 11.3880808 47.277325, 11.3881048 47.2773772, 11.3881259 47.2774266, 11.3881433 47.277476, 11.3881578 47.2775267, 11.3881748 47.2776017, 11.3881861 47.2776606, 11.3881893 47.2777245, 11.3881866 47.2777756, 11.3881816 47.2778275, 11.3881727 47.2778908, 11.3881639 47.2779313, 11.3881451 47.2779963, 11.3881215 47.2780596, 11.3880885 47.2781199, 11.3880483 47.2781762, 11.3879377 47.2783235, 11.3878174 47.2784703, 11.3877268 47.2785805)"
321,6.0,,,,69.226,,5,,6.000000000000001,"LINESTRING (11.3878603 47.2770306, 11.3877735 47.2769469, 11.387731 47.2769104, 11.3876774 47.2768668, 11.387622 47.2768295, 11.3875666 47.276797, 11.3875065 47.2767678, 11.3874566 47.2767439, 11.3874005 47.276723, 11.3873371 47.2767029, 11.3872716 47.2766886, 11.3872106 47.2766794, 11.3871484 47.2766727)"
322,6.0,,,,82.393,,5,,3.0000000000000004,"LINESTRING (11.3896807 47.2711539, 11.3887666 47.2715593)"
323,8.0,,,,41.923,,5,,5.0,"LINESTRING (11.3905644 47.2733484, 11.3906841 47.2735743, 11.3908114 47.2736806)"
324,6.0,,,9.0,114.17699999999999,,10,,4.0,"LINESTRING (11.3905644 47.2733484, 11.3910907 47.27361, 11.391509 47.2738211, 11.3917458 47.2739863)"
325,6.0,,,,80.214,,5,,4.0,"LINESTRING (11.3899075 47.2755531, 11.3900142 47.2756594, 11.390204 47.276009, 11.3903158 47.2761504, 11.39037 47.2761975)"
326,6.0,,,,36.501000000000005,,5,,6.000000000000001,"LINESTRING (11.3899075 47.2755531, 11.3897494 47.2754407, 11.3896532 47.2753909, 11.3895296 47.2753561)"
327,6.0,,,,90.56700000000001,,5,,4.0,"LINESTRING (11.3899075 47.2755531, 11.389981 47.2755361, 11.3900016 47.2755359, 11.390025 47.2755401, 11.3900445 47.2755496, 11.3900614 47.2755645, 11.3900739 47.2755816, 11.3900849 47.2756038, 11.3901031 47.2756635, 11.3901108 47.2756811, 11.3901197 47.2756944, 11.3901318 47.2757061, 11.3901508 47.2757175, 11.3901688 47.2757257, 11.3901929 47.2757325, 11.3906105 47.2757329, 11.3906313 47.2757316, 11.3906492 47.2757285, 11.3906615 47.2757217, 11.3906659 47.2757107, 11.3906675 47.2756987, 11.3906557 47.2755472)"
328,6.0,,10.0,9.0,5.743,,5,,5.0,"LINESTRING (11.3919336 47.2750039, 11.3920085 47.2750131)"
329,8.0,,10.0,,121.384,,5,,6.000000000000001,"LINESTRING (11.3919336 47.2750039, 11.3917102 47.2755462, 11.3916007 47.275879, 11.3915288 47.2760601)"
330,6.0,,10.0,9.0,5.743,,5,,5.0,"LINESTRING (11.3920085 47.2750131, 11.3919336 47.2750039)"
331,6.0,,10.0,9.0,87.832,,5,,6.000000000000001,"LINESTRING (11.3920085 47.2750131, 11.3921518 47.2749788, 11.392551 47.2749066, 11.3928345 47.2748697, 11.3929843 47.2748311, 11.3931043 47.2747698)"
332,8.0,,10.0,,133.726,,10,,4.0,"LINESTRING (11.3933315 47.2757742, 11.3929435 47.275445, 11.3927609 47.2753268, 11.3925203 47.2752104, 11.3920614 47.2750713, 11.3920085 47.2750131)"
333,8.0,,,,107.513,,5,,5.0,"LINESTRING (11.3933315 47.2757742, 11.393376 47.2755949, 11.3933214 47.2752357, 11.3932436 47.275, 11.3931682 47.2748249)"
334,8.0,,,,139.733,,5,,5.0,"LINESTRING (11.3933315 47.2757742, 11.3933772 47.275856, 11.3934604 47.2760052, 11.3936915 47.2762097, 11.3940044 47.2763686, 11.3940737 47.2764233, 11.3944722 47.2767377)"
335,8.0,,10.0,,7.002,,5,,6.000000000000001,"LINESTRING (11.3915288 47.2760601, 11.3915187 47.2761227)"
336,8.0,,,,60.724,,5,,6.000000000000001,"LINESTRING (11.3915288 47.2760601, 11.3916028 47.2760763, 11.3916265 47.2760803, 11.3916501 47.2760821, 11.3916743 47.2760807, 11.391696 47.2760729, 11.3917169 47.2760558, 11.391737 47.276031, 11.3917925 47.2759251, 11.3919131 47.2757062, 11.3919391 47.2756808)"
337,8.0,,10.0,,121.38400000000001,,5,,5.0,"LINESTRING (11.3915288 47.2760601, 11.3916007 47.275879, 11.3917102 47.2755462, 11.3919336 47.2750039)"
338,8.0,,,,69.657,,5,,6.000000000000001,"LINESTRING (11.3919391 47.2756808, 11.3919692 47.2756642, 11.3920048 47.2756551, 11.3920416 47.2756526, 11.3920783 47.2756575, 11.3921126 47.2756695, 11.3921359 47.2756927, 11.3921416 47.2757186, 11.3921345 47.2757457, 11.3920498 47.2758661, 11.3919934 47.2759514, 11.3919697 47.276007, 11.3919555 47.2760724, 11.3919439 47.2761369)"
339,8.0,,,,60.724,,5,,6.000000000000001,"LINESTRING (11.3919391 47.2756808, 11.3919131 47.2757062, 11.3917925 47.2759251, 11.391737 47.276031, 11.3917169 47.2760558, 11.391696 47.2760729, 11.3916743 47.2760807, 11.3916501 47.2760821, 11.3916265 47.2760803, 11.3916028 47.2760763, 11.3915288 47.2760601)"
340,6.0,,,,68.77,,5,,4.0,"LINESTRING (11.3919391 47.2756808, 11.3919662 47.275636, 11.3919903 47.2756154, 11.3920246 47.2756025, 11.3920677 47.2755973, 11.3921109 47.2756025, 11.3921515 47.2756128, 11.3921908 47.2756283, 11.3922352 47.2756446, 11.3924001 47.2756937, 11.3926349 47.2758745)"
341,8.0,,,,133.935,,5,,6.000000000000001,"LINESTRING (11.3919439 47.2761369, 11.3919395 47.2761772, 11.3919381 47.276226, 11.3919406 47.2763384, 11.391944 47.2766311, 11.3919525 47.2767043, 11.3919655 47.2767776, 11.391984 47.2768354, 11.3920078 47.2768844, 11.3920288 47.2769247, 11.3920562 47.276964, 11.3920926 47.2770102, 11.3921501 47.2770703, 11.3922106 47.2771233, 11.3922712 47.2771738, 11.3923452 47.2772319, 11.3923828 47.2772528)"
342,8.0,,,,69.65700000000001,,5,,6.000000000000001,"LINESTRING (11.3919439 47.2761369, 11.3919555 47.2760724, 11.3919697 47.276007, 11.3919934 47.2759514, 11.3920498 47.2758661, 11.3921345 47.2757457, 11.3921416 47.2757186, 11.3921359 47.2756927, 11.3921126 47.2756695, 11.3920783 47.2756575, 11.3920416 47.2756526, 11.3920048 47.2756551, 11.3919692 47.2756642, 11.3919391 47.2756808)"
343,8.0,,,,102.481,,5,,6.000000000000001,"LINESTRING (11.3919439 47.2761369, 11.392196 47.2763061, 11.392929 47.2767714)"
344,8.0,,,,102.481,,5,,6.000000000000001,"LINESTRING (11.392929 47.2767714, 11.392196 47.2763061, 11.3919439 47.2761369)"
345,8.0,,,,114.18500000000002,,5,,6.000000000000001,"LINESTRING (11.392929 47.2767714, 11.3930515 47.2768654, 11.3930835 47.2768944, 11.3931 47.2769178, 11.3931218 47.2769473, 11.393141 47.2769883, 11.3931508 47.2770266, 11.3931539 47.2770671, 11.3931494 47.2771042, 11.3931327 47.2771383, 11.3931065 47.2771776, 11.3930735 47.277213, 11.3930361 47.2772446, 11.3930001 47.2772675, 11.3929567 47.2772883, 11.3929161 47.2773057, 11.3928638 47.2773182, 11.3928195 47.2773282, 11.3927685 47.2773322, 11.3926992 47.2773339, 11.3926546 47.2773317, 11.3926111 47.2773256, 11.3925644 47.2773129, 11.3925181 47.2772985, 11.3924654 47.2772835, 11.3923828 47.2772528)"
346,6.0,,,,44.608,,5,,4.0,"LINESTRING (11.392929 47.2767714, 11.3929768 47.2767496, 11.3931116 47.2767717, 11.3932286 47.2766943, 11.3933989 47.2768008)"
347,8.0,,,,114.185,,5,,6.000000000000001,"LINESTRING (11.3923828 47.2772528, 11.3924654 47.2772835, 11.3925181 47.2772985, 11.3925644 47.2773129, 11.3926111 47.2773256, 11.3926546 47.2773317, 11.3926992 47.2773339, 11.3927685 47.2773322, 11.3928195 47.2773282, 11.3928638 47.2773182, 11.3929161 47.2773057, 11.3929567 47.2772883, 11.3930001 47.2772675, 11.3930361 47.2772446, 11.3930735 47.277213, 11.3931065 47.2771776, 11.3931327 47.2771383, 11.3931494 47.2771042, 11.3931539 47.2770671, 11.3931508 47.2770266, 11.393141 47.2769883, 11.3931218 47.2769473, 11.3931 47.2769178, 11.3930835 47.2768944, 11.3930515 47.2768654, 11.392929 47.2767714)"
348,8.0,,,,133.93499999999997,,5,,6.000000000000001,"LINESTRING (11.3923828 47.2772528, 11.3923452 47.2772319, 11.3922712 47.2771738, 11.3922106 47.2771233, 11.3921501 47.2770703, 11.3920926 47.2770102, 11.3920562 47.276964, 11.3920288 47.2769247, 11.3920078 47.2768844, 11.391984 47.2768354, 11.3919655 47.2767776, 11.3919525 47.2767043, 11.391944 47.2766311, 11.3919406 47.2763384, 11.3919381 47.276226, 11.3919395 47.2761772, 11.3919439 47.2761369)"
349,6.0,,,,44.786,,5,,6.000000000000001,"LINESTRING (11.3923828 47.2772528, 11.3925059 47.2773398, 11.3928579 47.2774901)"
350,8.0,,10.0,,10.368,,5,,4.0,"LINESTRING (11.3905861 47.2765433, 11.3907227 47.2765331)"
351,8.0,,,,7.796,,5,,6.000000000000001,"LINESTRING (11.3931043 47.2747698, 11.3931682 47.2748249)"
352,6.0,,10.0,9.0,87.832,,5,,5.0,"LINESTRING (11.3931043 47.2747698, 11.3929843 47.2748311, 11.3928345 47.2748697, 11.392551 47.2749066, 11.3921518 47.2749788, 11.3920085 47.2750131)"
353,6.0,,10.0,9.0,48.262,,5,,5.0,"LINESTRING (11.3931043 47.2747698, 11.3931803 47.2747123, 11.3933683 47.274542, 11.3934848 47.2744216)"
354,6.0,,,,22.639,,5,,6.000000000000001,"LINESTRING (11.3857252 47.2781578, 11.3856706 47.278358)"
355,6.0,,,,68.089,,5,,7.000000000000001,"LINESTRING (11.3857252 47.2781578, 11.3857843 47.278038, 11.3859647 47.2778524, 11.3860572 47.277719, 11.3861564 47.2776242)"
356,6.0,,,,42.496,,5,,5.0,"LINESTRING (11.3857252 47.2781578, 11.3858005 47.2781262, 11.3860764 47.277922, 11.3861334 47.2778988)"
357,6.0,,,,40.372,,5,,7.000000000000001,"LINESTRING (11.3857252 47.2781578, 11.3855967 47.2780713, 11.3854914 47.2778419)"
358,6.0,,,,22.639,,5,,6.000000000000001,"LINESTRING (11.3856706 47.278358, 11.3857252 47.2781578)"
359,6.0,,,,327.698,,5,,5.0,"LINESTRING (11.3856706 47.278358, 11.3856023 47.2784023, 11.3854554 47.278449, 11.3850517 47.2784664, 11.3847731 47.2785283, 11.3846086 47.2785459, 11.3843536 47.2785097, 11.3841488 47.2784901, 11.383892 47.2784898, 11.3836097 47.2785177, 11.3830482 47.2785011, 11.3827973 47.2785217, 11.3826214 47.2786093, 11.3824228 47.2788569, 11.3818649 47.2792121)"
360,6.0,,,,80.37800000000001,,5,,7.000000000000001,"LINESTRING (11.3854387 47.2766626, 11.3854063 47.2766018, 11.3854108 47.2765361, 11.3854686 47.2764761, 11.3857088 47.2762922, 11.3857529 47.2762199, 11.3857489 47.276143, 11.3856606 47.2760392)"
361,6.0,,,,36.035,,5,,7.000000000000001,"LINESTRING (11.3854387 47.2766626, 11.3856196 47.2766556, 11.3858916 47.2765756)"
362,6.0,,,,35.457,,5,,5.0,"LINESTRING (11.3854387 47.2766626, 11.3854453 47.276694, 11.3857298 47.2767794, 11.3858082 47.2768338)"
363,6.0,,,,167.92000000000004,,5,,7.000000000000001,"LINESTRING (11.3854387 47.2766626, 11.3851836 47.276733, 11.3849926 47.2768155, 11.3848508 47.2768993, 11.3848058 47.2769333, 11.3847656 47.2769636, 11.3847 47.2769492, 11.3846204 47.2769594, 11.3844572 47.2770248, 11.3843513 47.2769904, 11.3843341 47.2769297, 11.3844475 47.2768236, 11.3844433 47.276773, 11.3843867 47.2767249, 11.3842476 47.2766635, 11.3841534 47.2765677, 11.3840164 47.2766316)"
364,8.0,,4.0,,154.18699999999998,,10,,3.0000000000000004,"LINESTRING (11.3838961 47.2723077, 11.383852 47.2725504, 11.3838968 47.2726391, 11.3839632 47.2727704, 11.3844107 47.2731153, 11.3850086 47.2733101)"
365,8.0,,,,47.927,,5,,4.0,"LINESTRING (11.3838961 47.2723077, 11.3833663 47.2723376, 11.3832663 47.2723192)"
366,8.0,,4.0,,34.707,,10,,3.0000000000000004,"LINESTRING (11.3850086 47.2733101, 11.3854196 47.2734503)"
367,5.0,,,,206.41099999999994,,5,,7.000000000000001,"LINESTRING (11.3850086 47.2733101, 11.3847015 47.2733392, 11.384583 47.2734341, 11.3845269 47.273603, 11.3844569 47.2737372, 11.3843586 47.273878, 11.3841815 47.2739899, 11.3840433 47.2740097, 11.3839093 47.2739717, 11.3837698 47.2738961, 11.3835955 47.273868, 11.3833995 47.2738803, 11.3831851 47.2739917, 11.3829962 47.2740241)"
368,8.0,,,9.0,14.97,,5,,6.000000000000001,"LINESTRING (11.3812841 47.2723569, 11.3812365 47.2724876)"
369,8.0,,,9.0,43.009,,5,,6.000000000000001,"LINESTRING (11.3812841 47.2723569, 11.3815171 47.2720039)"
370,6.0,,,,238.04200000000003,,5,,4.0,"LINESTRING (11.3812841 47.2723569, 11.3811407 47.2723302, 11.3805904 47.271892, 11.3800624 47.2715596, 11.379587 47.2713488, 11.3793855 47.271316, 11.3791831 47.2712589, 11.3789909 47.2711907, 11.3787767 47.271141)"
371,8.0,,,9.0,14.97,,5,,6.000000000000001,"LINESTRING (11.3812365 47.2724876, 11.3812841 47.2723569)"
372,8.0,,,,114.801,,5,,6.000000000000001,"LINESTRING (11.3812365 47.2724876, 11.3809662 47.2725678, 11.3807982 47.2725928, 11.3805548 47.2725573, 11.3800345 47.2723949, 11.379813 47.272346)"
373,8.0,,,9.0,45.539,,5,,6.000000000000001,"LINESTRING (11.3812365 47.2724876, 11.3811891 47.2727077, 11.381098 47.2728843)"
374,8.0,,,,26.999,,5,,6.000000000000001,"LINESTRING (11.3793449 47.2722653, 11.3792064 47.2722009, 11.3790276 47.2721574)"
375,8.0,,,,37.344,,5,,6.000000000000001,"LINESTRING (11.3793449 47.2722653, 11.3794284 47.2723073, 11.3795546 47.2723335, 11.379813 47.272346)"
376,6.0,,,,20.886,,5,,6.000000000000001,"LINESTRING (11.3793449 47.2722653, 11.3794194 47.2721462, 11.3794229 47.2720878)"
377,8.0,,,,50.678,,5,,6.000000000000001,"LINESTRING (11.3790276 47.2721574, 11.3783913 47.2720114)"
378,8.0,,,,26.999,,5,,6.000000000000001,"LINESTRING (11.3790276 47.2721574, 11.3792064 47.2722009, 11.3793449 47.2722653)"
379,6.0,,,,69.64,,5,,6.000000000000001,"LINESTRING (11.3790276 47.2721574, 11.3790061 47.2722735, 11.3790517 47.2723252, 11.3791859 47.2723898, 11.3792879 47.2725946, 11.3793825 47.2726573, 11.3793858 47.2726887)"
380,8.0,,,,23.502,,5,,6.000000000000001,"LINESTRING (11.378129 47.2718974, 11.3783913 47.2720114)"
381,6.0,,,,139.796,,5,,6.000000000000001,"LINESTRING (11.378129 47.2718974, 11.3780465 47.2718226, 11.3778042 47.2716512, 11.3775669 47.2715619, 11.3775064 47.2715088, 11.3774913 47.2714121, 11.3775427 47.2712892, 11.3774817 47.2712042, 11.3773922 47.2710019, 11.3772891 47.2708757)"
382,8.0,,,,137.56,,5,,7.000000000000001,"LINESTRING (11.378129 47.2718974, 11.3779704 47.2718627, 11.3779195 47.2718459, 11.3776149 47.271716, 11.3773853 47.271651, 11.3772808 47.2715758, 11.3772214 47.2715003, 11.3771909 47.2713493, 11.3771875 47.2713273, 11.3771593 47.2711422, 11.3770903 47.2710283)"
383,6.0,,,,109.193,,5,,6.000000000000001,"LINESTRING (11.3793858 47.2726887, 11.379356 47.2727235, 11.3791044 47.2727757, 11.3784922 47.2730428, 11.378323 47.2730948, 11.3781698 47.2731063, 11.378141 47.2731398)"
384,6.0,,,,69.64,,5,,6.000000000000001,"LINESTRING (11.3793858 47.2726887, 11.3793825 47.2726573, 11.3792879 47.2725946, 11.3791859 47.2723898, 11.3790517 47.2723252, 11.3790061 47.2722735, 11.3790276 47.2721574)"
385,5.0,,,,126.115,,5,,4.0,"LINESTRING (11.3793858 47.2726887, 11.3796195 47.2727477, 11.3801002 47.2727826, 11.380392 47.2729573, 11.3806115 47.2732992)"
386,6.0,,,,214.601,,5,,6.000000000000001,"LINESTRING (11.378141 47.2731398, 11.3782033 47.2732126, 11.3783323 47.2732491, 11.3785466 47.2732136, 11.3788246 47.2731629, 11.3789269 47.2731566, 11.3789885 47.2731795, 11.3789935 47.2732025, 11.378954 47.2732219, 11.3785103 47.2733759, 11.3783118 47.2735824, 11.3781669 47.273652, 11.3778462 47.2736862, 11.3774605 47.2738464)"
387,5.0,,,,96.06299999999999,,5,,6.000000000000001,"LINESTRING (11.378141 47.2731398, 11.3780402 47.2733184, 11.3779801 47.2734698, 11.3774605 47.2738464)"
388,6.0,,,,109.19299999999998,,5,,6.000000000000001,"LINESTRING (11.378141 47.2731398, 11.3781698 47.2731063, 11.378323 47.2730948, 11.3784922 47.2730428, 11.3791044 47.2727757, 11.379356 47.2727235, 11.3793858 47.2726887)"
389,8.0,,,,90.84400000000001,,5,,6.000000000000001,"LINESTRING (11.3759224 47.2710301, 11.3757449 47.2710653, 11.3756685 47.2711071, 11.3755921 47.2712709, 11.3753029 47.2716296, 11.375257 47.271661)"
390,8.0,,,,90.619,,5,,7.000000000000001,"LINESTRING (11.3759224 47.2710301, 11.376154 47.2710034, 11.3765416 47.2709578, 11.3769406 47.2709689, 11.3770903 47.2710283)"
391,6.0,,,,33.336999999999996,,5,,4.0,"LINESTRING (11.3759224 47.2710301, 11.3757425 47.2710184, 11.3756439 47.2710519, 11.3755797 47.2711069, 11.3755502 47.2711321)"
392,5.0,,,,214.07399999999998,,5,,6.000000000000001,"LINESTRING (11.375257 47.271661, 11.3751343 47.2716915, 11.3749905 47.2716927, 11.3748718 47.2716699, 11.3745987 47.2715824, 11.3742924 47.2715627, 11.3739483 47.2715942, 11.3735904 47.2714084, 11.3735646 47.271321, 11.3736669 47.2711459, 11.373626 47.2708265, 11.373556 47.2707361)"
393,5.0,,,,105.315,,5,2.0,6.000000000000001,"LINESTRING (11.375257 47.271661, 11.3753109 47.2716841, 11.3753485 47.2716809, 11.375401 47.2716449, 11.3755658 47.2715064, 11.3757298 47.271427, 11.3758894 47.2712886, 11.3760142 47.271233, 11.3763557 47.2711895)"
394,8.0,,,,90.844,,5,,6.000000000000001,"LINESTRING (11.375257 47.271661, 11.3753029 47.2716296, 11.3755921 47.2712709, 11.3756685 47.2711071, 11.3757449 47.2710653, 11.3759224 47.2710301)"
395,6.0,,,,238.04199999999997,,5,,4.0,"LINESTRING (11.3787767 47.271141, 11.3789909 47.2711907, 11.3791831 47.2712589, 11.3793855 47.271316, 11.379587 47.2713488, 11.3800624 47.2715596, 11.3805904 47.271892, 11.3811407 47.2723302, 11.3812841 47.2723569)"
396,8.0,,,,166.93699999999998,,5,,6.000000000000001,"LINESTRING (11.3787461 47.277935, 11.3788162 47.2779014, 11.3794111 47.2774014, 11.3795961 47.2771853, 11.3798128 47.2766547)"
397,5.0,,,,124.62599999999999,,5,,4.0,"LINESTRING (11.3787461 47.277935, 11.3788186 47.2779707, 11.3790803 47.2779287, 11.3794114 47.2778181, 11.3796009 47.2778078, 11.3797006 47.2777909, 11.3797848 47.2777401, 11.3799702 47.2775752, 11.3800115 47.2775464, 11.3800661 47.2775339, 11.3801114 47.2775476, 11.3801375 47.2775739)"
398,8.0,,,,54.512,,5,,6.000000000000001,"LINESTRING (11.3787461 47.277935, 11.378683 47.2779433, 11.3785633 47.2779208, 11.3784308 47.2778929, 11.3783435 47.2778927, 11.3782524 47.2779045, 11.3781502 47.2779435, 11.3780697 47.2779815)"
399,5.0,,,,52.034000000000006,,5,,8.0,"LINESTRING (11.3869241 47.2761199, 11.3868767 47.2761261, 11.386659 47.276287, 11.3865135 47.2763332, 11.3863549 47.2763396)"
400,5.0,,,,98.735,,5,,9.0,"LINESTRING (11.3869241 47.2761199, 11.387101 47.2761837, 11.3872267 47.2761841, 11.3873357 47.2761565, 11.3874933 47.2760542, 11.3878435 47.2759749, 11.3880252 47.2758312)"
401,6.0,,,,119.487,,5,,7.000000000000001,"LINESTRING (11.3869241 47.2761199, 11.3869705 47.2761666, 11.3870014 47.2762019, 11.3870141 47.2762162, 11.3870223 47.2762228, 11.3870321 47.2762282, 11.3870483 47.2762339, 11.3872345 47.2762771, 11.3873306 47.2762929, 11.3874256 47.276311, 11.3875404 47.2763461, 11.3876044 47.2763716, 11.3876433 47.2763935, 11.3876728 47.2764127, 11.3877051 47.2764354, 11.3877276 47.2764537, 11.3877444 47.2764718, 11.3877633 47.2764944, 11.3879504 47.2767844, 11.38792 47.2768258)"
402,5.0,,,,31.445,,5,,7.000000000000001,"LINESTRING (11.3869241 47.2761199, 11.3869487 47.2760552, 11.3870349 47.2758473)"
403,6.0,,,,147.49599999999998,,5,,5.0,"LINESTRING (11.38792 47.2768258, 11.3882808 47.2772307, 11.3884823 47.2774548, 11.3884528 47.2775259, 11.3884117 47.2780421)"
404,6.0,,,,119.487,,5,,7.000000000000001,"LINESTRING (11.38792 47.2768258, 11.3879504 47.2767844, 11.3877633 47.2764944, 11.3877444 47.2764718, 11.3877276 47.2764537, 11.3877051 47.2764354, 11.3876728 47.2764127, 11.3876433 47.2763935, 11.3876044 47.2763716, 11.3875404 47.2763461, 11.3874256 47.276311, 11.3873306 47.2762929, 11.3872345 47.2762771, 11.3870483 47.2762339, 11.3870321 47.2762282, 11.3870223 47.2762228, 11.3870141 47.2762162, 11.3870014 47.2762019, 11.3869705 47.2761666, 11.3869241 47.2761199)"
405,6.0,,,,62.147999999999996,,5,,6.000000000000001,"LINESTRING (11.38792 47.2768258, 11.3878939 47.2768259, 11.3878713 47.2768211, 11.3878504 47.2768142, 11.3878286 47.276805, 11.3876719 47.2767382, 11.3876136 47.2767193, 11.3875529 47.2767034, 11.3874935 47.2766897, 11.3874372 47.276682, 11.3873548 47.2766718, 11.3871484 47.2766727)"
406,6.0,,,,34.52,,5,,6.000000000000001,"LINESTRING (11.3759098 47.264214, 11.3754524 47.2642085)"
407,6.0,,,,17.977,,5,,6.000000000000001,"LINESTRING (11.3759098 47.264214, 11.376148 47.2642169)"
408,6.0,,,,81.395,,5,,6.000000000000001,"LINESTRING (11.3759098 47.264214, 11.3759142 47.2640717, 11.3753176 47.2640589, 11.3752738 47.2640728, 11.3752607 47.2640998, 11.3752577 47.2641707, 11.3752823 47.2642204)"
409,6.0,,10.0,,11.583,,10,,4.0,"LINESTRING (11.3769394 47.2637567, 11.3770818 47.2637956)"
410,8.0,,10.0,,188.89299999999997,,5,,6.000000000000001,"LINESTRING (11.3769394 47.2637567, 11.3773134 47.2631218, 11.3773499 47.2630599, 11.3776409 47.2626248, 11.377876 47.2623379, 11.3780048 47.2622257)"
411,8.0,,10.0,,40.923,,5,,7.000000000000001,"LINESTRING (11.3801453 47.2646483, 11.3800773 47.2647281, 11.3798891 47.2649726)"
412,8.0,,10.0,,100.65899999999999,,5,,6.000000000000001,"LINESTRING (11.3801453 47.2646483, 11.3802061 47.2645571, 11.3802927 47.2641989, 11.380346 47.263983, 11.3804421 47.2637695)"
413,6.0,,10.0,,88.738,,10,,5.0,"LINESTRING (11.3801453 47.2646483, 11.3802995 47.2647013, 11.3811219 47.2650911)"
414,8.0,,10.0,9.0,103.011,,10,,4.0,"LINESTRING (11.3811219 47.2650911, 11.3818349 47.2643011)"
415,6.0,,10.0,,75.613,,5,,6.000000000000001,"LINESTRING (11.3811219 47.2650911, 11.3815533 47.2653115, 11.3817312 47.2654002, 11.381871 47.2654665, 11.381929 47.265494)"
416,8.0,,10.0,,43.098,,5,,6.000000000000001,"LINESTRING (11.3804421 47.2637695, 11.3804289 47.2637078, 11.3803914 47.2635333, 11.3803163 47.2633934)"
417,8.0,,10.0,,100.65899999999999,,5,,6.000000000000001,"LINESTRING (11.3804421 47.2637695, 11.380346 47.263983, 11.3802927 47.2641989, 11.3802061 47.2645571, 11.3801453 47.2646483)"
418,8.0,,10.0,,121.24600000000001,,5,,5.0,"LINESTRING (11.3804421 47.2637695, 11.3806826 47.2638142, 11.3818349 47.2643011)"
419,8.0,,10.0,,121.24600000000001,,5,,6.000000000000001,"LINESTRING (11.3818349 47.2643011, 11.3806826 47.2638142, 11.3804421 47.2637695)"
420,8.0,,10.0,9.0,44.882,,5,,6.000000000000001,"LINESTRING (11.3818349 47.2643011, 11.3819753 47.2642128, 11.3820604 47.2641593, 11.3821964 47.2640762, 11.3822916 47.2640472)"
421,8.0,,10.0,,120.72200000000001,,5,,7.000000000000001,"LINESTRING (11.3780048 47.2622257, 11.377317 47.2617497, 11.3768771 47.2614557)"
422,8.0,,10.0,,53.293000000000006,,5,,7.000000000000001,"LINESTRING (11.3780048 47.2622257, 11.3785003 47.2625378, 11.3785251 47.2625495)"
423,8.0,,10.0,9.0,166.15299999999996,,5,,7.000000000000001,"LINESTRING (11.3780048 47.2622257, 11.3784114 47.2617916, 11.3787193 47.2615315, 11.379146 47.2613223, 11.3795327 47.2612013)"
424,8.0,,10.0,,188.893,,5,,6.000000000000001,"LINESTRING (11.3780048 47.2622257, 11.377876 47.2623379, 11.3776409 47.2626248, 11.3773499 47.2630599, 11.3773134 47.2631218, 11.3769394 47.2637567)"
425,8.0,,10.0,,6.158,,5,,6.000000000000001,"LINESTRING (11.3768199 47.2614162, 11.3768771 47.2614557)"
426,6.0,,,,197.276,,5,,6.000000000000001,"LINESTRING (11.3768199 47.2614162, 11.3771831 47.26112, 11.3777201 47.260741, 11.3786977 47.2601891)"
427,10.0,,10.0,,127.441,,5,,6.000000000000001,"LINESTRING (11.3768199 47.2614162, 11.3765396 47.2612309, 11.3762697 47.2610396, 11.3757003 47.2606801, 11.375577 47.2606532)"
428,8.0,,10.0,,129.118,,5,,6.000000000000001,"LINESTRING (11.3795327 47.2612013, 11.3794595 47.26109, 11.3793775 47.2609738, 11.379243 47.2608131, 11.3789474 47.2604601, 11.3786977 47.2601891)"
429,8.0,,10.0,,252.089,,5,,6.000000000000001,"LINESTRING (11.3795327 47.2612013, 11.3799751 47.2620064, 11.3801074 47.2623633, 11.3803163 47.2633934)"
430,8.0,,10.0,9.0,166.153,,5,,7.000000000000001,"LINESTRING (11.3795327 47.2612013, 11.379146 47.2613223, 11.3787193 47.2615315, 11.3784114 47.2617916, 11.3780048 47.2622257)"
431,8.0,,10.0,,35.349,,5,,6.000000000000001,"LINESTRING (11.3803163 47.2633934, 11.3799315 47.2632121)"
432,8.0,,10.0,,252.089,,5,,6.000000000000001,"LINESTRING (11.3803163 47.2633934, 11.3801074 47.2623633, 11.3799751 47.2620064, 11.3795327 47.2612013)"
433,8.0,,10.0,,43.098000000000006,,5,,6.000000000000001,"LINESTRING (11.3803163 47.2633934, 11.3803914 47.2635333, 11.3804289 47.2637078, 11.3804421 47.2637695)"
434,6.0,,,,25.903,,5,,6.000000000000001,"LINESTRING (11.3963293 47.2788476, 11.3965076 47.2788733, 11.3966468 47.2789283)"
435,8.0,,,,67.208,,5,,6.000000000000001,"LINESTRING (11.3963293 47.2788476, 11.396245 47.2785956, 11.3962148 47.2782502)"
436,8.0,,,,27.399,,5,,6.000000000000001,"LINESTRING (11.3963293 47.2788476, 11.3963608 47.2789297, 11.3963895 47.2790043, 11.3964581 47.2790748)"
437,8.0,,,,4.687,,5,,6.000000000000001,"LINESTRING (11.3962148 47.2782502, 11.3961992 47.2782094)"
438,6.0,,,,146.549,,5,,6.000000000000001,"LINESTRING (11.3962148 47.2782502, 11.3961212 47.2782391, 11.3960518 47.2781962, 11.3958716 47.2780258, 11.3955395 47.2778834, 11.3948051 47.2775783, 11.3946147 47.2775732)"
439,8.0,,,,67.208,,5,,6.000000000000001,"LINESTRING (11.3962148 47.2782502, 11.396245 47.2785956, 11.3963293 47.2788476)"
440,6.0,,,,24.36,,5,,4.0,"LINESTRING (11.3943325 47.2774753, 11.3944217 47.2775289, 11.3946147 47.2775732)"
441,8.0,,,,109.50099999999999,,5,,6.000000000000001,"LINESTRING (11.3964581 47.2790748, 11.3962642 47.2791803, 11.3960494 47.2792971, 11.3960147 47.279316, 11.3957189 47.2795195, 11.3955273 47.2796849, 11.3954805 47.279737, 11.3954615 47.2797528, 11.3954338 47.2797635)"
442,8.0,,,,27.399,,5,,6.000000000000001,"LINESTRING (11.3964581 47.2790748, 11.3963895 47.2790043, 11.3963608 47.2789297, 11.3963293 47.2788476)"
443,8.0,,,,273.308,,5,,6.000000000000001,"LINESTRING (11.3964581 47.2790748, 11.3965523 47.2791194, 11.3968767 47.2792731, 11.3969967 47.2793356, 11.397012 47.2793433, 11.3971587 47.279426, 11.3972355 47.2794883, 11.3974209 47.2797009, 11.3975952 47.2799134, 11.3976466 47.2799911, 11.3976815 47.2800763, 11.3976959 47.280186, 11.3976966 47.2802957, 11.3977054 47.2803178, 11.3977501 47.2803866, 11.3978147 47.2804428, 11.3978933 47.2804788, 11.3979884 47.2805027, 11.3981706 47.2805133, 11.3983335 47.2805239, 11.3985701 47.2806057, 11.3988206 47.2806763)"
444,8.0,,,,54.629,,5,,4.0,"LINESTRING (11.3952179 47.2792877, 11.395253 47.2793516, 11.3952894 47.2794646, 11.395309 47.2796545, 11.3953258 47.279702, 11.3953568 47.2797433, 11.3953818 47.2797571)"
445,8.0,,,,86.486,,5,,5.0,"LINESTRING (11.3854196 47.2734503, 11.3856392 47.273585, 11.385815 47.2737436, 11.3859941 47.2739673, 11.3861001 47.2740682)"
446,2.0,,10.0,,21.414,9.0,10,,4.0,"LINESTRING (11.3747616 47.2649816, 11.3748804 47.2649542, 11.3749649 47.264938, 11.3750236 47.2649115)"
447,2.0,,10.0,,28.877000000000002,10.0,10,,3.0000000000000004,"LINESTRING (11.3747616 47.2649816, 11.3749155 47.2649895, 11.3750101 47.2649882, 11.3751387 47.2649633)"
448,6.0,,,,3.139,,5,,5.0,"LINESTRING (11.3768616 47.264921, 11.3768634 47.2648928)"
449,2.0,,10.0,,40.464,,10,,4.0,"LINESTRING (11.3768616 47.264921, 11.3770225 47.2649254, 11.3773977 47.2649276)"
450,6.0,,,,88.05499999999999,,5,,8.0,"LINESTRING (11.3773977 47.2649276, 11.3774737 47.2648593, 11.3778129 47.2648692, 11.3782125 47.2649234, 11.3782784 47.2651177)"
451,2.0,,10.0,,72.224,9.0,10,,8.0,"LINESTRING (11.3773977 47.2649276, 11.3776525 47.2649469, 11.3778299 47.2649675, 11.3780573 47.2650022, 11.3781173 47.2650094, 11.3782784 47.2651177)"
452,2.0,,10.0,,4.964,9.0,10,,5.0,"LINESTRING (11.3751387 47.2649633, 11.3751107 47.2649229)"
453,2.0,,10.0,,10.744,10.0,10,,6.000000000000001,"LINESTRING (11.3751387 47.2649633, 11.3752404 47.2649432, 11.375275 47.2649354)"
454,6.0,,10.0,,10.856,,5,,6.000000000000001,"LINESTRING (11.3750851 47.2632627, 11.3752175 47.2633009)"
455,6.0,,,,37.555,,5,,6.000000000000001,"LINESTRING (11.3750851 47.2632627, 11.3749336 47.2632262, 11.3747398 47.2631722, 11.3746219 47.2631394)"
456,2.0,,10.0,,238.563,,10,,5.0,"LINESTRING (11.3750851 47.2632627, 11.3751529 47.2631311, 11.3755801 47.2624027, 11.3758504 47.2618701, 11.3760035 47.2615898, 11.3762304 47.2612646)"
457,8.0,,10.0,,89.075,,10,,4.0,"LINESTRING (11.3762304 47.2612646, 11.3762421 47.261139, 11.3762431 47.2611217, 11.376236 47.2610933, 11.3762132 47.261064, 11.375577 47.2606532)"
458,2.0,,10.0,,198.26399999999998,,10,,3.0000000000000004,"LINESTRING (11.3762304 47.2612646, 11.3763447 47.261128, 11.3763885 47.2610759, 11.3765103 47.2609447, 11.3766616 47.260805, 11.3770192 47.2605096, 11.3773286 47.2602658, 11.3778835 47.259888)"
459,2.0,,10.0,,12.463,,5,,6.000000000000001,"LINESTRING (11.3830288 47.266116, 11.3831887 47.2661441)"
460,2.0,,10.0,,158.19,,5,,6.000000000000001,"LINESTRING (11.3830288 47.266116, 11.3825616 47.2660338, 11.3824114 47.2660084, 11.3820585 47.2659507, 11.380994 47.2657737)"
461,8.0,,10.0,,117.936,,5,,6.000000000000001,"LINESTRING (11.3875421 47.2679396, 11.3874464 47.2681141, 11.3873847 47.2682089, 11.3871857 47.2684293, 11.3868781 47.2683217, 11.3868298 47.2683191, 11.3867927 47.2683241, 11.3867672 47.268338, 11.3866246 47.2685093)"
462,6.0,,10.0,9.0,16.483,,5,,6.000000000000001,"LINESTRING (11.3875421 47.2679396, 11.3876589 47.2679421, 11.3877605 47.2679419)"
463,6.0,,10.0,9.0,64.205,,5,,6.000000000000001,"LINESTRING (11.3875421 47.2679396, 11.3874074 47.2679258, 11.3871179 47.267872, 11.3870062 47.2678484, 11.3867595 47.2677738, 11.3867353 47.267765)"
464,6.0,,10.0,9.0,19.298,,5,,6.000000000000001,"LINESTRING (11.3880161 47.2679359, 11.3877605 47.2679419)"
465,8.0,,10.0,,59.039,,5,,6.000000000000001,"LINESTRING (11.3880161 47.2679359, 11.3880238 47.2680513, 11.3880109 47.2680919, 11.3877606 47.268425)"
466,6.0,,10.0,9.0,119.696,,5,,6.000000000000001,"LINESTRING (11.3880161 47.2679359, 11.388174 47.2679358, 11.3883575 47.2679436, 11.3884522 47.2679526, 11.3886187 47.2679794, 11.3887225 47.2679995, 11.3888231 47.268024, 11.3889264 47.2680532, 11.3890403 47.2680941, 11.3891668 47.2681451, 11.3894668 47.2682979)"
467,6.0,,9.0,,147.609,,5,,6.000000000000001,"LINESTRING (11.4006074 47.2796934, 11.4005996 47.2797132, 11.4005849 47.2797335, 11.4005634 47.2797485, 11.4004658 47.2797601, 11.4003464 47.2797545, 11.3999303 47.2796861, 11.3993812 47.279503, 11.399317 47.2794941, 11.3992598 47.27949, 11.3992245 47.2795012, 11.3991986 47.279518, 11.3991889 47.2795432, 11.3991909 47.2795693, 11.3992074 47.279594, 11.3992321 47.2796115, 11.3994588 47.2796879)"
468,6.0,,,,145.786,,5,,6.000000000000001,"LINESTRING (11.4006074 47.2796934, 11.4005978 47.2796702, 11.4005388 47.2796311, 11.4004208 47.2795815, 11.4001544 47.2794429, 11.3993133 47.27886, 11.3992979 47.2788443, 11.399292 47.2788279, 11.3992984 47.2788132, 11.3993468 47.2787865)"
469,6.0,,,,37.595,,5,,4.0,"LINESTRING (11.4006074 47.2796934, 11.4006761 47.2797431, 11.4007223 47.2797693, 11.4008551 47.279885, 11.4008127 47.2799623)"
470,8.0,,,,4.92,,5,,6.000000000000001,"LINESTRING (11.3988206 47.2806763, 11.398878 47.2806973)"
471,5.0,,9.0,,192.80800000000002,,5,,6.000000000000001,"LINESTRING (11.3988206 47.2806763, 11.3988475 47.2806431, 11.3988744 47.2806229, 11.3989091 47.2806077, 11.3989477 47.2805977, 11.3989927 47.2805892, 11.3990554 47.2805835, 11.3991203 47.2805807, 11.3991994 47.2805847, 11.3992729 47.2805979, 11.3993323 47.2806211, 11.399387 47.2806493, 11.399452 47.2806871, 11.3995178 47.2807298, 11.3995611 47.2807652, 11.3995973 47.2808006, 11.3996198 47.2808455, 11.3996281 47.2808904, 11.3996186 47.2809433, 11.3995613 47.2810684, 11.3995288 47.2811352, 11.3995019 47.2812011, 11.3994863 47.2812542, 11.3994857 47.2813063, 11.399502 47.2813525, 11.3995332 47.281391, 11.3999076 47.281769, 11.3999259 47.2817818)"
472,8.0,,,,273.30800000000005,,5,,6.000000000000001,"LINESTRING (11.3988206 47.2806763, 11.3985701 47.2806057, 11.3983335 47.2805239, 11.3981706 47.2805133, 11.3979884 47.2805027, 11.3978933 47.2804788, 11.3978147 47.2804428, 11.3977501 47.2803866, 11.3977054 47.2803178, 11.3976966 47.2802957, 11.3976959 47.280186, 11.3976815 47.2800763, 11.3976466 47.2799911, 11.3975952 47.2799134, 11.3974209 47.2797009, 11.3972355 47.2794883, 11.3971587 47.279426, 11.397012 47.2793433, 11.3969967 47.2793356, 11.3968767 47.2792731, 11.3965523 47.2791194, 11.3964581 47.2790748)"
473,6.0,,10.0,9.0,193.876,,5,,6.000000000000001,"LINESTRING (11.3993468 47.2787865, 11.3990384 47.2785096, 11.3986644 47.2783133, 11.3980854 47.2780251, 11.3976408 47.2777577, 11.397453 47.277623)"
474,6.0,,,,381.471,,5,,6.000000000000001,"LINESTRING (11.3993468 47.2787865, 11.3998356 47.2791015, 11.4002126 47.2792825, 11.4008489 47.2795596, 11.4012436 47.2797629, 11.4014024 47.2798168, 11.401859 47.2799447, 11.4033582 47.2805607, 11.4035702 47.2806438)"
475,6.0,,,,145.78600000000003,,5,,6.000000000000001,"LINESTRING (11.3993468 47.2787865, 11.3992984 47.2788132, 11.399292 47.2788279, 11.3992979 47.2788443, 11.3993133 47.27886, 11.4001544 47.2794429, 11.4004208 47.2795815, 11.4005388 47.2796311, 11.4005978 47.2796702, 11.4006074 47.2796934)"
476,8.0,,10.0,,44.488,,5,,7.000000000000001,"LINESTRING (11.4058031 47.2817654, 11.4060043 47.2819036, 11.4061666 47.2819674, 11.4062802 47.281952)"
477,8.0,,10.0,,91.01899999999999,,5,,8.0,"LINESTRING (11.4058031 47.2817654, 11.4055365 47.2815286, 11.4052845 47.2814006, 11.4050986 47.2813571, 11.4049758 47.2813677, 11.4048824 47.2814311)"
478,6.0,,10.0,,79.23100000000001,,5,,8.0,"LINESTRING (11.4058031 47.2817654, 11.4056481 47.2817313, 11.4052233 47.2815933, 11.4048824 47.2814311)"
479,8.0,,,,82.127,,5,,7.000000000000001,"LINESTRING (11.4058031 47.2817654, 11.4056134 47.2817729, 11.4054038 47.2819388, 11.4053681 47.2820059, 11.4053539 47.2823256)"
480,8.0,,10.0,,37.187,,5,,8.0,"LINESTRING (11.4048723 47.282359, 11.4048585 47.2820247)"
481,8.0,,10.0,9.0,28.793,,5,,8.0,"LINESTRING (11.4048723 47.282359, 11.4050776 47.2825773)"
482,8.0,,10.0,9.0,123.795,,5,,8.0,"LINESTRING (11.4048723 47.282359, 11.404176 47.2818888, 11.4038522 47.2817508, 11.4036852 47.2817292, 11.403582 47.2817463)"
483,5.0,,7.0,,93.901,,5,1.0,8.0,"LINESTRING (11.4048723 47.282359, 11.4048871 47.2825045, 11.4049004 47.2826348, 11.4049103 47.2827326, 11.4049091 47.2827791, 11.4048816 47.2827738, 11.4048679 47.282754, 11.4048554 47.2827327, 11.4048317 47.2827314, 11.4048196 47.2827477, 11.4048327 47.2827886, 11.4048355 47.2828535, 11.4048579 47.2829944, 11.4048549 47.2830708)"
484,8.0,,10.0,9.0,16.611,,5,,6.000000000000001,"LINESTRING (11.4033833 47.281739, 11.4031711 47.2816991)"
485,8.0,,10.0,9.0,15.011,,5,,6.000000000000001,"LINESTRING (11.4033833 47.281739, 11.403582 47.2817463)"
486,6.0,,,,89.917,,5,,4.0,"LINESTRING (11.4033833 47.281739, 11.4032277 47.2814653, 11.4031558 47.281406, 11.4030181 47.2813491, 11.4025536 47.2812541)"
487,8.0,,,,4.92,,5,,5.0,"LINESTRING (11.398878 47.2806973, 11.3988206 47.2806763)"
488,8.0,,10.0,,124.262,,10,,4.0,"LINESTRING (11.398878 47.2806973, 11.3989612 47.2806964, 11.3990333 47.2807043, 11.3991027 47.2807121, 11.3991621 47.2807228, 11.3992227 47.2807402, 11.3992757 47.2807614, 11.3993145 47.2807855, 11.3993563 47.280829, 11.3993807 47.2808598, 11.3993981 47.2808955, 11.3994015 47.2809342, 11.3994011 47.2809645, 11.3993936 47.2809969, 11.3993818 47.28103, 11.3993642 47.2810651, 11.3992927 47.2811705, 11.3992744 47.2812143, 11.3992657 47.2812889, 11.3992579 47.2814141, 11.3992676 47.2815548)"
489,8.0,,10.0,,30.993000000000002,,5,,5.0,"LINESTRING (11.398878 47.2806973, 11.3989101 47.28074, 11.3989223 47.2807678, 11.3989272 47.2807921, 11.3989273 47.2808188, 11.3989217 47.280845, 11.3989049 47.2808681, 11.3988379 47.2809553)"
490,6.0,,10.0,9.0,99.287,,5,,4.0,"LINESTRING (11.3962816 47.2761191, 11.395828 47.2752809)"
491,8.0,,10.0,9.0,199.071,,10,,4.0,"LINESTRING (11.3962816 47.2761191, 11.395313 47.2764849, 11.3952271 47.2764933, 11.3951198 47.276469, 11.3948685 47.2762811, 11.394617 47.2760448, 11.3943691 47.2757295)"
492,6.0,,10.0,9.0,190.28300000000002,,5,,5.0,"LINESTRING (11.3962816 47.2761191, 11.39649 47.2764403, 11.3966546 47.2767264, 11.3967127 47.2768274, 11.3970212 47.2772293, 11.3973503 47.2775494, 11.397453 47.277623)"
493,10.0,,,,64.14,,5,,5.0,"LINESTRING (11.3899471 47.2675324, 11.3899719 47.2676309, 11.3905463 47.2679057)"
494,8.0,9.0,10.0,,134.093,,10,,3.0000000000000004,"LINESTRING (11.3899471 47.2675324, 11.3898814 47.2675252, 11.3885151 47.2668268)"
495,8.0,,10.0,,31.278,,5,,6.000000000000001,"LINESTRING (11.3906245 47.2671934, 11.3905497 47.2672224, 11.3903625 47.2673255, 11.3902947 47.2673628)"
496,2.0,,10.0,,182.50300000000001,10.0,10,,4.0,"LINESTRING (11.3906245 47.2671934, 11.390484 47.2669955, 11.3902265 47.2667826, 11.3899167 47.2665775, 11.3895049 47.2663193, 11.3893407 47.2662032, 11.3892929 47.2661694, 11.3890261 47.2659769)"
497,6.0,,10.0,,10.948,5.0,5,,5.0,"LINESTRING (11.3913079 47.2683552, 11.391358 47.2683196, 11.3914081 47.268284)"
498,8.0,,10.0,,15.828,,5,,6.000000000000001,"LINESTRING (11.3885151 47.2668268, 11.3883484 47.2667404)"
499,6.0,,,,26.327,,5,,4.0,"LINESTRING (11.3902947 47.2673628, 11.3905117 47.2675482)"
500,8.0,,10.0,,3.739,,5,,6.000000000000001,"LINESTRING (11.3902947 47.2673628, 11.3902552 47.2673831)"
501,8.0,,10.0,,31.278,,5,,5.0,"LINESTRING (11.3902947 47.2673628, 11.3903625 47.2673255, 11.3905497 47.2672224, 11.3906245 47.2671934)"
502,2.0,,10.0,,8.698,5.0,10,,3.0000000000000004,"LINESTRING (11.3880309 47.2652822, 11.3879582 47.2652215)"
503,8.0,,10.0,,37.983,,10,,4.0,"LINESTRING (11.3880309 47.2652822, 11.3880689 47.2652584, 11.3883522 47.2650806, 11.3884005 47.2650503)"
504,2.0,,10.0,7.0,47.34,5.0,5,,7.000000000000001,"LINESTRING (11.3803987 47.2587681, 11.380608 47.2586661, 11.3809047 47.2585165)"
505,5.0,,10.0,,75.32300000000001,3.0,5,,7.000000000000001,"LINESTRING (11.3803987 47.2587681, 11.3805085 47.2588663, 11.3808745 47.2591819, 11.3810097 47.2593037)"
506,5.0,,10.0,,42.803,5.0,5,,7.000000000000001,"LINESTRING (11.3803987 47.2587681, 11.380268 47.258653, 11.3801082 47.2584956, 11.3800664 47.2584563)"
507,2.0,,10.0,7.0,61.954,3.0,5,,8.0,"LINESTRING (11.3803987 47.2587681, 11.3802448 47.2588396, 11.3800831 47.2589159, 11.3797137 47.259075)"
508,2.0,,10.0,,12.914,10.0,10,,5.0,"LINESTRING (11.3828681 47.257447, 11.3827561 47.2573592)"
509,2.0,,,,16.454,5.0,5,,6.000000000000001,"LINESTRING (11.3828681 47.257447, 11.3829564 47.2575823)"
510,2.0,,10.0,,53.300000000000004,9.0,10,,4.0,"LINESTRING (11.3828681 47.257447, 11.3830428 47.2573829, 11.3831357 47.2573485, 11.3833569 47.2572851, 11.3835093 47.2572484)"
511,7.0,,,,41.986999999999995,10.0,10,,1.0,"LINESTRING (11.3746177 47.2534005, 11.3747716 47.2535152, 11.3748871 47.2536435, 11.3749184 47.2537124)"
512,2.0,,10.0,7.0,494.602,,10,,3.0000000000000004,"LINESTRING (11.3746177 47.2534005, 11.375168 47.2536036, 11.3754936 47.2536951, 11.375698 47.2537469, 11.3770935 47.2540601, 11.3784786 47.2543849, 11.3788095 47.2545075, 11.3797105 47.2547238, 11.3801131 47.2548226, 11.3807297 47.254983)"
513,8.0,,10.0,,8.082,,5,,7.000000000000001,"LINESTRING (11.3909072 47.2674227, 11.3910005 47.2674584)"
514,8.0,,,,16.681,,10,,5.0,"LINESTRING (11.3909072 47.2674227, 11.3908578 47.2673981, 11.3907289 47.267334)"
515,6.0,,,,33.456,9.0,5,,7.000000000000001,"LINESTRING (11.3909072 47.2674227, 11.3907642 47.2672293, 11.3907077 47.267154)"
516,6.0,,,,22.259999999999998,,5,,9.0,"LINESTRING (11.3909072 47.2674227, 11.3909198 47.2674475, 11.3910036 47.2676119)"
517,2.0,,10.0,,18.672,5.0,10,,5.0,"LINESTRING (11.3866834 47.2641197, 11.3866136 47.2639888, 11.3865988 47.2639619)"
518,2.0,,10.0,,26.546999999999997,,10,,3.0000000000000004,"LINESTRING (11.3866834 47.2641197, 11.3865226 47.2640888, 11.3864616 47.2640954, 11.3863403 47.2641089)"
519,8.0,,10.0,9.0,66.768,,5,,5.0,"LINESTRING (11.3842328 47.2571572, 11.3842205 47.2571138, 11.3842026 47.2570402, 11.3842519 47.2565597)"
520,2.0,,10.0,7.0,113.07300000000001,9.0,10,,4.0,"LINESTRING (11.3842328 47.2571572, 11.3850511 47.257078, 11.385645 47.2570215, 11.3857165 47.2570158)"
521,8.0,,10.0,,15.048,,5,,6.000000000000001,"LINESTRING (11.3870746 47.2568959, 11.3870703 47.2570312)"
522,8.0,,10.0,9.0,90.495,,5,,6.000000000000001,"LINESTRING (11.3870746 47.2568959, 11.3870797 47.2567839, 11.3870819 47.2567171, 11.3870863 47.2565878, 11.3870949 47.256335, 11.3871041 47.2561522, 11.3870664 47.2560872)"
523,2.0,,10.0,7.0,61.483999999999995,9.0,10,,5.0,"LINESTRING (11.3870746 47.2568959, 11.3872954 47.2568656, 11.3878676 47.2567696)"
524,2.0,,10.0,,67.479,5.0,10,,5.0,"LINESTRING (11.3878676 47.2567696, 11.3875323 47.2569242, 11.3873165 47.2569829, 11.3870703 47.2570312)"
525,2.0,,10.0,,49.054,5.0,5,,5.0,"LINESTRING (11.3878676 47.2567696, 11.3882068 47.2566649, 11.3884593 47.256587)"
526,6.0,,,,47.662000000000006,,5,,4.0,"LINESTRING (11.3986528 47.2813315, 11.3986292 47.2814887, 11.3986837 47.2815996, 11.39882 47.2817224)"
527,8.0,,10.0,,47.059000000000005,,5,,6.000000000000001,"LINESTRING (11.3986528 47.2813315, 11.3987779 47.2812593, 11.3988079 47.2811574, 11.3987882 47.2810737, 11.3988379 47.2809553)"
528,8.0,,10.0,,6.482,,5,,6.000000000000001,"LINESTRING (11.3986528 47.2813315, 11.3986107 47.2813307, 11.3985673 47.2813266)"
529,6.0,,10.0,,15.023,,5,,7.000000000000001,"LINESTRING (11.396268 47.2562406, 11.3962314 47.2563734)"
530,6.0,,10.0,7.0,43.080999999999996,,5,,6.000000000000001,"LINESTRING (11.396268 47.2562406, 11.3962898 47.2561401, 11.3963334 47.2559392, 11.3963512 47.2558573)"
531,2.0,,10.0,,86.03,5.0,10,,5.0,"LINESTRING (11.396268 47.2562406, 11.3965162 47.2562309, 11.3966876 47.2562263, 11.3971393 47.2562141, 11.3974054 47.256234)"
532,8.0,,,9.0,41.444,,5,,6.000000000000001,"LINESTRING (11.396899 47.2537349, 11.3963499 47.2537325)"
533,6.0,,,7.0,44.6,,5,,6.000000000000001,"LINESTRING (11.396899 47.2537349, 11.3967482 47.2537835, 11.3966576 47.2538369, 11.3965597 47.2539228, 11.3965197 47.2540167)"
534,6.0,,,,38.516999999999996,,5,,6.000000000000001,"LINESTRING (11.396899 47.2537349, 11.3969659 47.2537322, 11.3972789 47.2537344, 11.3974092 47.253734)"
535,2.0,,10.0,7.0,31.967000000000002,9.0,5,,7.000000000000001,"LINESTRING (11.3990406 47.2537319, 11.3990335 47.25375, 11.3989962 47.2538385, 11.3989609 47.2539661, 11.3989443 47.2540116)"
536,8.0,,10.0,,168.77100000000002,,5,,7.000000000000001,"LINESTRING (11.3990406 47.2537319, 11.3991731 47.2537241, 11.3992328 47.2537155, 11.3993287 47.2537025, 11.3994528 47.2536511, 11.3995557 47.2535885, 11.3995949 47.2535512, 11.399665 47.2534688, 11.3998987 47.2531879, 11.4000484 47.2530134, 11.4002169 47.2528225, 11.4002848 47.2527391, 11.4003868 47.2526129)"
537,6.0,,10.0,7.0,84.53999999999999,,5,,8.0,"LINESTRING (11.3990406 47.2537319, 11.399005 47.2537324, 11.3987648 47.2537323, 11.3984848 47.2537341, 11.3979842 47.2537334, 11.3979205 47.2537331)"
538,2.0,,10.0,7.0,238.477,9.0,5,,8.0,"LINESTRING (11.3990406 47.2537319, 11.3990484 47.2537167, 11.3990619 47.2536902, 11.3991127 47.2535899, 11.3992896 47.253261, 11.3994039 47.253004, 11.3998321 47.2520206, 11.399867 47.2519267, 11.3998776 47.2518801, 11.3998848 47.251829, 11.3998863 47.2517487, 11.3998675 47.251675)"
539,5.0,,,,6.507,,5,,5.0,"LINESTRING (11.3998675 47.251675, 11.3999503 47.2516587)"
540,6.0,,,,129.484,,5,,7.000000000000001,"LINESTRING (11.3998675 47.251675, 11.3997902 47.2516991, 11.399721 47.251715, 11.3995967 47.2516751, 11.3994717 47.2516051, 11.3992118 47.2515374, 11.3986671 47.2515253, 11.3985612 47.2515433, 11.3984797 47.2517571)"
541,2.0,,10.0,7.0,10.847999999999999,,5,,7.000000000000001,"LINESTRING (11.3998675 47.251675, 11.399841 47.2516233, 11.3998137 47.2515847)"
542,2.0,,10.0,7.0,238.477,9.0,5,,8.0,"LINESTRING (11.3998675 47.251675, 11.3998863 47.2517487, 11.3998848 47.251829, 11.3998776 47.2518801, 11.399867 47.2519267, 11.3998321 47.2520206, 11.3994039 47.253004, 11.3992896 47.253261, 11.3991127 47.2535899, 11.3990619 47.2536902, 11.3990484 47.2537167, 11.3990406 47.2537319)"
543,5.0,,,,348.795,,5,,6.000000000000001,"LINESTRING (11.3888708 47.2489863, 11.3886881 47.2489182, 11.3885684 47.2489052, 11.3884403 47.248916, 11.3883597 47.2489549, 11.3883005 47.249015, 11.3881048 47.2493011, 11.38777 47.24954, 11.38727 47.24983, 11.3872783 47.2499753, 11.3875228 47.2501564, 11.3878278 47.2502279, 11.388105 47.2503333, 11.3881579 47.2504848, 11.3881062 47.2505532, 11.38806 47.25059, 11.38782 47.25066, 11.3875741 47.2506907, 11.3873842 47.2506344)"
544,2.0,,10.0,5.0,716.3819999999997,9.0,5,,6.000000000000001,"LINESTRING (11.3888708 47.2489863, 11.3886821 47.2491776, 11.3885791 47.2492871, 11.3885443 47.2493314, 11.3885089 47.2493823, 11.3884842 47.249446, 11.3884704 47.249504, 11.3884686 47.2495578, 11.3884866 47.2496212, 11.3885152 47.2496804, 11.3885624 47.2497359, 11.388623 47.2497904, 11.388691 47.2498326, 11.3887831 47.2498732, 11.3888856 47.2499026, 11.3889851 47.2499199, 11.3890936 47.2499285, 11.3893693 47.2499514, 11.3908838 47.2500548, 11.3910105 47.2500678, 11.3911372 47.2500868, 11.3912368 47.2501114, 11.3913363 47.2501442, 11.3914202 47.2501758, 11.3915027 47.2502125, 11.3915821 47.250256, 11.391657 47.2503025, 11.3917404 47.2503691, 11.3918089 47.2504397, 11.3918503 47.250497, 11.391885 47.2505509, 11.391919 47.250621, 11.3919449 47.2506922, 11.3919673 47.2507723, 11.3919752 47.2508557, 11.39197 47.2509824, 11.3919521 47.2510607, 11.3919234 47.2511371, 11.3918836 47.2512073, 11.3918346 47.2512726, 11.3917805 47.2513344, 11.3917061 47.2513986, 11.3916367 47.251449, 11.391573 47.2514853, 11.3915118 47.2515153, 11.3914353 47.2515471, 11.3913636 47.2515759, 11.3912902 47.251598, 11.3912129 47.2516171, 11.3911179 47.2516381, 11.3909983 47.2516539, 11.3908482 47.2516672, 11.39061 47.2516994, 11.3904571 47.2517259, 11.3903107 47.2517599, 11.3899669 47.2518432, 11.3897148 47.2519236, 11.3896098 47.2519603, 11.3895527 47.2519859, 11.3894915 47.2520268, 11.3894397 47.2520858, 11.3894246 47.252127, 11.3894199 47.2521723, 11.3894321 47.2522229, 11.3894533 47.2522694, 11.3894972 47.2523057, 11.389556 47.2523365, 11.3896192 47.2523576, 11.3896911 47.2523696, 11.3897873 47.2523648)"
545,2.0,,10.0,5.0,331.55,9.0,5,,6.000000000000001,"LINESTRING (11.3888708 47.2489863, 11.3891936 47.2486438, 11.3894235 47.2484072, 11.3895687 47.2482745, 11.3896789 47.248189, 11.3898039 47.2481086, 11.3899135 47.2480465, 11.3900355 47.2479894, 11.3901708 47.2479318, 11.3903234 47.2478801, 11.3904568 47.247846, 11.3907851 47.2477885, 11.3913394 47.2476899, 11.3919011 47.2476031, 11.3924255 47.2475129)"
546,6.0,,,,117.36699999999999,,5,,9.0,"LINESTRING (11.3936456 47.2470605, 11.3937606 47.2470928, 11.3938791 47.2471776, 11.3940333 47.2472853, 11.3941367 47.2473506, 11.3942153 47.2473871, 11.3943093 47.2473988, 11.3944094 47.2474163, 11.3945169 47.2474471, 11.3946118 47.2474864, 11.394715 47.2475433, 11.3949118 47.2476375)"
547,8.0,,10.0,7.0,185.30900000000003,,5,,8.0,"LINESTRING (11.3936456 47.2470605, 11.3938072 47.2472184, 11.3941693 47.2475436, 11.3943432 47.2476615, 11.3947202 47.2479044, 11.3949462 47.2480807, 11.395067 47.2482374, 11.3952114 47.2483322)"
548,5.0,,,,9.659,,5,,8.0,"LINESTRING (11.3936456 47.2470605, 11.3935655 47.2470225, 11.3935415 47.24701)"
549,2.0,,10.0,8.0,26.352,9.0,5,,8.0,"LINESTRING (11.3936456 47.2470605, 11.3936989 47.2469603, 11.3937177 47.2469236, 11.393732 47.2468919, 11.3937497 47.2468347)"
550,2.0,,10.0,8.0,108.83800000000001,9.0,5,,8.0,"LINESTRING (11.3936456 47.2470605, 11.3935249 47.2471694, 11.393408 47.2472582, 11.3933094 47.2473112, 11.3932236 47.2473495, 11.3931402 47.2473807, 11.3930767 47.2473996, 11.393009 47.2474162, 11.3929265 47.2474309, 11.3926773 47.2474742, 11.3924255 47.2475129)"
551,2.0,,10.0,,14.069,,5,,7.000000000000001,"LINESTRING (11.3918654 47.256114, 11.3919072 47.2559907)"
552,6.0,,,,18.911,,5,,7.000000000000001,"LINESTRING (11.3918654 47.256114, 11.3919719 47.2560896, 11.3921098 47.2560837)"
553,6.0,,10.0,,63.18899999999999,,5,,7.000000000000001,"LINESTRING (11.3918654 47.256114, 11.3918489 47.2561949, 11.3918467 47.2566815)"
554,2.0,,10.0,,61.75099999999999,5.0,10,,6.000000000000001,"LINESTRING (11.3918654 47.256114, 11.391697 47.2560971, 11.3915847 47.2560883, 11.3914802 47.2560858, 11.3914134 47.256085, 11.3912511 47.2560832, 11.39105 47.256088)"
555,6.0,,10.0,,15.023,,5,,7.000000000000001,"LINESTRING (11.3962314 47.2563734, 11.396268 47.2562406)"
556,2.0,,10.0,,116.72800000000001,,10,,5.0,"LINESTRING (11.3962314 47.2563734, 11.3957593 47.2563706, 11.3951725 47.2563412, 11.3946898 47.2563019)"
557,6.0,,,,23.966,,5,,7.000000000000001,"LINESTRING (11.3962314 47.2563734, 11.39599 47.2563179, 11.3959306 47.2563043)"
558,8.0,,10.0,,61.147999999999996,,5,,7.000000000000001,"LINESTRING (11.3962314 47.2563734, 11.3962149 47.2564331, 11.3960962 47.2569156)"
559,2.0,,10.0,7.0,15.485,,5,,6.000000000000001,"LINESTRING (11.3978238 47.2564961, 11.3978724 47.2563608)"
560,2.0,,10.0,,125.05799999999999,9.0,10,,7.000000000000001,"LINESTRING (11.3978238 47.2564961, 11.3976413 47.2564174, 11.3975061 47.2563732, 11.3973668 47.2563428, 11.397221 47.2563197, 11.3970832 47.2563145, 11.3969367 47.2563178, 11.3965103 47.2563474, 11.3962314 47.2563734)"
561,6.0,1.0,10.0,7.0,66.394,,5,,6.000000000000001,"LINESTRING (11.3978238 47.2564961, 11.3977861 47.2565776, 11.3976465 47.2568387, 11.397576 47.2569472, 11.3975091 47.2570532)"
562,2.0,,10.0,7.0,101.146,5.0,10,,5.0,"LINESTRING (11.3989701 47.2569649, 11.3982457 47.2566959, 11.3980024 47.2565833, 11.3978238 47.2564961)"
563,8.0,,10.0,,68.706,,5,,5.0,"LINESTRING (11.3995407 47.2589846, 11.3994915 47.258506, 11.3994776 47.2583682)"
564,8.0,,10.0,,85.916,,10,,6.000000000000001,"LINESTRING (11.3995407 47.2589846, 11.3984975 47.2590542, 11.3984077 47.2590602)"
565,8.0,,10.0,,134.295,,10,,5.0,"LINESTRING (11.399059 47.2601036, 11.399184 47.2600389, 11.3995742 47.2592938, 11.3995719 47.2592019, 11.3995512 47.2590815, 11.3995407 47.2589846)"
566,8.0,,10.0,9.0,111.66899999999998,,5,,5.0,"LINESTRING (11.399059 47.2601036, 11.3990156 47.2601203, 11.3989835 47.260136, 11.3989594 47.2601524, 11.3989403 47.2601682, 11.3984273 47.2607131, 11.3983964 47.2607553, 11.3983679 47.2608042, 11.3983481 47.2608539, 11.3983362 47.2608963, 11.3983241 47.2609547)"
567,8.0,,10.0,9.0,70.34,,10,,4.0,"LINESTRING (11.3983241 47.2609547, 11.3974414 47.2607515)"
568,8.0,,10.0,9.0,111.66900000000001,,5,,4.0,"LINESTRING (11.3983241 47.2609547, 11.3983362 47.2608963, 11.3983481 47.2608539, 11.3983679 47.2608042, 11.3983964 47.2607553, 11.3984273 47.2607131, 11.3989403 47.2601682, 11.3989594 47.2601524, 11.3989835 47.260136, 11.3990156 47.2601203, 11.399059 47.2601036)"
569,8.0,9.0,10.0,,150.242,,10,,4.0,"LINESTRING (11.3981389 47.263006, 11.3981414 47.2629202, 11.3981562 47.2624088, 11.3981781 47.2616551)"
570,8.0,9.0,10.0,,187.598,,10,,5.0,"LINESTRING (11.3981389 47.263006, 11.3981295 47.2631124, 11.3981 47.2634484, 11.3980789 47.263688, 11.3980458 47.2640647, 11.3980373 47.264162, 11.3980287 47.2642592, 11.3980249 47.2643028, 11.3980212 47.2643439, 11.3979993 47.2645936, 11.3979908 47.2646901)"
571,6.0,,10.0,,70.862,,5,,5.0,"LINESTRING (11.3981389 47.263006, 11.3980451 47.2629983, 11.3972066 47.2629297)"
572,6.0,,10.0,7.0,120.566,,5,,6.000000000000001,"LINESTRING (11.3981389 47.263006, 11.3981942 47.2630111, 11.3982414 47.2630142, 11.3994977 47.2631082, 11.3997265 47.2631277)"
573,8.0,,10.0,9.0,78.656,,10,,4.0,"LINESTRING (11.3981781 47.2616551, 11.3983241 47.2609547)"
574,8.0,,10.0,,89.482,,10,,5.0,"LINESTRING (11.3981781 47.2616551, 11.3990482 47.2617862, 11.3992162 47.2618115, 11.3993357 47.2618295)"
575,8.0,,10.0,,69.21799999999999,,5,,7.000000000000001,"LINESTRING (11.3979801 47.2650698, 11.3975731 47.2651236, 11.3975481 47.2651266, 11.3973264 47.2651531, 11.3972442 47.2651491, 11.3970904 47.2651004)"
576,8.0,,10.0,,54.864000000000004,,5,,6.000000000000001,"LINESTRING (11.3979801 47.2650698, 11.3981254 47.26505, 11.3983415 47.2650205, 11.3985575 47.264991, 11.3986929 47.2649725)"
577,8.0,9.0,10.0,,66.685,,5,,7.000000000000001,"LINESTRING (11.3964174 47.2628819, 11.3964657 47.2630413, 11.3965956 47.2634693)"
578,6.0,,,,52.137,,5,,5.0,"LINESTRING (11.3964174 47.2628819, 11.3964123 47.262868, 11.396375 47.2627666, 11.3964244 47.2625407, 11.3964432 47.2624197)"
579,6.0,,10.0,,36.367,,5,,8.0,"LINESTRING (11.3964174 47.2628819, 11.3960237 47.2628195, 11.3959481 47.2628075)"
580,6.0,,10.0,,59.79,,5,,7.000000000000001,"LINESTRING (11.3964174 47.2628819, 11.3966285 47.2628947, 11.3972066 47.2629297)"
581,6.0,,10.0,,9.383,,5,,6.000000000000001,"LINESTRING (11.3947906 47.2626696, 11.3949141 47.2626794)"
582,6.0,,10.0,,5.982,,5,,6.000000000000001,"LINESTRING (11.3947906 47.2626696, 11.3947114 47.2626673)"
583,6.0,,10.0,,17.872999999999998,,10,,5.0,"LINESTRING (11.3947906 47.2626696, 11.3947898 47.2626298, 11.3947982 47.262509)"
584,8.0,,10.0,,25.697000000000003,,5,,5.0,"LINESTRING (11.3947906 47.2626696, 11.3947872 47.2627505, 11.3947839 47.26281, 11.3947808 47.2629006)"
585,6.0,,10.0,,25.802,,5,,5.0,"LINESTRING (11.3951716 47.2612319, 11.3951 47.2614588)"
586,6.0,,10.0,,64.32300000000001,,5,,5.0,"LINESTRING (11.3951716 47.2612319, 11.3951793 47.2612122, 11.3952039 47.2611374, 11.3952576 47.2609882, 11.3953071 47.2608531, 11.3953625 47.2607141, 11.3953822 47.2606715)"
587,8.0,,10.0,,151.068,,10,,4.0,"LINESTRING (11.3951716 47.2612319, 11.3952723 47.2612462, 11.396844 47.2614688, 11.3971307 47.2615112)"
588,6.0,,10.0,,47.087999999999994,,5,,6.000000000000001,"LINESTRING (11.3956455 47.2602894, 11.3954697 47.2605027, 11.3954262 47.2605762, 11.3953822 47.2606715)"
589,6.0,,10.0,,26.07,,10,,5.0,"LINESTRING (11.3956455 47.2602894, 11.3955438 47.2602432, 11.3954198 47.2602179, 11.3953288 47.260203)"
590,6.0,,10.0,,11.912,,10,,4.0,"LINESTRING (11.3937369 47.2598848, 11.3937402 47.2597777)"
591,6.0,9.0,10.0,,2.129,,10,,4.0,"LINESTRING (11.3937802 47.2590763, 11.393795 47.25906)"
592,8.0,,10.0,,24.246,,5,,6.000000000000001,"LINESTRING (11.3930846 47.2584736, 11.3934058 47.2584689)"
593,8.0,,10.0,,1.057,,5,,6.000000000000001,"LINESTRING (11.3930846 47.2584736, 11.3930706 47.2584738)"
594,8.0,,10.0,9.0,27.094,,5,,6.000000000000001,"LINESTRING (11.3930846 47.2584736, 11.393109 47.2582305)"
595,8.0,,10.0,9.0,46.466,,5,,5.0,"LINESTRING (11.3945259 47.2573754, 11.3939109 47.2573556)"
596,8.0,,10.0,9.0,38.288,,10,,4.0,"LINESTRING (11.3945259 47.2573754, 11.3945397 47.2572848, 11.3945782 47.2570329)"
597,8.0,9.0,10.0,,45.944,,10,,3.0000000000000004,"LINESTRING (11.3958349 47.2583039, 11.3958611 47.2578911)"
598,6.0,,10.0,,16.025,,5,,4.0,"LINESTRING (11.3958349 47.2583039, 11.3960466 47.2583151)"
599,6.0,,10.0,,61.528999999999996,,5,,5.0,"LINESTRING (11.3958349 47.2583039, 11.3957295 47.2582996, 11.3954242 47.2582866, 11.3950204 47.2582881)"
600,6.0,,10.0,,16.025,,5,,5.0,"LINESTRING (11.3960466 47.2583151, 11.3958349 47.2583039)"
601,6.0,,10.0,,66.732,,10,,5.0,"LINESTRING (11.3960466 47.2583151, 11.3962934 47.2582963, 11.3964677 47.2582561, 11.3967825 47.258187, 11.3969018 47.2581735)"
602,6.0,,10.0,7.0,24.627,,5,,6.000000000000001,"LINESTRING (11.3968016 47.2589993, 11.3967931 47.2587779)"
603,8.0,,10.0,,26.367,,10,,3.0000000000000004,"LINESTRING (11.3968016 47.2589993, 11.3966132 47.2587996)"
604,6.0,,10.0,7.0,12.9,,5,,4.0,"LINESTRING (11.3968016 47.2589993, 11.3968031 47.2590449, 11.3968154 47.2591148)"
605,6.0,,10.0,7.0,67.988,,5,,7.000000000000001,"LINESTRING (11.3969018 47.2581735, 11.3968774 47.2582827, 11.3968386 47.2584232, 11.3967867 47.258611, 11.3967885 47.25867, 11.3967931 47.2587779)"
606,6.0,1.0,10.0,7.0,83.726,,5,,6.000000000000001,"LINESTRING (11.3969018 47.2581735, 11.3969154 47.2581052, 11.3969676 47.2579168, 11.3970431 47.257731, 11.3971219 47.2575886, 11.397214 47.257455)"
607,8.0,,10.0,,111.227,,10,,6.000000000000001,"LINESTRING (11.3969018 47.2581735, 11.3970352 47.2581985, 11.3975248 47.258273, 11.3982359 47.2583812, 11.398336 47.2584026)"
608,8.0,,10.0,,73.322,,5,,6.000000000000001,"LINESTRING (11.398336 47.2584026, 11.3984077 47.2590602)"
609,8.0,,10.0,,53.202999999999996,,5,,4.0,"LINESTRING (11.398336 47.2584026, 11.3984659 47.2581228, 11.3985106 47.2579402)"
610,8.0,,10.0,,86.397,,10,,5.0,"LINESTRING (11.398336 47.2584026, 11.3984293 47.25841, 11.3992655 47.258366, 11.39935 47.2583652, 11.3994776 47.2583682)"
611,8.0,,10.0,,113.471,,5,,5.0,"LINESTRING (11.391844 47.2573055, 11.3903405 47.2572977)"
612,6.0,,10.0,,63.737,,5,,7.000000000000001,"LINESTRING (11.391844 47.2573055, 11.3918465 47.2567323)"
613,6.0,,10.0,,38.508,,5,,7.000000000000001,"LINESTRING (11.391844 47.2573055, 11.3918401 47.2576518)"
614,8.0,,10.0,,90.137,,5,,6.000000000000001,"LINESTRING (11.391844 47.2573055, 11.3919051 47.2573068, 11.3929638 47.2573326, 11.3930376 47.2573345)"
615,8.0,,10.0,,39.176,,5,,7.000000000000001,"LINESTRING (11.3918318 47.258491, 11.3919627 47.2584886, 11.3923508 47.2584835)"
616,8.0,,10.0,,22.9,,5,,7.000000000000001,"LINESTRING (11.3918318 47.258491, 11.3916887 47.2584886, 11.3915285 47.2584849)"
617,6.0,,10.0,,93.31700000000001,,5,,7.000000000000001,"LINESTRING (11.3918318 47.258491, 11.3918318 47.2583915, 11.3918401 47.2576518)"
618,6.0,,10.0,,67.451,,5,,7.000000000000001,"LINESTRING (11.3918318 47.258491, 11.3918315 47.2585882, 11.3918279 47.2590976)"
619,8.0,,10.0,9.0,150.11,9.0,5,,7.000000000000001,"LINESTRING (11.3918192 47.2602773, 11.3918008 47.260278, 11.3916826 47.2602825, 11.3912096 47.2603006, 11.3911458 47.260303, 11.3904542 47.2603295, 11.3900001 47.2603469, 11.3899464 47.260349, 11.3898332 47.2603533)"
620,8.0,9.0,10.0,,106.36399999999999,,10,,5.0,"LINESTRING (11.3918192 47.2602773, 11.3919064 47.2602423, 11.3929152 47.2596771)"
621,6.0,,10.0,,43.717999999999996,,5,,6.000000000000001,"LINESTRING (11.3918192 47.2602773, 11.3917954 47.260359, 11.3917068 47.260663)"
622,6.0,,10.0,,53.863,,5,,6.000000000000001,"LINESTRING (11.3918192 47.2602773, 11.3918202 47.2601778, 11.3918229 47.2597929)"
623,8.0,,10.0,,26.498,,5,,7.000000000000001,"LINESTRING (11.3900231 47.2584411, 11.3901948 47.2584538, 11.3903731 47.258458)"
624,8.0,,10.0,,45.434,,5,,7.000000000000001,"LINESTRING (11.3900231 47.2584411, 11.3898167 47.2584207, 11.3894253 47.2583934)"
625,8.0,,10.0,,246.625,,5,,7.000000000000001,"LINESTRING (11.3900231 47.2584411, 11.3900044 47.2582925, 11.3899458 47.2576501, 11.3899427 47.2576157, 11.3899299 47.257299, 11.389928 47.2571842, 11.3899094 47.2563814, 11.3898399 47.2562325)"
626,8.0,,10.0,,108.22500000000001,,5,,7.000000000000001,"LINESTRING (11.3900231 47.2584411, 11.390033 47.2585342, 11.3899324 47.2594115)"
627,8.0,,10.0,,104.867,,5,,7.000000000000001,"LINESTRING (11.3883431 47.2582485, 11.3869968 47.258015)"
628,8.0,,10.0,,96.067,,5,,5.0,"LINESTRING (11.3883431 47.2582485, 11.3882599 47.2573864)"
629,8.0,,10.0,9.0,78.637,,5,,6.000000000000001,"LINESTRING (11.3883431 47.2582485, 11.3882271 47.2589513)"
630,8.0,,10.0,,83.514,,5,,7.000000000000001,"LINESTRING (11.3883431 47.2582485, 11.388951 47.2583603, 11.3894253 47.2583934)"
631,8.0,,10.0,,104.867,,5,,6.000000000000001,"LINESTRING (11.3869968 47.258015, 11.3883431 47.2582485)"
632,8.0,,10.0,,98.52799999999999,,10,,4.0,"LINESTRING (11.3869968 47.258015, 11.3869612 47.258114, 11.3869515 47.25816, 11.3869006 47.2588969)"
633,8.0,,10.0,,109.575,,5,,5.0,"LINESTRING (11.3869968 47.258015, 11.3870134 47.2579363, 11.3870434 47.2575047, 11.3870637 47.2571435, 11.3870703 47.2570312)"
634,8.0,,10.0,9.0,78.637,,5,,7.000000000000001,"LINESTRING (11.3882271 47.2589513, 11.3883431 47.2582485)"
635,8.0,,10.0,9.0,38.88,,5,,6.000000000000001,"LINESTRING (11.3882271 47.2589513, 11.3881756 47.2592992)"
636,8.0,,10.0,,100.289,,10,,3.0000000000000004,"LINESTRING (11.3869006 47.2588969, 11.3882271 47.2589513)"
637,8.0,,10.0,,157.734,,10,,3.0000000000000004,"LINESTRING (11.3869006 47.2588969, 11.3868684 47.2593167, 11.3867762 47.2603129)"
638,8.0,,10.0,9.0,38.88,,5,,5.0,"LINESTRING (11.3881756 47.2592992, 11.3882271 47.2589513)"
639,8.0,,10.0,,133.165,,5,,6.000000000000001,"LINESTRING (11.3881756 47.2592992, 11.3899324 47.2594115)"
640,8.0,,10.0,9.0,112.129,,5,,7.000000000000001,"LINESTRING (11.3881756 47.2592992, 11.3881402 47.2595238, 11.3880098 47.2603013)"
641,8.0,,10.0,,133.165,,5,,6.000000000000001,"LINESTRING (11.3899324 47.2594115, 11.3881756 47.2592992)"
642,8.0,,10.0,,108.22500000000001,,5,,7.000000000000001,"LINESTRING (11.3899324 47.2594115, 11.390033 47.2585342, 11.3900231 47.2584411)"
643,8.0,,10.0,,104.991,,5,,7.000000000000001,"LINESTRING (11.3899324 47.2594115, 11.389842 47.2602695, 11.3898332 47.2603533)"
644,8.0,,10.0,9.0,72.709,,5,,7.000000000000001,"LINESTRING (11.3878864 47.2609498, 11.3880098 47.2603013)"
645,8.0,9.0,10.0,,131.476,,10,,6.000000000000001,"LINESTRING (11.3878864 47.2609498, 11.3879706 47.2609567, 11.3895001 47.261082, 11.3896161 47.2610915)"
646,6.0,,10.0,,71.591,,5,1.0,4.0,"LINESTRING (11.3878864 47.2609498, 11.3877874 47.2609425, 11.3869432 47.2608807)"
647,8.0,,10.0,,83.70400000000001,,5,,7.000000000000001,"LINESTRING (11.3896161 47.2610915, 11.3896351 47.2610268, 11.3898144 47.2604173, 11.3898332 47.2603533)"
648,8.0,,10.0,,121.812,,5,,7.000000000000001,"LINESTRING (11.3896161 47.2610915, 11.3895935 47.2611703, 11.3893274 47.2620981, 11.3893077 47.2621668)"
649,8.0,9.0,10.0,,145.77,,10,,6.000000000000001,"LINESTRING (11.3896161 47.2610915, 11.3897056 47.2610994, 11.3913867 47.2612478, 11.3915311 47.2612631)"
650,8.0,,10.0,,114.312,,10,,6.000000000000001,"LINESTRING (11.387743 47.2619725, 11.3877385 47.2619033, 11.3878864 47.2609498)"
651,6.0,,10.0,,45.601,,10,,5.0,"LINESTRING (11.387743 47.2619725, 11.3876721 47.2619933, 11.3872483 47.2619388, 11.3871664 47.2619052)"
652,8.0,,10.0,,121.81199999999998,,5,,6.000000000000001,"LINESTRING (11.3893077 47.2621668, 11.3893274 47.2620981, 11.3895935 47.2611703, 11.3896161 47.2610915)"
653,8.0,,10.0,,201.031,,5,,6.000000000000001,"LINESTRING (11.3893077 47.2621668, 11.3892908 47.2622259, 11.3888293 47.2638572, 11.3888006 47.2639416)"
654,8.0,,10.0,,12.551,,10,,5.0,"LINESTRING (11.3893077 47.2621668, 11.3892838 47.2621636, 11.3891854 47.2621504, 11.3891445 47.262145)"
655,8.0,,10.0,,145.167,,5,,7.000000000000001,"LINESTRING (11.3893077 47.2621668, 11.3894328 47.2621795, 11.3902685 47.2622641, 11.3910456 47.2623343, 11.391194 47.2623523, 11.3912113 47.2623544)"
656,8.0,,10.0,7.0,60.853,5.0,5,,7.000000000000001,"LINESTRING (11.3871594 47.2635689, 11.3867458 47.2638475, 11.3865988 47.2639619)"
657,8.0,,10.0,7.0,10.983,,5,,5.0,"LINESTRING (11.3871594 47.2635689, 11.3871928 47.2635596, 11.3872274 47.2635594, 11.3872996 47.2635728)"
658,8.0,,10.0,,201.031,,5,,7.000000000000001,"LINESTRING (11.3888006 47.2639416, 11.3888293 47.2638572, 11.3892908 47.2622259, 11.3893077 47.2621668)"
659,8.0,,10.0,,145.619,,5,,7.000000000000001,"LINESTRING (11.3888006 47.2639416, 11.3893246 47.2640695, 11.3904607 47.264341, 11.3906199 47.2643783)"
660,8.0,,10.0,,33.549,,5,,6.000000000000001,"LINESTRING (11.3888006 47.2639416, 11.3886582 47.2639067, 11.3883824 47.2638392)"
661,6.0,,10.0,,107.02600000000001,,5,,7.000000000000001,"LINESTRING (11.3906199 47.2643783, 11.3906242 47.2643641, 11.3906307 47.2643426, 11.3906466 47.2642902, 11.3908922 47.2634337)"
662,8.0,,10.0,,145.619,,5,,7.000000000000001,"LINESTRING (11.3906199 47.2643783, 11.3904607 47.264341, 11.3893246 47.2640695, 11.3888006 47.2639416)"
663,6.0,,10.0,,101.02099999999999,,5,,7.000000000000001,"LINESTRING (11.3906199 47.2643783, 11.3905795 47.2644775, 11.3904395 47.2646685, 11.3900401 47.2651951)"
664,8.0,,10.0,,102.125,,5,,8.0,"LINESTRING (11.3906199 47.2643783, 11.3906351 47.2643817, 11.3906661 47.2643886, 11.3907697 47.2644118, 11.3917523 47.2646553, 11.391892 47.2646916)"
665,8.0,,10.0,,91.81700000000001,,5,,7.000000000000001,"LINESTRING (11.391892 47.2646916, 11.3918585 47.2648079, 11.3918484 47.2648423, 11.3917298 47.2652479, 11.3916773 47.2654275, 11.3916564 47.2655017)"
666,8.0,,10.0,,187.92199999999997,9.0,5,,7.000000000000001,"LINESTRING (11.391892 47.2646916, 11.3920073 47.2647213, 11.3925218 47.2648527, 11.3926467 47.2648846, 11.3928485 47.2649362, 11.3930442 47.2649862, 11.3933772 47.2650627, 11.3935693 47.2651073, 11.3942416 47.2652503)"
667,8.0,,10.0,,102.125,,5,,8.0,"LINESTRING (11.391892 47.2646916, 11.3917523 47.2646553, 11.3907697 47.2644118, 11.3906661 47.2643886, 11.3906351 47.2643817, 11.3906199 47.2643783)"
668,8.0,,10.0,,72.98400000000001,,5,,7.000000000000001,"LINESTRING (11.391892 47.2646916, 11.3919201 47.2645855, 11.3919302 47.2645468, 11.3920607 47.2640453)"
669,6.0,,10.0,,13.603,,5,,5.0,"LINESTRING (11.3932645 47.2625406, 11.393443 47.2625577)"
670,6.0,,10.0,,59.589999999999996,,5,,5.0,"LINESTRING (11.3932645 47.2625406, 11.3931347 47.2625284, 11.3924817 47.26247)"
671,8.0,9.0,10.0,,74.035,,10,,4.0,"LINESTRING (11.3932645 47.2625406, 11.3932814 47.2624689, 11.3933681 47.2620892, 11.3934143 47.2618826)"
672,8.0,9.0,10.0,,116.587,,10,,4.0,"LINESTRING (11.3934884 47.2615616, 11.3935926 47.2615763, 11.3948956 47.2617961, 11.3949889 47.2618111)"
673,8.0,9.0,10.0,,108.18799999999999,,10,,4.0,"LINESTRING (11.3934884 47.2615616, 11.3934983 47.2615206, 11.3936391 47.260978, 11.3936981 47.2606984, 11.3937154 47.2606011)"
674,8.0,9.0,10.0,,55.525,,10,,5.0,"LINESTRING (11.3915311 47.2612631, 11.3916546 47.2612789, 11.392251 47.2613662)"
675,6.0,,10.0,,123.73100000000001,,5,,7.000000000000001,"LINESTRING (11.3915311 47.2612631, 11.3915107 47.2613274, 11.3913419 47.2618894, 11.3912298 47.2622772, 11.3912113 47.2623544)"
676,6.0,,10.0,,47.62,,5,,6.000000000000001,"LINESTRING (11.3915311 47.2612631, 11.3915554 47.2611827, 11.3916544 47.2608431)"
677,6.0,,10.0,,33.149,,5,,6.000000000000001,"LINESTRING (11.3949889 47.2618111, 11.3949048 47.2621037)"
678,6.0,,10.0,,40.061,,5,,6.000000000000001,"LINESTRING (11.3949889 47.2618111, 11.3950004 47.2617745, 11.3951 47.2614588)"
679,8.0,,10.0,9.0,64.981,,5,,5.0,"LINESTRING (11.3932853 47.2562101, 11.3932304 47.2567933)"
680,2.0,,10.0,,107.70500000000001,,10,,6.000000000000001,"LINESTRING (11.3932853 47.2562101, 11.3926006 47.2561677, 11.3922794 47.2561487, 11.3919099 47.2561177, 11.3918654 47.256114)"
681,2.0,,10.0,,106.489,9.0,10,,4.0,"LINESTRING (11.3946898 47.2563019, 11.3943376 47.2562799, 11.3932853 47.2562101)"
682,6.0,,10.0,,14.674,,5,,4.0,"LINESTRING (11.3943793 47.2583354, 11.3942874 47.2584517)"
683,8.0,,10.0,9.0,107.318,,10,,4.0,"LINESTRING (11.3943793 47.2583354, 11.3943933 47.2582436, 11.3944514 47.257863, 11.3944625 47.2577902, 11.3944988 47.2575529, 11.3945259 47.2573754)"
684,6.0,,10.0,,37.727000000000004,,5,,5.0,"LINESTRING (11.3943793 47.2583354, 11.394642 47.2582983, 11.3948734 47.2582921)"
685,8.0,,10.0,,68.03799999999998,,10,,3.0000000000000004,"LINESTRING (11.3967815 47.2594069, 11.396844 47.259412, 11.3970199 47.2594811, 11.3971053 47.2595779, 11.3973207 47.2597898, 11.3973389 47.2598051, 11.3973556 47.2598145, 11.3973742 47.2598212, 11.3973917 47.2598243)"
686,6.0,,10.0,,44.884,,10,,3.0000000000000004,"LINESTRING (11.3967815 47.2594069, 11.3967312 47.2594928, 11.396514 47.2596923, 11.3964475 47.2597365)"
687,8.0,,10.0,9.0,104.076,,5,,6.000000000000001,"LINESTRING (11.3824979 47.2592922, 11.3835878 47.2587187)"
688,8.0,,10.0,9.0,80.525,,5,,5.0,"LINESTRING (11.3824979 47.2592922, 11.3831559 47.2598623)"
689,8.0,,10.0,9.0,106.363,,5,,5.0,"LINESTRING (11.3824979 47.2592922, 11.3816442 47.2585311)"
690,8.0,,10.0,9.0,89.073,,5,,8.0,"LINESTRING (11.3824979 47.2592922, 11.381683 47.2597205, 11.3815623 47.2597805)"
691,8.0,,10.0,9.0,80.525,,5,,5.0,"LINESTRING (11.3831559 47.2598623, 11.3824979 47.2592922)"
692,8.0,,10.0,9.0,106.363,,5,,5.0,"LINESTRING (11.3816442 47.2585311, 11.3824979 47.2592922)"
693,8.0,,10.0,9.0,104.076,,5,,6.000000000000001,"LINESTRING (11.3835878 47.2587187, 11.3824979 47.2592922)"
694,8.0,,10.0,9.0,197.27799999999996,10.0,10,,5.0,"LINESTRING (11.3835878 47.2587187, 11.3837241 47.2590048, 11.3838229 47.2593479, 11.3838858 47.2595929, 11.3839287 47.2599066, 11.3839873 47.2602134, 11.3840243 47.2603634, 11.3840316 47.2604176, 11.3840465 47.2604607)"
695,5.0,,10.0,,42.385,,5,,5.0,"LINESTRING (11.3847487 47.2624826, 11.3844007 47.2621834)"
696,5.0,,10.0,,83.46600000000001,,5,,6.000000000000001,"LINESTRING (11.3847487 47.2624826, 11.3851907 47.262855, 11.3854425 47.2630672)"
697,5.0,,10.0,,114.122,9.0,5,,7.000000000000001,"LINESTRING (11.3828488 47.2608448, 11.3837839 47.2616514)"
698,6.0,,,,59.797,,5,,7.000000000000001,"LINESTRING (11.3828488 47.2608448, 11.382235 47.2611849)"
699,8.0,,10.0,9.0,100.731,9.0,5,,7.000000000000001,"LINESTRING (11.3828488 47.2608448, 11.3830775 47.2607312, 11.3835442 47.2605694, 11.3836513 47.2605427, 11.3840465 47.2604607)"
700,5.0,,10.0,,153.097,,5,,8.0,"LINESTRING (11.3828488 47.2608448, 11.3827734 47.2607803, 11.3820615 47.2601756, 11.3818416 47.26, 11.3816644 47.2598634, 11.3815623 47.2597805)"
701,6.0,,,,19.168,,5,,5.0,"LINESTRING (11.3815623 47.2597805, 11.3813641 47.2598883)"
702,5.0,,10.0,,67.454,5.0,5,,7.000000000000001,"LINESTRING (11.3815623 47.2597805, 11.3810097 47.2593037)"
703,8.0,,10.0,9.0,89.073,,5,,8.0,"LINESTRING (11.3815623 47.2597805, 11.381683 47.2597205, 11.3824979 47.2592922)"
704,5.0,,10.0,,153.097,,5,,8.0,"LINESTRING (11.3815623 47.2597805, 11.3816644 47.2598634, 11.3818416 47.26, 11.3820615 47.2601756, 11.3827734 47.2607803, 11.3828488 47.2608448)"
705,8.0,,10.0,,68.27799999999999,,5,,6.000000000000001,"LINESTRING (11.3947007 47.264788, 11.3945652 47.2650079, 11.3944409 47.2652264, 11.3943584 47.2652534, 11.3942416 47.2652503)"
706,8.0,,10.0,,57.858999999999995,,5,,6.000000000000001,"LINESTRING (11.3947007 47.264788, 11.3947261 47.2647246, 11.3947825 47.2645569, 11.394829 47.2643519, 11.394827 47.2642767)"
707,8.0,,10.0,9.0,102.475,,5,,7.000000000000001,"LINESTRING (11.3947007 47.264788, 11.3948063 47.2648029, 11.3960377 47.2649494)"
708,8.0,9.0,10.0,,25.589,,5,,7.000000000000001,"LINESTRING (11.3970904 47.2651004, 11.3970456 47.2649527, 11.397022 47.264875)"
709,8.0,,10.0,,81.527,,5,,8.0,"LINESTRING (11.3970904 47.2651004, 11.3969321 47.2650528, 11.3960377 47.2649494)"
710,8.0,9.0,10.0,,85.72699999999999,,5,,7.000000000000001,"LINESTRING (11.3970904 47.2651004, 11.3971341 47.2652435, 11.3972759 47.2657207, 11.3973161 47.265856)"
711,8.0,,10.0,,69.21799999999999,,5,,6.000000000000001,"LINESTRING (11.3970904 47.2651004, 11.3972442 47.2651491, 11.3973264 47.2651531, 11.3975481 47.2651266, 11.3975731 47.2651236, 11.3979801 47.2650698)"
712,8.0,9.0,10.0,,87.382,,5,,6.000000000000001,"LINESTRING (11.397022 47.264875, 11.3967885 47.2641053)"
713,8.0,9.0,10.0,,25.589,,5,,7.000000000000001,"LINESTRING (11.397022 47.264875, 11.3970456 47.2649527, 11.3970904 47.2651004)"
714,9.0,,10.0,,77.72399999999999,,5,,6.000000000000001,"LINESTRING (11.397022 47.264875, 11.3972184 47.2648457, 11.3972929 47.2647841, 11.3974795 47.2647585, 11.3979908 47.2646901)"
715,8.0,9.0,10.0,,42.243,,10,,5.0,"LINESTRING (11.3979908 47.2646901, 11.3979765 47.2649934, 11.3979801 47.2650698)"
716,9.0,,10.0,,77.72399999999999,,5,,6.000000000000001,"LINESTRING (11.3979908 47.2646901, 11.3974795 47.2647585, 11.3972929 47.2647841, 11.3972184 47.2648457, 11.397022 47.264875)"
717,5.0,,6.0,,35.875,,5,,4.0,"LINESTRING (11.3979908 47.2646901, 11.3977969 47.2648068, 11.3977671 47.2648248, 11.3976431 47.2649099)"
718,8.0,,10.0,,3.725,,5,,6.000000000000001,"LINESTRING (11.3916471 47.2655346, 11.3916564 47.2655017)"
719,8.0,,10.0,,5.775,,5,,5.0,"LINESTRING (11.3916471 47.2655346, 11.3916544 47.2655863)"
720,8.0,,10.0,,65.387,,5,,6.000000000000001,"LINESTRING (11.3916471 47.2655346, 11.3915203 47.2655099, 11.3908193 47.2653608)"
721,8.0,,10.0,,61.616,,5,,6.000000000000001,"LINESTRING (11.3900401 47.2651951, 11.3908193 47.2653608)"
722,6.0,,10.0,,86.785,5.0,5,,7.000000000000001,"LINESTRING (11.3900401 47.2651951, 11.3900228 47.2652182, 11.3896319 47.2657391, 11.3895898 47.2657952, 11.3895182 47.2658906)"
723,6.0,,10.0,,101.021,,5,,7.000000000000001,"LINESTRING (11.3900401 47.2651951, 11.3904395 47.2646685, 11.3905795 47.2644775, 11.3906199 47.2643783)"
724,8.0,,10.0,,117.18,,10,,3.0000000000000004,"LINESTRING (11.3926325 47.2614221, 11.3923481 47.2624581)"
725,8.0,9.0,10.0,,1.497,,10,,3.0000000000000004,"LINESTRING (11.3926325 47.2614221, 11.3926518 47.2614252)"
726,8.0,,10.0,,13.814,,5,,6.000000000000001,"LINESTRING (11.4008678 47.2521782, 11.4007171 47.2522487)"
727,8.0,,10.0,,30.101999999999997,,5,,6.000000000000001,"LINESTRING (11.4008678 47.2521782, 11.4008629 47.2521298, 11.4008605 47.2520838, 11.4009093 47.2519654, 11.4009117 47.2519122)"
728,8.0,,10.0,,126.416,,5,,6.000000000000001,"LINESTRING (11.4008678 47.2521782, 11.401078 47.2520911, 11.4012423 47.2520527, 11.4014421 47.2520284, 11.4016788 47.2520215, 11.4018723 47.2520388, 11.4021942 47.252088, 11.4023022 47.2521154, 11.402357 47.2521293, 11.4024657 47.2521569)"
729,8.0,,10.0,,83.376,,5,,6.000000000000001,"LINESTRING (11.3986929 47.2649725, 11.3987327 47.2651033, 11.398783 47.2652829, 11.3988406 47.2654888, 11.3988748 47.2656059, 11.3989032 47.2657086)"
730,8.0,,10.0,,104.475,,5,,6.000000000000001,"LINESTRING (11.3986929 47.2649725, 11.3999618 47.2647992, 11.4000113 47.2647924, 11.4000503 47.2647874)"
731,8.0,,10.0,,54.864,,5,,5.0,"LINESTRING (11.3986929 47.2649725, 11.3985575 47.264991, 11.3983415 47.2650205, 11.3981254 47.26505, 11.3979801 47.2650698)"
732,8.0,,10.0,,85.687,,5,,6.000000000000001,"LINESTRING (11.3992063 47.2667589, 11.3991768 47.2666661, 11.3991164 47.2664548, 11.3989871 47.2660028)"
733,8.0,9.0,10.0,,131.642,,5,,7.000000000000001,"LINESTRING (11.3992063 47.2667589, 11.3994034 47.2667225, 11.4007822 47.2665322, 11.4009133 47.2665157)"
734,8.0,,10.0,,36.757,,5,,7.000000000000001,"LINESTRING (11.3992063 47.2667589, 11.3992504 47.2669007, 11.3993092 47.267082)"
735,8.0,9.0,10.0,9.0,81.161,,5,,7.000000000000001,"LINESTRING (11.3992063 47.2667589, 11.3990398 47.2667842, 11.3986335 47.2668408, 11.3981524 47.2669047)"
736,8.0,,10.0,9.0,234.184,,5,,6.000000000000001,"LINESTRING (11.3993092 47.267082, 11.3994066 47.2673977, 11.3995086 47.2677177, 11.3995215 47.2677803, 11.3995195 47.2678297, 11.3995074 47.2678788, 11.3992811 47.2685059, 11.3990532 47.2690729, 11.3990365 47.2691322)"
737,6.0,,,,59.434,,5,,4.0,"LINESTRING (11.3993092 47.267082, 11.3996051 47.2670464, 11.3997651 47.2670716, 11.4000109 47.2672137)"
738,8.0,,10.0,,36.757,,5,,7.000000000000001,"LINESTRING (11.3993092 47.267082, 11.3992504 47.2669007, 11.3992063 47.2667589)"
739,8.0,,10.0,,23.946,,5,,5.0,"LINESTRING (11.3990365 47.2691322, 11.399341 47.2691929)"
740,8.0,,10.0,9.0,234.184,,5,,6.000000000000001,"LINESTRING (11.3990365 47.2691322, 11.3990532 47.2690729, 11.3992811 47.2685059, 11.3995074 47.2678788, 11.3995195 47.2678297, 11.3995215 47.2677803, 11.3995086 47.2677177, 11.3994066 47.2673977, 11.3993092 47.267082)"
741,8.0,,10.0,,194.081,,5,,6.000000000000001,"LINESTRING (11.3990365 47.2691322, 11.3989068 47.2691125, 11.3981658 47.2690002, 11.3980616 47.2689703, 11.3979695 47.2689355, 11.3975875 47.2688868, 11.3965411 47.2687262)"
742,8.0,,10.0,,23.946,,5,,6.000000000000001,"LINESTRING (11.399341 47.2691929, 11.3990365 47.2691322)"
743,8.0,,10.0,,67.46799999999999,,5,,6.000000000000001,"LINESTRING (11.399341 47.2691929, 11.3993814 47.2692227, 11.3994123 47.2692526, 11.3994343 47.2692848, 11.3994552 47.2693227, 11.3995012 47.2694127, 11.399654 47.2697559)"
744,8.0,,10.0,,19.386,,5,,6.000000000000001,"LINESTRING (11.4002285 47.2720538, 11.4001967 47.2718808)"
745,8.0,,10.0,,163.166,,5,,6.000000000000001,"LINESTRING (11.4002285 47.2720538, 11.4002952 47.2720454, 11.402355 47.2717867)"
746,8.0,,10.0,,96.42699999999999,,5,,6.000000000000001,"LINESTRING (11.4002285 47.2720538, 11.4002997 47.2724576, 11.4003667 47.272837, 11.4003782 47.272915)"
747,8.0,,10.0,,47.172,,5,,4.0,"LINESTRING (11.402355 47.2717867, 11.4023358 47.271719, 11.402237 47.2713701)"
748,8.0,,10.0,,84.87899999999999,,5,,5.0,"LINESTRING (11.402355 47.2717867, 11.4025112 47.2724628, 11.4025295 47.2725408)"
749,8.0,,10.0,,163.166,,5,,6.000000000000001,"LINESTRING (11.402355 47.2717867, 11.4002952 47.2720454, 11.4002285 47.2720538)"
750,8.0,,10.0,9.0,154.79800000000003,,5,,5.0,"LINESTRING (11.4023999 47.2726776, 11.402251 47.2726957, 11.4004835 47.2729027, 11.4003782 47.272915)"
751,8.0,,10.0,,20.095,,10,,4.0,"LINESTRING (11.4023999 47.2726776, 11.4023974 47.2726325, 11.4024214 47.2725903, 11.4024679 47.272558, 11.4025295 47.2725408)"
752,8.0,,10.0,,18.602,,10,,4.0,"LINESTRING (11.4025884 47.2727614, 11.4025268 47.2727607, 11.4024698 47.2727447, 11.4024255 47.2727157, 11.4023999 47.2726776)"
753,8.0,,,,113.96,,5,,6.000000000000001,"LINESTRING (11.4025884 47.2727614, 11.4026068 47.2728441, 11.4027017 47.273273, 11.40279 47.2737042, 11.4028046 47.2737757)"
754,8.0,,10.0,,19.551000000000002,,10,,4.0,"LINESTRING (11.4027231 47.2726311, 11.4027218 47.272675, 11.4026958 47.2727153, 11.4026489 47.2727456, 11.4025884 47.2727614)"
755,8.0,,10.0,9.0,25.368000000000002,,5,,5.0,"LINESTRING (11.4027231 47.2726311, 11.4028571 47.2726163, 11.403055 47.2725946)"
756,8.0,,10.0,9.0,154.79800000000003,,5,,6.000000000000001,"LINESTRING (11.4003782 47.272915, 11.4004835 47.2729027, 11.402251 47.2726957, 11.4023999 47.2726776)"
757,8.0,,10.0,,126.69,,5,,8.0,"LINESTRING (11.4003782 47.272915, 11.4005551 47.2739742, 11.4005673 47.2740471)"
758,8.0,,10.0,,96.42699999999999,,5,,7.000000000000001,"LINESTRING (11.4003782 47.272915, 11.4003667 47.272837, 11.4002997 47.2724576, 11.4002285 47.2720538)"
759,8.0,,,,102.724,,5,,6.000000000000001,"LINESTRING (11.4082791 47.2738391, 11.4072763 47.274464)"
760,8.0,,,,102.05799999999999,,5,,7.000000000000001,"LINESTRING (11.4082791 47.2738391, 11.4074913 47.2733034, 11.4073236 47.2731894)"
761,8.0,,,,184.92100000000002,,5,,7.000000000000001,"LINESTRING (11.4082791 47.2738391, 11.4096191 47.2747801, 11.4098762 47.2749606, 11.4099822 47.2750351)"
762,6.0,,10.0,,30.585999999999995,,5,,7.000000000000001,"LINESTRING (11.4073236 47.2731894, 11.4074436 47.2731684, 11.4076786 47.2731274, 11.4077159 47.2731201)"
763,8.0,,,,149.339,,5,,7.000000000000001,"LINESTRING (11.4073236 47.2731894, 11.4072291 47.2731212, 11.4059681 47.2722107)"
764,8.0,,,,102.05799999999999,,5,,7.000000000000001,"LINESTRING (11.4073236 47.2731894, 11.4074913 47.2733034, 11.4082791 47.2738391)"
765,6.0,,,,73.855,,5,,7.000000000000001,"LINESTRING (11.4073236 47.2731894, 11.4071627 47.2732122, 11.4063654 47.2733253)"
766,8.0,,,,78.375,,5,,7.000000000000001,"LINESTRING (11.4059681 47.2722107, 11.4057768 47.2722388, 11.4050214 47.2723499, 11.4049535 47.2723618)"
767,8.0,,,,59.547,,5,,5.0,"LINESTRING (11.4059681 47.2722107, 11.4055051 47.2719038, 11.4054074 47.2718339)"
768,8.0,,,,149.339,,5,,7.000000000000001,"LINESTRING (11.4059681 47.2722107, 11.4072291 47.2731212, 11.4073236 47.2731894)"
769,8.0,,,,104.47899999999998,,5,,7.000000000000001,"LINESTRING (11.4047833 47.2714333, 11.4048351 47.2715209, 11.4048616 47.2716139, 11.4049535 47.2723618)"
770,8.0,,10.0,,182.64999999999998,,5,,7.000000000000001,"LINESTRING (11.4047833 47.2714333, 11.4047061 47.2713554, 11.4046275 47.2712903, 11.4045578 47.2712348, 11.4041607 47.2709564, 11.4038142 47.2706778, 11.4035594 47.2704408, 11.4032703 47.2701554)"
771,8.0,,,,57.05200000000001,,5,,6.000000000000001,"LINESTRING (11.4047833 47.2714333, 11.404985 47.2715417, 11.4053356 47.2717825)"
772,8.0,9.0,10.0,,60.764,,10,,5.0,"LINESTRING (11.4023195 47.2685103, 11.4021724 47.2685583, 11.401578 47.2687231)"
773,8.0,,10.0,7.0,51.300999999999995,9.0,5,,6.000000000000001,"LINESTRING (11.4023195 47.2685103, 11.4022968 47.2684406, 11.402187 47.2680578)"
774,8.0,,10.0,7.0,197.359,9.0,5,,7.000000000000001,"LINESTRING (11.4023195 47.2685103, 11.4023395 47.2685728, 11.402414 47.2687666, 11.4026368 47.2692539, 11.4030519 47.269906, 11.4032703 47.2701554)"
775,8.0,,10.0,,19.257,,10,,3.0000000000000004,"LINESTRING (11.4011768 47.2664173, 11.401411 47.2663485)"
776,10.0,,,,16.269,,10,,3.0000000000000004,"LINESTRING (11.4011768 47.2664173, 11.4013229 47.2663097)"
777,6.0,9.0,10.0,,26.302,,5,,8.0,"LINESTRING (11.4099822 47.2750351, 11.4102608 47.2748929)"
778,8.0,,,,184.921,,5,,7.000000000000001,"LINESTRING (11.4099822 47.2750351, 11.4098762 47.2749606, 11.4096191 47.2747801, 11.4082791 47.2738391)"
779,6.0,,,,56.274,,5,,7.000000000000001,"LINESTRING (11.4099822 47.2750351, 11.4098631 47.2751155, 11.4094535 47.2753921)"
780,8.0,,10.0,,116.56,,5,,7.000000000000001,"LINESTRING (11.4099822 47.2750351, 11.4101453 47.2751448, 11.410514 47.275396, 11.4110794 47.2757731)"
781,6.0,,,,9.819,,5,,5.0,"LINESTRING (11.4089558 47.2757237, 11.4090473 47.2756609)"
782,8.0,,,,137.598,,10,,4.0,"LINESTRING (11.4089558 47.2757237, 11.4102421 47.276601)"
783,6.0,,,,33.089,,5,,5.0,"LINESTRING (11.4089558 47.2757237, 11.4086446 47.2759334)"
784,8.0,,,,25.726,,5,,6.000000000000001,"LINESTRING (11.4072763 47.274464, 11.4075196 47.2746261)"
785,8.0,,,,102.724,,5,,6.000000000000001,"LINESTRING (11.4072763 47.274464, 11.4082791 47.2738391)"
786,8.0,,,,52.211,,5,,6.000000000000001,"LINESTRING (11.4072763 47.274464, 11.4067821 47.2747927)"
787,8.0,,,,25.726,,5,,5.0,"LINESTRING (11.4075196 47.2746261, 11.4072763 47.274464)"
788,6.0,,,,92.671,,10,,3.0000000000000004,"LINESTRING (11.4075196 47.2746261, 11.4066411 47.2752086)"
789,8.0,,,,162.861,,5,,5.0,"LINESTRING (11.4075196 47.2746261, 11.4086004 47.2753582, 11.4086707 47.2754058, 11.4090473 47.2756609)"
790,8.0,9.0,,,24.52,,10,,4.0,"LINESTRING (11.4066411 47.2752086, 11.4064108 47.275053)"
791,8.0,,,,40.28,,5,,6.000000000000001,"LINESTRING (11.4064108 47.275053, 11.4067821 47.2747927)"
792,8.0,,,,86.91,,5,,5.0,"LINESTRING (11.4064108 47.275053, 11.4056554 47.2755458, 11.4056109 47.2755748, 11.4055794 47.275594)"
793,8.0,9.0,,,9.575,,10,,4.0,"LINESTRING (11.4082048 47.2763125, 11.4082954 47.2763728)"
794,8.0,9.0,,,170.247,,10,,3.0000000000000004,"LINESTRING (11.4082048 47.2763125, 11.4077041 47.2759575, 11.4066411 47.2752086)"
795,6.0,,,,54.438,,5,,5.0,"LINESTRING (11.4082048 47.2763125, 11.4082544 47.2762212, 11.4083346 47.2761424, 11.4086446 47.2759334)"
796,6.0,,,,73.39099999999999,,5,,5.0,"LINESTRING (11.4082048 47.2763125, 11.4080934 47.2764596, 11.4075701 47.276804)"
797,6.0,,,,16.333,,5,,4.0,"LINESTRING (11.4072055 47.2770605, 11.4073532 47.2769531)"
798,8.0,,,,186.268,,10,,3.0000000000000004,"LINESTRING (11.4072055 47.2770605, 11.4055092 47.275883, 11.4054799 47.2758624)"
799,6.0,,,,92.483,,5,,6.000000000000001,"LINESTRING (11.4072055 47.2770605, 11.4068221 47.2773153, 11.4065438 47.2775002, 11.4062848 47.2776025)"
800,8.0,,,,23.194,,10,,4.0,"LINESTRING (11.4054799 47.2758624, 11.4054087 47.275882, 11.4053323 47.2758878, 11.4052564 47.2758795, 11.4051866 47.2758577)"
801,6.0,,,,174.388,,5,,8.0,"LINESTRING (11.4050764 47.2734865, 11.4049133 47.2735073, 11.4029178 47.2737613, 11.4028046 47.2737757)"
802,6.0,,,,98.888,,5,,7.000000000000001,"LINESTRING (11.4050764 47.2734865, 11.4052261 47.2734678, 11.405507 47.2734327, 11.4063654 47.2733253)"
803,8.0,,,,16.125999999999998,,5,,7.000000000000001,"LINESTRING (11.4050764 47.2734865, 11.405067 47.2733998, 11.4050622 47.2733418)"
804,8.0,,,,115.679,,5,,7.000000000000001,"LINESTRING (11.4050764 47.2734865, 11.405086 47.2735621, 11.4052079 47.274523)"
805,8.0,,,,166.223,,5,,7.000000000000001,"LINESTRING (11.4052079 47.274523, 11.4051102 47.2745334, 11.4030311 47.274754)"
806,8.0,,,,109.434,,5,,5.0,"LINESTRING (11.4052079 47.274523, 11.405306 47.2753613, 11.4053191 47.2754311, 11.4053244 47.2754744, 11.4053282 47.2755037)"
807,8.0,,,,115.679,,5,,7.000000000000001,"LINESTRING (11.4052079 47.274523, 11.405086 47.2735621, 11.4050764 47.2734865)"
808,6.0,,,,174.38799999999998,,5,,8.0,"LINESTRING (11.4028046 47.2737757, 11.4029178 47.2737613, 11.4049133 47.2735073, 11.4050764 47.2734865)"
809,6.0,,,,171.47000000000003,,5,,8.0,"LINESTRING (11.4028046 47.2737757, 11.4007306 47.2740273, 11.4005673 47.2740471)"
810,8.0,,,,113.96,,5,,6.000000000000001,"LINESTRING (11.4028046 47.2737757, 11.40279 47.2737042, 11.4027017 47.273273, 11.4026068 47.2728441, 11.4025884 47.2727614)"
811,8.0,,,,110.116,,5,,8.0,"LINESTRING (11.4028046 47.2737757, 11.4028266 47.2738706, 11.4030109 47.2746668, 11.4030311 47.274754)"
812,8.0,,,,166.223,,5,,7.000000000000001,"LINESTRING (11.4030311 47.274754, 11.4051102 47.2745334, 11.4052079 47.274523)"
813,8.0,,,,172.459,,5,,8.0,"LINESTRING (11.4030311 47.274754, 11.4009308 47.2749837, 11.4007743 47.2750008)"
814,8.0,,,,110.116,,5,,8.0,"LINESTRING (11.4030311 47.274754, 11.4030109 47.2746668, 11.4028266 47.2738706, 11.4028046 47.2737757)"
815,8.0,,,,126.295,,5,,8.0,"LINESTRING (11.4030311 47.274754, 11.4030486 47.2748266, 11.4032868 47.2758185, 11.4033004 47.275875)"
816,8.0,,,,102.689,,5,,6.000000000000001,"LINESTRING (11.4033004 47.275875, 11.4046458 47.2757349)"
817,8.0,,,,175.15300000000002,,5,,6.000000000000001,"LINESTRING (11.4033004 47.275875, 11.4014369 47.2760663, 11.4010043 47.2761081)"
818,8.0,,,,126.29499999999999,,5,,7.000000000000001,"LINESTRING (11.4033004 47.275875, 11.4032868 47.2758185, 11.4030486 47.2748266, 11.4030311 47.274754)"
819,8.0,,,,177.11100000000002,,10,,5.0,"LINESTRING (11.4033004 47.275875, 11.4033153 47.2759409, 11.4036562 47.2774494)"
820,8.0,,,,39.457,,5,,5.0,"LINESTRING (11.4031357 47.2774146, 11.4036562 47.2774494)"
821,8.0,,,,116.726,,5,,7.000000000000001,"LINESTRING (11.4031357 47.2774146, 11.4021351 47.2782153)"
822,8.0,,10.0,,212.197,,5,,6.000000000000001,"LINESTRING (11.4031357 47.2774146, 11.4013191 47.2763316, 11.4011236 47.2762255, 11.4010111 47.2761644)"
823,8.0,,,,116.726,,5,,7.000000000000001,"LINESTRING (11.4021351 47.2782153, 11.4031357 47.2774146)"
824,6.0,,,,9.343,,5,,7.000000000000001,"LINESTRING (11.4021351 47.2782153, 11.4020455 47.2782733)"
825,2.0,,10.0,7.0,71.112,5.0,5,,7.000000000000001,"LINESTRING (11.4021351 47.2782153, 11.4028375 47.2786418)"
826,2.0,,10.0,7.0,135.14,,5,,8.0,"LINESTRING (11.4021351 47.2782153, 11.4017707 47.2779909, 11.401645 47.2779043, 11.4010313 47.277518, 11.4009751 47.2774882, 11.4008085 47.2773997)"
827,8.0,,,,39.457,,5,,7.000000000000001,"LINESTRING (11.4036562 47.2774494, 11.4031357 47.2774146)"
828,8.0,,,,44.038,,5,,7.000000000000001,"LINESTRING (11.4036562 47.2774494, 11.4037897 47.2774101, 11.4039177 47.2773725, 11.404138 47.2772356)"
829,8.0,,10.0,,139.52,,5,,7.000000000000001,"LINESTRING (11.404138 47.2772356, 11.4054116 47.2781454)"
830,8.0,,,,91.861,,5,,6.000000000000001,"LINESTRING (11.404138 47.2772356, 11.4047122 47.2765071)"
831,8.0,,,,44.038000000000004,,5,,5.0,"LINESTRING (11.404138 47.2772356, 11.4039177 47.2773725, 11.4037897 47.2774101, 11.4036562 47.2774494)"
832,8.0,,10.0,,139.52,,5,,7.000000000000001,"LINESTRING (11.4054116 47.2781454, 11.404138 47.2772356)"
833,8.0,,10.0,,108.76700000000001,,5,,7.000000000000001,"LINESTRING (11.4054116 47.2781454, 11.4055265 47.278292, 11.4063611 47.2788742)"
834,6.0,9.0,10.0,,109.84200000000001,,5,,6.000000000000001,"LINESTRING (11.4054116 47.2781454, 11.4044257 47.278806, 11.40438 47.2788423)"
835,6.0,9.0,10.0,,79.384,,5,,7.000000000000001,"LINESTRING (11.4054116 47.2781454, 11.4060961 47.2776888, 11.4061728 47.2776539)"
836,8.0,,10.0,,108.76700000000001,,5,,8.0,"LINESTRING (11.4063611 47.2788742, 11.4055265 47.278292, 11.4054116 47.2781454)"
837,6.0,,,,34.455,,5,,5.0,"LINESTRING (11.4063611 47.2788742, 11.4064563 47.2789642, 11.4064527 47.2790099, 11.4064406 47.279163)"
838,6.0,,,,135.505,,5,,7.000000000000001,"LINESTRING (11.4063611 47.2788742, 11.4062675 47.2789372, 11.4063614 47.2791028, 11.4063158 47.2794383, 11.406293 47.279606, 11.4057901 47.2798939)"
839,8.0,,,,172.459,,5,,8.0,"LINESTRING (11.4007743 47.2750008, 11.4009308 47.2749837, 11.4030311 47.274754)"
840,8.0,,10.0,,81.113,,5,,7.000000000000001,"LINESTRING (11.4007743 47.2750008, 11.4006091 47.2750176, 11.3997111 47.2751092)"
841,8.0,,10.0,,87.81899999999999,,5,,7.000000000000001,"LINESTRING (11.4007743 47.2750008, 11.4009372 47.2756755, 11.4009624 47.2757802)"
842,8.0,,10.0,,107.191,,5,,8.0,"LINESTRING (11.4007743 47.2750008, 11.4005876 47.2741407, 11.4005673 47.2740471)"
843,6.0,,10.0,,132.397,,5,,7.000000000000001,"LINESTRING (11.4005673 47.2740471, 11.4004358 47.274056, 11.3992087 47.2741391, 11.3988211 47.2741654)"
844,6.0,,,,171.47000000000003,,5,,8.0,"LINESTRING (11.4005673 47.2740471, 11.4007306 47.2740273, 11.4028046 47.2737757)"
845,8.0,,10.0,,107.191,,5,,8.0,"LINESTRING (11.4005673 47.2740471, 11.4005876 47.2741407, 11.4007743 47.2750008)"
846,8.0,,10.0,,126.69,,5,,7.000000000000001,"LINESTRING (11.4005673 47.2740471, 11.4005551 47.2739742, 11.4003782 47.272915)"
847,8.0,,10.0,,10.125,,5,,7.000000000000001,"LINESTRING (11.399846 47.2702058, 11.399811 47.2701179)"
848,6.0,,,,47.715,,5,,5.0,"LINESTRING (11.399846 47.2702058, 11.3992137 47.2702136)"
849,8.0,,10.0,,13.459,,5,,7.000000000000001,"LINESTRING (11.399846 47.2702058, 11.3998555 47.2702418, 11.3998653 47.2702785, 11.3998761 47.2703251)"
850,8.0,,10.0,,153.851,,5,,7.000000000000001,"LINESTRING (11.399846 47.2702058, 11.3999602 47.2702038, 11.4008695 47.2701851, 11.4018841 47.2701627)"
851,8.0,,10.0,9.0,341.194,,10,,5.0,"LINESTRING (11.3958691 47.273149, 11.3985665 47.2730011, 11.4002366 47.2729219, 11.4003046 47.2729185, 11.4003782 47.272915)"
852,2.0,,10.0,7.0,84.492,5.0,5,,5.0,"LINESTRING (11.3958691 47.273149, 11.3960601 47.2734368, 11.396254 47.2737291, 11.3963436 47.2738368)"
853,2.0,,10.0,,211.467,,5,,4.0,"LINESTRING (11.3958691 47.273149, 11.3958135 47.2730529, 11.3957599 47.2728939, 11.3957369 47.2727991, 11.3957122 47.272683, 11.3956705 47.2723775, 11.3955989 47.2719093, 11.3955566 47.2715908, 11.3955388 47.2715301, 11.3955048 47.2714514, 11.3954434 47.2713719, 11.395352 47.2713052)"
854,2.0,,10.0,7.0,57.564,5.0,5,,6.000000000000001,"LINESTRING (11.3967153 47.2742889, 11.3963436 47.2738368)"
855,6.0,,10.0,,24.194,,5,,6.000000000000001,"LINESTRING (11.3967153 47.2742889, 11.3968916 47.2742786, 11.3970348 47.2742702)"
856,2.0,,10.0,7.0,22.578,5.0,5,,6.000000000000001,"LINESTRING (11.3967153 47.2742889, 11.39679 47.2743668, 11.3968785 47.2744591)"
857,6.0,,10.0,,11.724,,5,,6.000000000000001,"LINESTRING (11.4008085 47.2773997, 11.4007821 47.2775036)"
858,8.0,,10.0,,138.64,,5,,7.000000000000001,"LINESTRING (11.4008085 47.2773997, 11.4008349 47.2772958, 11.4008519 47.2772288, 11.4009604 47.2768558, 11.4010204 47.2763698, 11.4010111 47.2761644)"
859,2.0,,10.0,7.0,135.14,,5,,8.0,"LINESTRING (11.4008085 47.2773997, 11.4009751 47.2774882, 11.4010313 47.277518, 11.401645 47.2779043, 11.4017707 47.2779909, 11.4021351 47.2782153)"
860,2.0,,10.0,7.0,240.103,,5,,7.000000000000001,"LINESTRING (11.4008085 47.2773997, 11.4005011 47.2772248, 11.3996641 47.27672, 11.3991549 47.276401, 11.3986566 47.2760451, 11.3984977 47.2759186)"
861,2.0,,10.0,,5.764,9.0,5,,6.000000000000001,"LINESTRING (11.395352 47.2713052, 11.3952802 47.2712875)"
862,2.0,,10.0,,211.467,,5,,6.000000000000001,"LINESTRING (11.395352 47.2713052, 11.3954434 47.2713719, 11.3955048 47.2714514, 11.3955388 47.2715301, 11.3955566 47.2715908, 11.3955989 47.2719093, 11.3956705 47.2723775, 11.3957122 47.272683, 11.3957369 47.2727991, 11.3957599 47.2728939, 11.3958135 47.2730529, 11.3958691 47.273149)"
863,10.0,,10.0,,16.183,,5,,6.000000000000001,"LINESTRING (11.3931386 47.2699756, 11.392944 47.2699144)"
864,8.0,,10.0,,120.359,,10,,5.0,"LINESTRING (11.3931386 47.2699756, 11.3933028 47.2699687, 11.3936185 47.2699554, 11.3938099 47.2699322, 11.3947129 47.269813)"
865,2.0,,10.0,,80.52199999999999,9.0,5,,6.000000000000001,"LINESTRING (11.3931386 47.2699756, 11.3932189 47.2700641, 11.393698 47.2705923)"
866,2.0,,10.0,,94.253,9.0,5,,6.000000000000001,"LINESTRING (11.3931386 47.2699756, 11.392861 47.2696866, 11.3924687 47.2692602)"
867,8.0,,,,6.081,,5,,5.0,"LINESTRING (11.3952955 47.2697439, 11.3952888 47.2696894)"
868,8.0,,10.0,,19.776,,5,,4.0,"LINESTRING (11.3952955 47.2697439, 11.395037 47.2697733)"
869,8.0,9.0,10.0,,16.081,9.0,10,,4.0,"LINESTRING (11.3952955 47.2697439, 11.3953031 47.2698274, 11.3953115 47.2698881)"
870,8.0,9.0,10.0,,62.049,,10,,4.0,"LINESTRING (11.3921773 47.2668712, 11.3921595 47.2668169, 11.3921522 47.2667207, 11.3922468 47.2663909, 11.3922483 47.2663504, 11.3922391 47.2663215)"
871,8.0,9.0,10.0,,66.78200000000001,9.0,5,,5.0,"LINESTRING (11.3921773 47.2668712, 11.3922395 47.2668473, 11.3923515 47.2668352, 11.3930378 47.2669293)"
872,8.0,9.0,10.0,,77.257,,5,,5.0,"LINESTRING (11.3921773 47.2668712, 11.3920882 47.2669307, 11.3914569 47.2673649)"
873,8.0,9.0,10.0,,46.59499999999999,9.0,5,,6.000000000000001,"LINESTRING (11.3930378 47.2669293, 11.3930573 47.266932, 11.3934636 47.2669888, 11.3935887 47.2670123, 11.3936396 47.2670223)"
874,8.0,9.0,10.0,,66.78200000000001,9.0,5,,6.000000000000001,"LINESTRING (11.3930378 47.2669293, 11.3923515 47.2668352, 11.3922395 47.2668473, 11.3921773 47.2668712)"
875,7.0,,4.0,,27.14,,5,,6.000000000000001,"LINESTRING (11.3930378 47.2669293, 11.3930324 47.2669447, 11.3930219 47.2669745, 11.393006 47.2670196, 11.3929669 47.2671337, 11.3929555 47.2671669)"
876,8.0,,10.0,,36.069,10.0,10,,4.0,"LINESTRING (11.4042226 47.279508, 11.4041908 47.2794428, 11.404026 47.2792973, 11.4039993 47.2792274)"
877,2.0,,10.0,7.0,45.702,,10,,2.0,"LINESTRING (11.4042226 47.279508, 11.403949 47.2793577, 11.4038911 47.279322, 11.4037612 47.2792419)"
878,6.0,,,,150.31900000000002,,5,,7.000000000000001,"LINESTRING (11.4054605 47.2810642, 11.4050873 47.2809831, 11.4044785 47.2808699, 11.4043172 47.2808399, 11.4039635 47.2807617, 11.4039163 47.2807513, 11.4035702 47.2806438)"
879,2.0,,10.0,7.0,27.299,3.0,5,,7.000000000000001,"LINESTRING (11.4054605 47.2810642, 11.4054094 47.2810402, 11.4053651 47.2810117, 11.405333 47.2809816, 11.4053098 47.2809544, 11.4052898 47.2809257, 11.40526 47.2808675)"
880,2.0,,10.0,7.0,60.60499999999999,5.0,5,,7.000000000000001,"LINESTRING (11.4054605 47.2810642, 11.4055544 47.2810943, 11.4056506 47.2811154, 11.4059 47.2811626, 11.4061447 47.2812156, 11.406224 47.2812314)"
881,5.0,,10.0,8.0,53.773,5.0,5,,7.000000000000001,"LINESTRING (11.4054605 47.2810642, 11.4057758 47.2813109, 11.4059166 47.2814356)"
882,8.0,,,,170.032,,5,,7.000000000000001,"LINESTRING (11.4047122 47.2765071, 11.4062848 47.2776025)"
883,8.0,,,,91.861,,5,,6.000000000000001,"LINESTRING (11.4047122 47.2765071, 11.404138 47.2772356)"
884,8.0,,,,80.594,,5,,5.0,"LINESTRING (11.4047122 47.2765071, 11.4050319 47.2760733, 11.4051467 47.2759123, 11.4051673 47.2758834, 11.4051866 47.2758577)"
885,8.0,,,,80.594,,5,,5.0,"LINESTRING (11.4051866 47.2758577, 11.4051673 47.2758834, 11.4051467 47.2759123, 11.4050319 47.2760733, 11.4047122 47.2765071)"
886,8.0,,,,21.25,,10,,4.0,"LINESTRING (11.4051866 47.2758577, 11.4051169 47.275815, 11.4050717 47.2757592, 11.4050558 47.2756964)"
887,8.0,,,,25.775000000000002,,5,,5.0,"LINESTRING (11.4050558 47.2756964, 11.4049997 47.275698, 11.4047175 47.2757274)"
888,8.0,,,,32.698,,10,,4.0,"LINESTRING (11.4050558 47.2756964, 11.4050687 47.2756382, 11.405107 47.2755855, 11.405167 47.275543, 11.4052431 47.2755149, 11.4053282 47.2755037)"
889,8.0,,,,22.403999999999996,,10,,4.0,"LINESTRING (11.4053282 47.2755037, 11.4054021 47.2755084, 11.4054717 47.2755259, 11.4055322 47.2755551, 11.4055794 47.275594)"
890,8.0,,,,109.434,,5,,5.0,"LINESTRING (11.4053282 47.2755037, 11.4053244 47.2754744, 11.4053191 47.2754311, 11.405306 47.2753613, 11.4052079 47.274523)"
891,8.0,,,,86.91,,5,,4.0,"LINESTRING (11.4055794 47.275594, 11.4056109 47.2755748, 11.4056554 47.2755458, 11.4064108 47.275053)"
892,8.0,,,,19.684,,10,,4.0,"LINESTRING (11.4055794 47.275594, 11.4056135 47.2756483, 11.4056218 47.275707, 11.4056034 47.2757647)"
893,8.0,,,,14.524999999999999,,10,,2.0,"LINESTRING (11.4056034 47.2757647, 11.4055541 47.2758208, 11.4054799 47.2758624)"
894,8.0,,,,186.78699999999998,,10,,3.0000000000000004,"LINESTRING (11.4056034 47.2757647, 11.4056837 47.275818, 11.4071894 47.2768383, 11.4073532 47.2769531)"
895,7.0,,7.0,,56.688,,5,,6.000000000000001,"LINESTRING (11.3951303 47.2685107, 11.3950855 47.268224, 11.3950451 47.2680042)"
896,7.0,,10.0,,17.880000000000003,,5,,7.000000000000001,"LINESTRING (11.3951303 47.2685107, 11.395195 47.2685803, 11.3952691 47.2686406)"
897,7.0,,4.0,,35.314,,5,,6.000000000000001,"LINESTRING (11.3951303 47.2685107, 11.3950488 47.2685155, 11.394785 47.268524, 11.3946631 47.2685289)"
898,8.0,,10.0,,47.172,,5,,4.0,"LINESTRING (11.402237 47.2713701, 11.4023358 47.271719, 11.402355 47.2717867)"
899,8.0,,,,166.169,,5,,6.000000000000001,"LINESTRING (11.4063654 47.2733253, 11.4067821 47.2747927)"
900,6.0,,,,73.855,,5,,7.000000000000001,"LINESTRING (11.4063654 47.2733253, 11.4071627 47.2732122, 11.4073236 47.2731894)"
901,6.0,,,,98.88799999999999,,5,,7.000000000000001,"LINESTRING (11.4063654 47.2733253, 11.405507 47.2734327, 11.4052261 47.2734678, 11.4050764 47.2734865)"
902,8.0,,,,166.169,,5,,6.000000000000001,"LINESTRING (11.4067821 47.2747927, 11.4063654 47.2733253)"
903,8.0,,,,52.211,,5,,6.000000000000001,"LINESTRING (11.4067821 47.2747927, 11.4072763 47.274464)"
904,8.0,,,,40.28,,5,,5.0,"LINESTRING (11.4067821 47.2747927, 11.4064108 47.275053)"
905,6.0,,,,16.333,,5,,6.000000000000001,"LINESTRING (11.4073532 47.2769531, 11.4072055 47.2770605)"
906,6.0,,,,23.294,,5,,6.000000000000001,"LINESTRING (11.4073532 47.2769531, 11.4075701 47.276804)"
907,8.0,,,,170.032,,5,,7.000000000000001,"LINESTRING (11.4062848 47.2776025, 11.4047122 47.2765071)"
908,6.0,9.0,10.0,,10.201,,5,,7.000000000000001,"LINESTRING (11.4062848 47.2776025, 11.4061728 47.2776539)"
909,8.0,,,,72.292,,5,,6.000000000000001,"LINESTRING (11.4062848 47.2776025, 11.4068305 47.2774609, 11.4070972 47.277283)"
910,6.0,,,,92.483,,5,,7.000000000000001,"LINESTRING (11.4062848 47.2776025, 11.4065438 47.2775002, 11.4068221 47.2773153, 11.4072055 47.2770605)"
911,8.0,,10.0,,68.27799999999999,,5,,6.000000000000001,"LINESTRING (11.3942416 47.2652503, 11.3943584 47.2652534, 11.3944409 47.2652264, 11.3945652 47.2650079, 11.3947007 47.264788)"
912,8.0,,10.0,,187.922,9.0,5,,7.000000000000001,"LINESTRING (11.3942416 47.2652503, 11.3935693 47.2651073, 11.3933772 47.2650627, 11.3930442 47.2649862, 11.3928485 47.2649362, 11.3926467 47.2648846, 11.3925218 47.2648527, 11.3920073 47.2647213, 11.391892 47.2646916)"
913,7.0,,7.0,,54.411,,5,,6.000000000000001,"LINESTRING (11.3942416 47.2652503, 11.3942727 47.2653243, 11.3940546 47.2657092)"
914,8.0,,10.0,,54.774,,5,,7.000000000000001,"LINESTRING (11.3960377 47.2649494, 11.3959758 47.2654402)"
915,8.0,,10.0,,81.527,,5,,8.0,"LINESTRING (11.3960377 47.2649494, 11.3969321 47.2650528, 11.3970904 47.2651004)"
916,6.0,,,,50.776,,5,,5.0,"LINESTRING (11.3960377 47.2649494, 11.3960707 47.26489, 11.3961035 47.2647403, 11.3961557 47.2645011)"
917,8.0,,10.0,9.0,102.475,,5,,7.000000000000001,"LINESTRING (11.3960377 47.2649494, 11.3948063 47.2648029, 11.3947007 47.264788)"
918,7.0,,7.0,,47.908,,5,,7.000000000000001,"LINESTRING (11.3959243 47.2661289, 11.396548 47.2660483)"
919,8.0,,10.0,,117.774,,5,,7.000000000000001,"LINESTRING (11.3959243 47.2661289, 11.3959462 47.2661997, 11.3961884 47.2670309, 11.3962089 47.267099, 11.3962296 47.2671676)"
920,8.0,,10.0,,51.438,,5,,7.000000000000001,"LINESTRING (11.3959243 47.2661289, 11.3959002 47.2660437, 11.3958891 47.2659754, 11.3959409 47.2656703)"
921,7.0,,10.0,,83.179,,5,,7.000000000000001,"LINESTRING (11.3959243 47.2661289, 11.3957982 47.2661326, 11.3948604 47.2659488)"
922,8.0,9.0,10.0,,4.858,,5,,6.000000000000001,"LINESTRING (11.3973421 47.2659431, 11.3973292 47.2659003)"
923,7.0,,7.0,10.0,61.064,,5,,6.000000000000001,"LINESTRING (11.3973421 47.2659431, 11.3972265 47.2659548, 11.3968546 47.2660086, 11.396548 47.2660483)"
924,8.0,,10.0,,104.548,,5,,5.0,"LINESTRING (11.3973421 47.2659431, 11.3975994 47.2667978, 11.3976194 47.2668643)"
925,6.0,,,,14.431,,5,,7.000000000000001,"LINESTRING (11.3993357 47.2618295, 11.3995264 47.2618392)"
926,6.0,,10.0,7.0,12.814,,5,,7.000000000000001,"LINESTRING (11.3993357 47.2618295, 11.3993439 47.2619446)"
927,6.0,,10.0,7.0,42.083,,5,,7.000000000000001,"LINESTRING (11.3993357 47.2618295, 11.3993714 47.2617085, 11.3994451 47.2614584)"
928,6.0,,,,14.46,,5,,6.000000000000001,"LINESTRING (11.3997143 47.2618647, 11.3995264 47.2618392)"
929,6.0,,,,101.97999999999999,,10,,6.000000000000001,"LINESTRING (11.3997143 47.2618647, 11.3997877 47.2619065, 11.3998726 47.2619493, 11.3999908 47.2623493, 11.4000696 47.2626264, 11.4000377 47.2627139)"
930,6.0,,,,98.713,,5,,6.000000000000001,"LINESTRING (11.3997143 47.2618647, 11.399819 47.2619573, 11.4000377 47.2627139)"
931,8.0,,10.0,9.0,106.41,,5,,5.0,"LINESTRING (11.4071599 47.2783375, 11.4061728 47.2776539)"
932,8.0,,,,33.197,,5,,4.0,"LINESTRING (11.4071599 47.2783375, 11.4074646 47.2785529)"
933,8.0,,,,84.811,,10,,5.0,"LINESTRING (11.4071599 47.2783375, 11.4069573 47.2784736, 11.4063611 47.2788742)"
934,8.0,,,,33.197,,5,,6.000000000000001,"LINESTRING (11.4074646 47.2785529, 11.4071599 47.2783375)"
935,6.0,,,,62.466,,5,,6.000000000000001,"LINESTRING (11.4074646 47.2785529, 11.4074127 47.2786118, 11.4073907 47.2786784, 11.4074375 47.2787421, 11.4076092 47.2788635, 11.4077984 47.2789974)"
936,8.0,,,,67.794,,10,,3.0000000000000004,"LINESTRING (11.4082487 47.2780427, 11.4076001 47.2784647)"
937,8.0,,,,56.487,,10,,2.0,"LINESTRING (11.4082487 47.2780427, 11.407716 47.2776857)"
938,8.0,,,,72.292,,5,,7.000000000000001,"LINESTRING (11.4070972 47.277283, 11.4068305 47.2774609, 11.4062848 47.2776025)"
939,8.0,,,,62.556,,5,,5.0,"LINESTRING (11.4070972 47.277283, 11.4072863 47.2771545, 11.4074967 47.2770115, 11.4076831 47.2768849)"
940,8.0,,10.0,,72.997,,10,,3.0000000000000004,"LINESTRING (11.4083615 47.2764168, 11.4076831 47.2768849)"
941,8.0,9.0,,,156.025,,10,,4.0,"LINESTRING (11.4083615 47.2764168, 11.409586 47.2772344, 11.409841 47.2773972)"
942,8.0,,,,42.593,,5,,5.0,"LINESTRING (11.4106475 47.2768676, 11.4102421 47.276601)"
943,8.0,,,,34.982,,5,,6.000000000000001,"LINESTRING (11.4106475 47.2768676, 11.4109831 47.2770847)"
944,8.0,,,,84.674,,5,,6.000000000000001,"LINESTRING (11.4106475 47.2768676, 11.409841 47.2773972)"
945,8.0,,,,41.08,,5,,6.000000000000001,"LINESTRING (11.4102421 47.276601, 11.4106288 47.2763409)"
946,8.0,,,,42.593,,5,,6.000000000000001,"LINESTRING (11.4102421 47.276601, 11.4106475 47.2768676)"
947,8.0,,,,20.902,,5,,6.000000000000001,"LINESTRING (11.4112743 47.2759067, 11.4110794 47.2757731)"
948,8.0,,,,153.74200000000002,,5,,6.000000000000001,"LINESTRING (11.4112743 47.2759067, 11.4126296 47.2768294, 11.4127117 47.2768868)"
949,8.0,,,,68.593,,5,,6.000000000000001,"LINESTRING (11.4112743 47.2759067, 11.4111833 47.275975, 11.4108772 47.276177, 11.4106288 47.2763409)"
950,8.0,,,,62.556,,5,,5.0,"LINESTRING (11.4076831 47.2768849, 11.4074967 47.2770115, 11.4072863 47.2771545, 11.4070972 47.277283)"
951,8.0,,,,123.763,,10,,4.0,"LINESTRING (11.4076831 47.2768849, 11.4082507 47.2772738, 11.408261 47.2773074, 11.4082371 47.2773426, 11.4081127 47.2774245, 11.4078884 47.2775722, 11.407716 47.2776857)"
952,8.0,,,,12.393,,10,,4.0,"LINESTRING (11.4075701 47.276804, 11.4076831 47.2768849)"
953,6.0,,,,23.294,,5,,4.0,"LINESTRING (11.4075701 47.276804, 11.4073532 47.2769531)"
954,6.0,,,,73.39099999999999,,5,,6.000000000000001,"LINESTRING (11.4075701 47.276804, 11.4080934 47.2764596, 11.4082048 47.2763125)"
955,8.0,,,,20.902,,5,,6.000000000000001,"LINESTRING (11.4110794 47.2757731, 11.4112743 47.2759067)"
956,8.0,,,,25.433,,5,,7.000000000000001,"LINESTRING (11.4110794 47.2757731, 11.411087 47.2757618, 11.4112193 47.275565)"
957,8.0,,10.0,,116.56,,5,,7.000000000000001,"LINESTRING (11.4110794 47.2757731, 11.410514 47.275396, 11.4101453 47.2751448, 11.4099822 47.2750351)"
958,8.0,,10.0,,24.63,,5,,7.000000000000001,"LINESTRING (11.4032703 47.2701554, 11.4035934 47.2701238)"
959,8.0,,10.0,,104.636,,5,,7.000000000000001,"LINESTRING (11.4032703 47.2701554, 11.4025396 47.2701457, 11.4018841 47.2701627)"
960,8.0,,10.0,,182.64999999999998,,5,,7.000000000000001,"LINESTRING (11.4032703 47.2701554, 11.4035594 47.2704408, 11.4038142 47.2706778, 11.4041607 47.2709564, 11.4045578 47.2712348, 11.4046275 47.2712903, 11.4047061 47.2713554, 11.4047833 47.2714333)"
961,8.0,,10.0,7.0,197.359,9.0,5,,7.000000000000001,"LINESTRING (11.4032703 47.2701554, 11.4030519 47.269906, 11.4026368 47.2692539, 11.402414 47.2687666, 11.4023395 47.2685728, 11.4023195 47.2685103)"
962,8.0,9.0,10.0,,78.774,,10,,4.0,"LINESTRING (11.4033419 47.2684086, 11.4031749 47.2683908, 11.4026125 47.268458, 11.4025892 47.2684614, 11.402412 47.2684859, 11.4023987 47.2684894, 11.4023195 47.2685103)"
963,6.0,,10.0,,56.177,,10,,3.0000000000000004,"LINESTRING (11.4033419 47.2684086, 11.4033177 47.2682965, 11.4032169 47.2679106)"
964,8.0,,,,116.743,,5,,5.0,"LINESTRING (11.4039201 47.2684933, 11.4038705 47.2688165, 11.4041456 47.269517)"
965,6.0,9.0,10.0,,44.632000000000005,,10,,4.0,"LINESTRING (11.4039201 47.2684933, 11.4033975 47.2684167, 11.4033419 47.2684086)"
966,8.0,,,,82.123,,5,,6.000000000000001,"LINESTRING (11.4041456 47.269517, 11.4047631 47.2699111, 11.4049589 47.2700061)"
967,8.0,,,,116.743,,5,,5.0,"LINESTRING (11.4041456 47.269517, 11.4038705 47.2688165, 11.4039201 47.2684933)"
968,8.0,,10.0,,82.543,,5,,6.000000000000001,"LINESTRING (11.4041456 47.269517, 11.4039423 47.2696185, 11.4038097 47.2697166, 11.4037003 47.2698316, 11.4035934 47.2701238)"
969,8.0,,10.0,,24.63,,5,,7.000000000000001,"LINESTRING (11.4035934 47.2701238, 11.4032703 47.2701554)"
970,8.0,,10.0,,82.54299999999999,,5,,6.000000000000001,"LINESTRING (11.4035934 47.2701238, 11.4037003 47.2698316, 11.4038097 47.2697166, 11.4039423 47.2696185, 11.4041456 47.269517)"
971,8.0,,10.0,,90.86699999999999,,5,,5.0,"LINESTRING (11.4035934 47.2701238, 11.4040509 47.2702151, 11.4042084 47.2702722, 11.4046571 47.2704867)"
972,8.0,,10.0,,29.534,,5,,6.000000000000001,"LINESTRING (11.4049589 47.2700061, 11.4052661 47.2701707)"
973,8.0,,,,82.123,,5,,6.000000000000001,"LINESTRING (11.4049589 47.2700061, 11.4047631 47.2699111, 11.4041456 47.269517)"
974,8.0,,10.0,,141.506,,5,,6.000000000000001,"LINESTRING (11.4049589 47.2700061, 11.4050391 47.2699241, 11.4051954 47.2694222, 11.4052851 47.2691335, 11.4054131 47.2687778)"
975,6.0,9.0,10.0,,26.828,,10,,4.0,"LINESTRING (11.4054131 47.2687778, 11.4052349 47.2687255, 11.4050867 47.2686821)"
976,8.0,,10.0,,141.506,,5,,6.000000000000001,"LINESTRING (11.4054131 47.2687778, 11.4052851 47.2691335, 11.4051954 47.2694222, 11.4050391 47.2699241, 11.4049589 47.2700061)"
977,6.0,,10.0,,100.03499999999998,,5,,6.000000000000001,"LINESTRING (11.4054131 47.2687778, 11.4056578 47.2688676, 11.4064838 47.2691818, 11.4065718 47.269215)"
978,8.0,9.0,10.0,9.0,139.689,,10,,3.0000000000000004,"LINESTRING (11.4065718 47.269215, 11.4065248 47.2695326, 11.4063399 47.2704087, 11.4063379 47.2704607)"
979,6.0,,10.0,,100.03499999999998,,5,,5.0,"LINESTRING (11.4065718 47.269215, 11.4064838 47.2691818, 11.4056578 47.2688676, 11.4054131 47.2687778)"
980,6.0,,10.0,,177.73300000000003,,5,,5.0,"LINESTRING (11.4065718 47.269215, 11.4069697 47.2693624, 11.407179 47.2694186, 11.4073208 47.2694482, 11.4076312 47.2694708, 11.4079955 47.2694396, 11.408075 47.2694312, 11.4081977 47.2694038, 11.4084532 47.2693651, 11.4086746 47.2693508, 11.4088302 47.2693508)"
981,6.0,,,9.0,84.751,,5,,7.000000000000001,"LINESTRING (11.4095955 47.2720816, 11.4104479 47.2715852)"
982,6.0,,,9.0,9.084,,5,,8.0,"LINESTRING (11.4095955 47.2720816, 11.4095171 47.2721436)"
983,8.0,,,,264.643,,5,,8.0,"LINESTRING (11.4095955 47.2720816, 11.4109106 47.272466, 11.4110942 47.2725197, 11.4113606 47.2726062, 11.4116649 47.2727046, 11.4121743 47.2729015, 11.4122583 47.272971, 11.4124544 47.2731331, 11.4125916 47.2732459)"
984,8.0,,,,318.298,,5,,5.0,"LINESTRING (11.4095955 47.2720816, 11.4092678 47.271965, 11.4091374 47.2718867, 11.4090442 47.2718096, 11.4089242 47.2716529, 11.4088027 47.2713655, 11.4088841 47.2709388, 11.4088868 47.2705515, 11.4086527 47.2701054, 11.408191 47.2695624)"
985,8.0,,10.0,,124.55799999999999,,5,,7.000000000000001,"LINESTRING (11.408915 47.2725246, 11.4090592 47.2725819, 11.4097342 47.2728499, 11.409844 47.2729073, 11.4102374 47.2731807)"
986,6.0,,10.0,,62.209,,5,,8.0,"LINESTRING (11.408915 47.2725246, 11.4091715 47.2723828, 11.4095171 47.2721436)"
987,6.0,,10.0,,42.498000000000005,,5,,7.000000000000001,"LINESTRING (11.408915 47.2725246, 11.4087521 47.2726249, 11.4084978 47.2727814)"
988,8.0,,,,135.851,,5,,7.000000000000001,"LINESTRING (11.4102374 47.2731807, 11.4114989 47.2740525)"
989,6.0,,,,186.304,,5,,6.000000000000001,"LINESTRING (11.4102374 47.2731807, 11.4096524 47.2735756, 11.4084978 47.2727814)"
990,8.0,,10.0,,124.558,,5,,6.000000000000001,"LINESTRING (11.4102374 47.2731807, 11.409844 47.2729073, 11.4097342 47.2728499, 11.4090592 47.2725819, 11.408915 47.2725246)"
991,8.0,,,,135.851,,5,,7.000000000000001,"LINESTRING (11.4114989 47.2740525, 11.4102374 47.2731807)"
992,6.0,9.0,,,135.51500000000001,,10,,8.0,"LINESTRING (11.4114989 47.2740525, 11.4114868 47.2741331, 11.4103966 47.274867, 11.4102608 47.2748929)"
993,6.0,10.0,,,113.989,,5,,8.0,"LINESTRING (11.4114989 47.2740525, 11.4117769 47.2738675, 11.4120992 47.2736529, 11.4125793 47.2733359)"
994,8.0,,,,103.879,,5,,7.000000000000001,"LINESTRING (11.4114989 47.2740525, 11.4116093 47.2741272, 11.4124738 47.2747122)"
995,6.0,9.0,10.0,,26.302,,5,,8.0,"LINESTRING (11.4102608 47.2748929, 11.4099822 47.2750351)"
996,8.0,,10.0,,103.992,,5,,8.0,"LINESTRING (11.4102608 47.2748929, 11.4103497 47.2749551, 11.4112193 47.275565)"
997,6.0,9.0,,,136.59300000000002,,10,,8.0,"LINESTRING (11.4102608 47.2748929, 11.4102843 47.2748003, 11.4113778 47.2740541, 11.4114989 47.2740525)"
998,8.0,,,,275.178,,5,,7.000000000000001,"LINESTRING (11.4102608 47.2748929, 11.4101523 47.274817, 11.4077159 47.2731201)"
999,8.0,,,,7.052,,5,,7.000000000000001,"LINESTRING (11.4126504 47.2732952, 11.4125916 47.2732459)"
1000,8.0,,10.0,9.0,8.003,,10,,6.000000000000001,"LINESTRING (11.4126504 47.2732952, 11.4127128 47.2733534)"
1001,6.0,,,,7.018,,5,,7.000000000000001,"LINESTRING (11.4126504 47.2732952, 11.4125793 47.2733359)"
1002,6.0,,,,151.219,,5,,6.000000000000001,"LINESTRING (11.4126504 47.2732952, 11.4127253 47.2732549, 11.4130813 47.2730633, 11.4136639 47.2727726, 11.4142554 47.272481)"
1003,6.0,,,9.0,84.751,,5,,7.000000000000001,"LINESTRING (11.4104479 47.2715852, 11.4095955 47.2720816)"
1004,8.0,,,,145.589,,5,,6.000000000000001,"LINESTRING (11.4104479 47.2715852, 11.4105826 47.2716119, 11.4113434 47.2717624, 11.4113666 47.2717693, 11.4115515 47.2718245, 11.4115902 47.2718361, 11.4119236 47.2719356, 11.4122559 47.2720347)"
1005,6.0,,,9.0,45.53,,5,,6.000000000000001,"LINESTRING (11.4104479 47.2715852, 11.410636 47.2713985, 11.4107314 47.271227)"
1006,6.0,,10.0,7.0,85.007,,5,,7.000000000000001,"LINESTRING (11.4111253 47.270254, 11.41143 47.269518)"
1007,6.0,,10.0,,71.442,,5,,7.000000000000001,"LINESTRING (11.4111253 47.270254, 11.4108492 47.2701503, 11.4103142 47.2699229)"
1008,6.0,,10.0,,56.9,,10,,6.000000000000001,"LINESTRING (11.4111253 47.270254, 11.4113588 47.2702985, 11.4118165 47.2704536)"
1009,6.0,,,9.0,112.202,,5,,7.000000000000001,"LINESTRING (11.4111253 47.270254, 11.4111068 47.270295, 11.4110555 47.2704225, 11.4107314 47.271227)"
1010,8.0,,,,72.639,,5,,6.000000000000001,"LINESTRING (11.4107314 47.271227, 11.4097994 47.2710632)"
1011,6.0,,,9.0,112.202,,5,,7.000000000000001,"LINESTRING (11.4107314 47.271227, 11.4110555 47.2704225, 11.4111068 47.270295, 11.4111253 47.270254)"
1012,6.0,,,9.0,45.53,,5,,6.000000000000001,"LINESTRING (11.4107314 47.271227, 11.410636 47.2713985, 11.4104479 47.2715852)"
1013,6.0,,10.0,,43.06099999999999,,5,,6.000000000000001,"LINESTRING (11.4093561 47.2694963, 11.4091552 47.2694255, 11.4090778 47.2693988, 11.4088302 47.2693508)"
1014,6.0,,10.0,,34.847,,5,,6.000000000000001,"LINESTRING (11.4093561 47.2694963, 11.4094382 47.2695405, 11.4096216 47.2696246, 11.409734 47.2696762)"
1015,8.0,,,,180.26,,5,,6.000000000000001,"LINESTRING (11.4093561 47.2694963, 11.4093745 47.2694167, 11.4093871 47.269226, 11.4093802 47.2691626, 11.409374 47.2691344, 11.4090493 47.2688772, 11.4086898 47.2683887, 11.4086545 47.2683189, 11.4083548 47.2680996)"
1016,8.0,,,,95.542,,5,,6.000000000000001,"LINESTRING (11.4088302 47.2693508, 11.4088302 47.2693051, 11.4088302 47.2692586, 11.4088302 47.26919, 11.4087765 47.2690931, 11.4086803 47.2689881, 11.4085356 47.2688795, 11.4082599 47.2687126, 11.4081725 47.2686681)"
1017,6.0,,10.0,,43.06099999999999,,5,,6.000000000000001,"LINESTRING (11.4088302 47.2693508, 11.4090778 47.2693988, 11.4091552 47.2694255, 11.4093561 47.2694963)"
1018,6.0,,10.0,,177.733,,5,,6.000000000000001,"LINESTRING (11.4088302 47.2693508, 11.4086746 47.2693508, 11.4084532 47.2693651, 11.4081977 47.2694038, 11.408075 47.2694312, 11.4079955 47.2694396, 11.4076312 47.2694708, 11.4073208 47.2694482, 11.407179 47.2694186, 11.4069697 47.2693624, 11.4065718 47.269215)"
1019,6.0,,10.0,,57.69499999999999,,10,,4.0,"LINESTRING (11.4149178 47.2714455, 11.4152143 47.2716501, 11.4152588 47.2717058, 11.4152811 47.2717337, 11.415344 47.2718637)"
1020,6.0,,,,76.977,,10,,2.0,"LINESTRING (11.4149178 47.2714455, 11.415484 47.2716157, 11.415654 47.2716316, 11.4158777 47.2715972)"
1021,6.0,,,,62.825,,5,,5.0,"LINESTRING (11.4142554 47.272481, 11.4149282 47.2721481)"
1022,8.0,,,,7.327,,10,,5.0,"LINESTRING (11.4142554 47.272481, 11.4143137 47.2725337)"
1023,6.0,,,,151.219,,5,,6.000000000000001,"LINESTRING (11.4142554 47.272481, 11.4136639 47.2727726, 11.4130813 47.2730633, 11.4127253 47.2732549, 11.4126504 47.2732952)"
1024,8.0,,,,32.666,,10,,4.0,"LINESTRING (11.4149236 47.2730852, 11.4151844 47.2733197)"
1025,8.0,,,,152.24,,5,,5.0,"LINESTRING (11.4149236 47.2730852, 11.414344 47.2733833, 11.4141716 47.273472, 11.4148139 47.2740562)"
1026,8.0,,,,152.24,,5,,5.0,"LINESTRING (11.4148139 47.2740562, 11.4141716 47.273472, 11.414344 47.2733833, 11.4149236 47.2730852)"
1027,8.0,,,,88.592,,5,,6.000000000000001,"LINESTRING (11.4148139 47.2740562, 11.4145324 47.2741974, 11.4150219 47.2746473)"
1028,6.0,,,,45.607,,5,,6.000000000000001,"LINESTRING (11.4148139 47.2740562, 11.4149491 47.2740417, 11.4153346 47.2738621)"
1029,8.0,,10.0,9.0,7.958,,10,,4.0,"LINESTRING (11.4152993 47.274865, 11.4153401 47.274799)"
1030,8.0,,,,32.263999999999996,,5,,5.0,"LINESTRING (11.4152993 47.274865, 11.415208 47.2748184, 11.4150219 47.2746473)"
1031,8.0,,10.0,9.0,76.72,,10,,4.0,"LINESTRING (11.4148769 47.2757153, 11.4150259 47.2756351, 11.4151306 47.2755486, 11.4152068 47.2751026)"
1032,8.0,,10.0,9.0,428.324,,5,,5.0,"LINESTRING (11.4148769 47.2757153, 11.41644 47.2771111, 11.4165121 47.2771398, 11.4165919 47.2771534, 11.4166614 47.2771477, 11.4167326 47.2771301, 11.4171905 47.2768361, 11.4177674 47.2764398, 11.4182878 47.2759842, 11.4185817 47.2757257)"
1033,8.0,,10.0,9.0,53.099999999999994,,10,,3.0000000000000004,"LINESTRING (11.415896 47.2739008, 11.4159366 47.2738343, 11.4163731 47.2735855, 11.4163941 47.2735733)"
1034,8.0,,10.0,,80.37100000000001,,5,,5.0,"LINESTRING (11.415826 47.2726948, 11.4159514 47.2726675, 11.416086 47.2726231, 11.416518 47.2724141, 11.4167188 47.2723093)"
1035,6.0,,10.0,,211.954,,10,,4.0,"LINESTRING (11.415826 47.2726948, 11.4158878 47.2728065, 11.416033 47.2730693, 11.416195 47.273254, 11.4164864 47.2735345, 11.4166283 47.2736278, 11.4167482 47.2736906, 11.4175728 47.2741297)"
1036,6.0,,10.0,,7.26,,10,,4.0,"LINESTRING (11.4037915 47.2670841, 11.4038592 47.2671305)"
1037,10.0,,10.0,,24.645000000000003,,5,,5.0,"LINESTRING (11.4037915 47.2670841, 11.4038703 47.2670334, 11.4040755 47.2669834)"
1038,6.0,9.0,10.0,,17.901,,10,,2.0,"LINESTRING (11.4052412 47.2685827, 11.4051802 47.2686697, 11.4050867 47.2686821)"
1039,6.0,,10.0,,25.278,,10,,4.0,"LINESTRING (11.4052412 47.2685827, 11.4053117 47.2686603, 11.4054131 47.2687778)"
1040,6.0,9.0,10.0,,90.492,,10,,4.0,"LINESTRING (11.4050867 47.2686821, 11.4039201 47.2684933)"
1041,8.0,,,,318.298,,5,,5.0,"LINESTRING (11.408191 47.2695624, 11.4086527 47.2701054, 11.4088868 47.2705515, 11.4088841 47.2709388, 11.4088027 47.2713655, 11.4089242 47.2716529, 11.4090442 47.2718096, 11.4091374 47.2718867, 11.4092678 47.271965, 11.4095955 47.2720816)"
1042,6.0,,,,42.091,,5,,4.0,"LINESTRING (11.4122559 47.2720347, 11.4124861 47.2716899)"
1043,8.0,,,,145.589,,5,,6.000000000000001,"LINESTRING (11.4122559 47.2720347, 11.4119236 47.2719356, 11.4115902 47.2718361, 11.4115515 47.2718245, 11.4113666 47.2717693, 11.4113434 47.2717624, 11.4105826 47.2716119, 11.4104479 47.2715852)"
1044,8.0,,,,42.316,,5,,4.0,"LINESTRING (11.4122559 47.2720347, 11.4123695 47.272069, 11.4127684 47.2721893)"
1045,8.0,,,,42.316,,5,,4.0,"LINESTRING (11.4127684 47.2721893, 11.4123695 47.272069, 11.4122559 47.2720347)"
1046,6.0,,,,42.091,,5,,4.0,"LINESTRING (11.4124861 47.2716899, 11.4122559 47.2720347)"
1047,8.0,,,,23.975,,5,,4.0,"LINESTRING (11.4094877 47.2710213, 11.4097994 47.2710632)"
1048,8.0,,,,23.975,,5,,4.0,"LINESTRING (11.4097994 47.2710632, 11.4094877 47.2710213)"
1049,8.0,,,,72.639,,5,,6.000000000000001,"LINESTRING (11.4097994 47.2710632, 11.4107314 47.271227)"
1050,8.0,,,,63.566,,5,,4.0,"LINESTRING (11.4097994 47.2710632, 11.4099818 47.2705051)"
1051,8.0,,,,63.566,,5,,4.0,"LINESTRING (11.4099818 47.2705051, 11.4097994 47.2710632)"
1052,8.0,9.0,10.0,9.0,35.329,,10,,3.0000000000000004,"LINESTRING (11.4063601 47.2707027, 11.4063428 47.2710202)"
1053,8.0,,10.0,9.0,91.463,,10,,3.0000000000000004,"LINESTRING (11.4063601 47.2707027, 11.4056428 47.270432, 11.4053869 47.270231)"
1054,10.0,,10.0,,10.224,,5,,6.000000000000001,"LINESTRING (11.3725001 47.2638604, 11.3725508 47.2638941, 11.372568 47.2639363)"
1055,6.0,,10.0,,78.358,10.0,5,,6.000000000000001,"LINESTRING (11.3725001 47.2638604, 11.3718668 47.2636785, 11.3717359 47.2636268, 11.3716139 47.2636265, 11.3715367 47.2636285)"
1056,6.0,,10.0,,15.021,10.0,5,,6.000000000000001,"LINESTRING (11.3725001 47.2638604, 11.3725456 47.2638534, 11.3725889 47.2638324, 11.3726487 47.2637787)"
1057,8.0,,10.0,9.0,88.108,,5,,6.000000000000001,"LINESTRING (11.3822916 47.2640472, 11.3823911 47.2641023, 11.3827566 47.2644938, 11.3829856 47.264679)"
1058,8.0,,10.0,9.0,44.882,,5,,5.0,"LINESTRING (11.3822916 47.2640472, 11.3821964 47.2640762, 11.3820604 47.2641593, 11.3819753 47.2642128, 11.3818349 47.2643011)"
1059,10.0,,,,535.209,,5,,6.000000000000001,"LINESTRING (11.3822916 47.2640472, 11.3820676 47.2638063, 11.3819531 47.2636565, 11.3813703 47.2628965, 11.3808824 47.262503, 11.3804026 47.2618541, 11.3795699 47.260907, 11.3790466 47.260251, 11.3788495 47.2600028, 11.3787604 47.2598857)"
1060,10.0,,,,32.849,,5,,5.0,"LINESTRING (11.3838999 47.2652841, 11.3842277 47.2654785)"
1061,10.0,,10.0,,93.924,,5,,6.000000000000001,"LINESTRING (11.3838999 47.2652841, 11.3839441 47.2653611, 11.3841364 47.2654837, 11.384353 47.2656259, 11.384663 47.2658267, 11.3847891 47.2658457)"
1062,10.0,,10.0,,29.329,,5,,6.000000000000001,"LINESTRING (11.3838999 47.2652841, 11.3837113 47.2651629, 11.3835869 47.2651399)"
1063,8.0,,10.0,,242.63800000000003,,5,,6.000000000000001,"LINESTRING (11.3871277 47.2688047, 11.3866371 47.2693556, 11.3865427 47.2693897, 11.3865055 47.2694162, 11.3864665 47.2694578, 11.3862937 47.2696448, 11.3862345 47.269755, 11.386264 47.269853, 11.386302 47.2700196, 11.3858436 47.2705245, 11.385671 47.2706616)"
1064,8.0,,10.0,,65.124,,5,,6.000000000000001,"LINESTRING (11.3871277 47.2688047, 11.387323 47.2686124, 11.3874908 47.2685251, 11.3877606 47.268425)"
1065,8.0,,10.0,,61.955000000000005,,5,,6.000000000000001,"LINESTRING (11.3871277 47.2688047, 11.3865414 47.2686072, 11.3866246 47.2685093)"
1066,6.0,,,,10.073,,5,,6.000000000000001,"LINESTRING (11.3877606 47.268425, 11.3877289 47.268513)"
1067,8.0,,10.0,,65.124,,5,,6.000000000000001,"LINESTRING (11.3877606 47.268425, 11.3874908 47.2685251, 11.387323 47.2686124, 11.3871277 47.2688047)"
1068,8.0,,10.0,,59.039,,5,,6.000000000000001,"LINESTRING (11.3877606 47.268425, 11.3880109 47.2680919, 11.3880238 47.2680513, 11.3880161 47.2679359)"
1069,2.0,,10.0,7.0,17.735,9.0,10,,2.0,"LINESTRING (11.4112204 47.2588727, 11.4111025 47.2588655, 11.4109971 47.2588316)"
1070,6.0,,10.0,7.0,111.459,10.0,10,,3.0000000000000004,"LINESTRING (11.4112204 47.2588727, 11.4110488 47.258973, 11.4108533 47.2590968, 11.4105466 47.2592666, 11.4104009 47.2593795, 11.410281 47.2594924, 11.4101725 47.2595732)"
1071,5.0,,10.0,7.0,38.147,9.0,10,,3.0000000000000004,"LINESTRING (11.4112016 47.2584232, 11.4113121 47.2583649, 11.4113867 47.2583087, 11.4114333 47.2582514, 11.4114927 47.2581523)"
1072,2.0,,10.0,7.0,22.272,9.0,10,,2.0,"LINESTRING (11.4112016 47.2584232, 11.4113494 47.2584474, 11.4114524 47.2585148)"
1073,2.0,,10.0,7.0,21.731,9.0,10,,4.0,"LINESTRING (11.4109429 47.2584964, 11.4110661 47.2584373, 11.4112016 47.2584232)"
1074,2.0,,10.0,7.0,172.997,10.0,10,,3.0000000000000004,"LINESTRING (11.4115075 47.258607, 11.4115996 47.2586505, 11.4116746 47.2586813, 11.4117353 47.2586945, 11.4118957 47.258715, 11.4123997 47.2587604, 11.4129131 47.2588248, 11.4130541 47.2588517, 11.4133629 47.2589105, 11.4136996 47.259011)"
1075,2.0,,10.0,7.0,23.708,9.0,10,,2.0,"LINESTRING (11.4115075 47.258607, 11.4115027 47.2586775, 11.4114725 47.2587581, 11.411426 47.2588085)"
1076,2.0,,10.0,7.0,17.338,9.0,10,,4.0,"LINESTRING (11.411426 47.2588085, 11.4113315 47.2588528, 11.4112204 47.2588727)"
1077,2.0,,10.0,7.0,10.189,9.0,10,,4.0,"LINESTRING (11.4109971 47.2588316, 11.4109036 47.2587655)"
1078,2.0,,10.0,7.0,11.063,9.0,10,,4.0,"LINESTRING (11.4114524 47.2585148, 11.4115075 47.258607)"
1079,6.0,,,,20.66,,10,,3.0000000000000004,"LINESTRING (11.4114927 47.2581523, 11.4114362 47.2579705)"
1080,5.0,,10.0,7.0,123.586,,10,,2.0,"LINESTRING (11.4114927 47.2581523, 11.4119462 47.2574218, 11.4119847 47.2573494, 11.4120274 47.2572535, 11.4120997 47.2571207)"
1081,5.0,,10.0,,344.761,,10,,4.0,"LINESTRING (11.4136495 47.2538236, 11.4136072 47.2538848, 11.4135684 47.2539447, 11.4135404 47.2539946, 11.4134442 47.2542118, 11.4133558 47.2544337, 11.4130444 47.2553456, 11.4129623 47.2555709, 11.4128983 47.2557737, 11.4127785 47.2561294, 11.412666 47.2564555, 11.4125969 47.256668, 11.4125263 47.2568253)"
1082,5.0,,10.0,,23.733,9.0,10,,2.0,"LINESTRING (11.4136495 47.2538236, 11.4134944 47.253833, 11.4133423 47.2538022)"
1083,5.0,,10.0,,45.06,9.0,10,,4.0,"LINESTRING (11.4133423 47.2538022, 11.4132371 47.2537526, 11.413152 47.2536619, 11.4131274 47.2536021, 11.413117 47.2535483, 11.41313 47.2535003, 11.4131532 47.2534575)"
1084,5.0,,10.0,,52.56399999999999,9.0,10,,4.0,"LINESTRING (11.4133645 47.2533131, 11.4134682 47.2533007, 11.4135755 47.2532981, 11.4136814 47.253317, 11.4137583 47.2533458, 11.4138199 47.2533858, 11.4138658 47.2534283, 11.4138903 47.2534724, 11.4139085 47.253507)"
1085,5.0,,,2.0,969.9819999999999,,5,,5.0,"LINESTRING (11.4139085 47.253507, 11.4140374 47.2534843, 11.4141758 47.2534786, 11.4142925 47.2534899, 11.4144098 47.2535076, 11.415253 47.2536908, 11.4154169 47.2537207, 11.4156619 47.2537583, 11.4158544 47.2537786, 11.4160168 47.253786, 11.4161793 47.2537873, 11.4163896 47.2537781, 11.4166038 47.2537593, 11.4171183 47.2536958, 11.4176361 47.2536447, 11.417875 47.253643, 11.4181176 47.2536482, 11.4183261 47.2536686, 11.4185283 47.2536971, 11.4187472 47.2537427, 11.4189515 47.2537945, 11.4198749 47.2541144, 11.4202611 47.2542403, 11.4206527 47.25436, 11.4210004 47.2544575, 11.4213699 47.2545512, 11.4220698 47.254716, 11.4226128 47.2548178, 11.4233496 47.2549355, 11.4246704 47.2551426, 11.4254595 47.2552626, 11.4262459 47.2553839)"
1086,5.0,,10.0,,44.080000000000005,9.0,10,,4.0,"LINESTRING (11.4139085 47.253507, 11.4139253 47.2535898, 11.4139033 47.2536466, 11.4138759 47.2536877, 11.4138391 47.253727, 11.4137447 47.2537889, 11.4136495 47.2538236)"
1087,5.0,,10.0,7.0,10.232,9.0,10,,4.0,"LINESTRING (11.4123746 47.2570524, 11.41231 47.2571333)"
1088,10.0,,,,16.785,,5,,6.000000000000001,"LINESTRING (11.4123746 47.2570524, 11.4121522 47.2570541)"
1089,10.0,,,,14.325,,5,,7.000000000000001,"LINESTRING (11.4123746 47.2570524, 11.4125617 47.2570741)"
1090,8.0,,,,27.589000000000002,,5,,5.0,"LINESTRING (11.4351763 47.2647221, 11.4351709 47.2647685, 11.4351672 47.2648203, 11.4351811 47.2649697)"
1091,8.0,,10.0,7.0,95.382,9.0,5,,5.0,"LINESTRING (11.4351763 47.2647221, 11.4348622 47.264714, 11.4345649 47.2647129, 11.4340139 47.2647201, 11.4339127 47.2647232)"
1092,8.0,,,,3.906,,5,,5.0,"LINESTRING (11.4352661 47.2658817, 11.4352642 47.2659168)"
1093,8.0,,,,68.162,,5,,4.0,"LINESTRING (11.4352661 47.2658817, 11.4352205 47.2655035, 11.4351974 47.2652705)"
1094,2.0,,,7.0,123.98999999999998,9.0,10,,4.0,"LINESTRING (11.4269136 47.2630796, 11.4266558 47.2629915, 11.4258703 47.2627227, 11.4254547 47.2625735, 11.4254507 47.262572)"
1095,8.0,,,,63.916,,5,,6.000000000000001,"LINESTRING (11.3892061 47.2545973, 11.3883629 47.2545438)"
1096,8.0,,,,175.314,,5,,6.000000000000001,"LINESTRING (11.3892061 47.2545973, 11.3912991 47.254756, 11.3914172 47.2548277, 11.3914587 47.2548556)"
1097,6.0,,,,138.004,,5,,4.0,"LINESTRING (11.3892061 47.2545973, 11.3896194 47.2544671, 11.3907609 47.2539494)"
1098,6.0,,,,138.004,,5,,4.0,"LINESTRING (11.3907609 47.2539494, 11.3896194 47.2544671, 11.3892061 47.2545973)"
1099,8.0,,,9.0,34.984,,5,,6.000000000000001,"LINESTRING (11.3942985 47.253011, 11.3942061 47.2527027)"
1100,8.0,,,9.0,79.313,,5,,6.000000000000001,"LINESTRING (11.3942985 47.253011, 11.3944903 47.2537123)"
1101,6.0,,,,194.882,,5,,4.0,"LINESTRING (11.3942985 47.253011, 11.3932509 47.2530689, 11.3917827 47.2533635)"
1102,8.0,,,9.0,56.338,,5,,4.0,"LINESTRING (11.3940574 47.2522062, 11.3942061 47.2527027)"
1103,8.0,,,9.0,79.313,,5,,6.000000000000001,"LINESTRING (11.3944903 47.2537123, 11.3942985 47.253011)"
1104,8.0,,,9.0,134.97199999999998,,5,,6.000000000000001,"LINESTRING (11.3944903 47.2537123, 11.3947881 47.2546854, 11.3948523 47.254901)"
1105,8.0,,,9.0,140.624,,5,,6.000000000000001,"LINESTRING (11.3944903 47.2537123, 11.3962293 47.2537123, 11.3963499 47.2537325)"
1106,8.0,,,,259.145,,5,,6.000000000000001,"LINESTRING (11.3948523 47.254901, 11.3939168 47.2550258, 11.3915029 47.2548798, 11.3914587 47.2548556)"
1107,8.0,,,9.0,134.97199999999998,,5,,6.000000000000001,"LINESTRING (11.3948523 47.254901, 11.3947881 47.2546854, 11.3944903 47.2537123)"
1108,8.0,,,,225.46300000000002,,5,,4.0,"LINESTRING (11.3948523 47.254901, 11.3962409 47.2545376, 11.397237 47.2543087, 11.3976825 47.2542803)"
1109,6.0,,10.0,7.0,10.363,,5,,5.0,"LINESTRING (11.3974092 47.253734, 11.3975465 47.253734)"
1110,6.0,,,,38.517,,5,,5.0,"LINESTRING (11.3974092 47.253734, 11.3972789 47.2537344, 11.3969659 47.2537322, 11.396899 47.2537349)"
1111,6.0,,,10.0,15.155999999999999,,10,,3.0000000000000004,"LINESTRING (11.3974092 47.253734, 11.3974291 47.2537092, 11.3974509 47.2536806, 11.3974756 47.2536328, 11.3974822 47.253608)"
1112,2.0,,10.0,7.0,28.532,,5,,6.000000000000001,"LINESTRING (11.3980789 47.2559398, 11.397944 47.2561795)"
1113,2.0,,10.0,7.0,13.279,,5,,6.000000000000001,"LINESTRING (11.3980789 47.2559398, 11.3981419 47.2558283)"
1114,8.0,,10.0,,20.418,,5,,5.0,"LINESTRING (11.3980789 47.2559398, 11.3978093 47.2559245)"
1115,8.0,,,,208.745,,10,,5.0,"LINESTRING (11.3980789 47.2559398, 11.3982381 47.2559518, 11.3984129 47.2559679, 11.3988766 47.2560027, 11.3993796 47.2560387, 11.4008363 47.2560183)"
1116,8.0,,10.0,,28.024,,5,,6.000000000000001,"LINESTRING (11.3975754 47.2556532, 11.3972849 47.2556103, 11.3972271 47.2555789)"
1117,8.0,,10.0,,35.003,,5,,5.0,"LINESTRING (11.3975754 47.2556532, 11.3976895 47.2557689, 11.3978093 47.2559245)"
1118,8.0,,10.0,,109.936,,5,,6.000000000000001,"LINESTRING (11.3975754 47.2556532, 11.3976595 47.2552849, 11.3977303 47.2546708)"
1119,8.0,,10.0,,109.936,,5,,6.000000000000001,"LINESTRING (11.3977303 47.2546708, 11.3976595 47.2552849, 11.3975754 47.2556532)"
1120,8.0,,,,142.735,,5,,6.000000000000001,"LINESTRING (11.3977303 47.2546708, 11.3976815 47.2546391, 11.3975983 47.254625, 11.3972155 47.2546244, 11.3969098 47.2546745, 11.3962402 47.254839, 11.3959335 47.2549189)"
1121,10.0,,,,71.411,,5,,6.000000000000001,"LINESTRING (11.3977303 47.2546708, 11.3979906 47.2546262, 11.3986601 47.2546976)"
1122,2.0,,10.0,,110.88400000000001,9.0,10,,4.0,"LINESTRING (11.3947066 47.256181, 11.3958078 47.2562288, 11.3961733 47.2562387)"
1123,8.0,,,,195.62,,5,,5.0,"LINESTRING (11.3947066 47.256181, 11.3947091 47.2561626, 11.3947529 47.2558451, 11.3948205 47.2554001, 11.3948383 47.2552891, 11.3948472 47.2552391, 11.3948559 47.255224, 11.3948705 47.2552089, 11.394905 47.2551932, 11.3959335 47.2549189)"
1124,8.0,9.0,,,229.66500000000002,,10,,4.0,"LINESTRING (11.4008363 47.2560183, 11.4007639 47.255843, 11.4006527 47.2556961, 11.4005306 47.255553, 11.4002929 47.2553488, 11.3999639 47.2551533, 11.3998156 47.255079, 11.3996549 47.2550142, 11.3993542 47.254904, 11.3991747 47.2548572, 11.3990001 47.2548198, 11.3986371 47.2547463)"
1125,8.0,,10.0,,127.14200000000001,,5,,4.0,"LINESTRING (11.4008363 47.2560183, 11.4007811 47.2562012, 11.4006828 47.2562974, 11.400383 47.2565765, 11.4002464 47.256765, 11.4001211 47.2569781, 11.4000893 47.2570284)"
1126,8.0,,10.0,,96.702,,10,,3.0000000000000004,"LINESTRING (11.3988703 47.2567813, 11.3989915 47.2567746, 11.4000893 47.2570284)"
1127,4.0,,10.0,7.0,37.516,10.0,10,,3.0000000000000004,"LINESTRING (11.3988703 47.2567813, 11.3990809 47.2568588, 11.3991061 47.2569268, 11.3991644 47.2570237)"
1128,8.0,,10.0,,22.183,,5,,6.000000000000001,"LINESTRING (11.4003868 47.2526129, 11.4005316 47.2524393)"
1129,6.0,,,,101.01,,5,,6.000000000000001,"LINESTRING (11.4003868 47.2526129, 11.4013784 47.2529629, 11.4014435 47.252995, 11.4014848 47.2530353, 11.4015058 47.2530791)"
1130,8.0,,10.0,,168.77100000000002,,5,,7.000000000000001,"LINESTRING (11.4003868 47.2526129, 11.4002848 47.2527391, 11.4002169 47.2528225, 11.4000484 47.2530134, 11.3998987 47.2531879, 11.399665 47.2534688, 11.3995949 47.2535512, 11.3995557 47.2535885, 11.3994528 47.2536511, 11.3993287 47.2537025, 11.3992328 47.2537155, 11.3991731 47.2537241, 11.3990406 47.2537319)"
1131,8.0,,10.0,,82.559,,5,,7.000000000000001,"LINESTRING (11.4050733 47.2546746, 11.4051898 47.2545646, 11.4054883 47.2541744, 11.4056019 47.2540259)"
1132,8.0,,10.0,,161.365,,5,,6.000000000000001,"LINESTRING (11.4050733 47.2546746, 11.4047271 47.2553298, 11.4043247 47.2560338)"
1133,8.0,,10.0,,158.68,,5,,6.000000000000001,"LINESTRING (11.4050733 47.2546746, 11.4049811 47.254398, 11.4045274 47.2532968)"
1134,8.0,,10.0,9.0,114.843,,5,,7.000000000000001,"LINESTRING (11.4045274 47.2532968, 11.405541 47.2540013, 11.4056019 47.2540259)"
1135,8.0,,10.0,,158.68,,5,,6.000000000000001,"LINESTRING (11.4045274 47.2532968, 11.4049811 47.254398, 11.4050733 47.2546746)"
1136,8.0,,10.0,,171.72799999999998,,5,,6.000000000000001,"LINESTRING (11.4045274 47.2532968, 11.4044679 47.2531686, 11.4043269 47.2529347, 11.4042579 47.2528266, 11.4041449 47.2527734, 11.4035655 47.2525633, 11.4031004 47.2523947, 11.4029171 47.2523256)"
1137,8.0,,10.0,9.0,114.843,,5,,7.000000000000001,"LINESTRING (11.4056019 47.2540259, 11.405541 47.2540013, 11.4045274 47.2532968)"
1138,8.0,,10.0,,82.559,,5,,7.000000000000001,"LINESTRING (11.4056019 47.2540259, 11.4054883 47.2541744, 11.4051898 47.2545646, 11.4050733 47.2546746)"
1139,7.0,,,,199.863,,5,,7.000000000000001,"LINESTRING (11.4056019 47.2540259, 11.4060905 47.2535341, 11.4062436 47.2534035, 11.4065202 47.2533388, 11.4069013 47.2533521, 11.4071453 47.2533731, 11.4077362 47.2534708)"
1140,8.0,,,9.0,93.225,,5,,7.000000000000001,"LINESTRING (11.4056019 47.2540259, 11.4062149 47.2543066, 11.406439 47.2544142, 11.4066378 47.2544801)"
1141,5.0,,,,135.90800000000002,,5,,6.000000000000001,"LINESTRING (11.421664 47.2553166, 11.4204628 47.2550992, 11.4199192 47.2550149)"
1142,8.0,,,,172.041,,5,,6.000000000000001,"LINESTRING (11.421664 47.2553166, 11.4218012 47.2553461, 11.4223792 47.255466, 11.4228019 47.2555929, 11.4234383 47.255816, 11.423643 47.256011)"
1143,6.0,,,,46.523,,5,,4.0,"LINESTRING (11.421664 47.2553166, 11.4215697 47.2553885, 11.4210953 47.2553792)"
1144,6.0,,,,46.523,,5,,4.0,"LINESTRING (11.4210953 47.2553792, 11.4215697 47.2553885, 11.421664 47.2553166)"
1145,8.0,,,,12.16,,5,,6.000000000000001,"LINESTRING (11.423643 47.256011, 11.4237358 47.2559216)"
1146,8.0,,10.0,,111.322,,5,,6.000000000000001,"LINESTRING (11.423643 47.256011, 11.4229727 47.2569028)"
1147,8.0,,,,172.041,,5,,6.000000000000001,"LINESTRING (11.423643 47.256011, 11.4234383 47.255816, 11.4228019 47.2555929, 11.4223792 47.255466, 11.4218012 47.2553461, 11.421664 47.2553166)"
1148,5.0,,9.0,,212.487,,5,,7.000000000000001,"LINESTRING (11.4295929 47.2556284, 11.4295893 47.255571, 11.4293962 47.255572, 11.4291986 47.2555496, 11.4287727 47.2554559, 11.428595 47.2553685, 11.4285132 47.2552828, 11.4284337 47.2551379, 11.4283588 47.2550702, 11.4273434 47.2546795)"
1149,5.0,,,7.0,29.488,,5,,7.000000000000001,"LINESTRING (11.4295929 47.2556284, 11.4298581 47.2556175, 11.4299829 47.2556124)"
1150,5.0,,,,115.322,,5,,8.0,"LINESTRING (11.4295929 47.2556284, 11.4290857 47.2556477, 11.4287308 47.2556624, 11.4282069 47.25565, 11.4280673 47.2556408)"
1151,8.0,,,9.0,37.876,,5,,6.000000000000001,"LINESTRING (11.4302944 47.2582893, 11.4302257 47.2583208, 11.4301502 47.2583158, 11.4300979 47.2583109, 11.430048 47.2583036, 11.4299818 47.2582931, 11.4299046 47.2582781, 11.4298608 47.2582683, 11.4298193 47.2582567)"
1152,8.0,,10.0,9.0,8.989,,5,,6.000000000000001,"LINESTRING (11.4302944 47.2582893, 11.4303089 47.2582401, 11.4303252 47.2582115)"
1153,8.0,,10.0,9.0,56.922,,5,,6.000000000000001,"LINESTRING (11.4302944 47.2582893, 11.4305463 47.2583434, 11.4309856 47.2584908)"
1154,8.0,,10.0,,9.064,,5,,5.0,"LINESTRING (11.4120848 47.2569691, 11.4122039 47.2569796)"
1155,8.0,,,,9.506,,5,,6.000000000000001,"LINESTRING (11.4120848 47.2569691, 11.4119613 47.2569523)"
1156,8.0,,10.0,,152.088,,5,,6.000000000000001,"LINESTRING (11.4120848 47.2569691, 11.4120344 47.2568865, 11.4120453 47.2567957, 11.4122981 47.2565464, 11.4125648 47.2556805)"
1157,8.0,,,,77.656,,5,,6.000000000000001,"LINESTRING (11.4043247 47.2560338, 11.4044132 47.2560531, 11.4045524 47.2560863, 11.4046319 47.2560926, 11.404719 47.2560903, 11.4049297 47.2560947, 11.4053298 47.2561569)"
1158,8.0,,10.0,,161.365,,5,,6.000000000000001,"LINESTRING (11.4043247 47.2560338, 11.4047271 47.2553298, 11.4050733 47.2546746)"
1159,8.0,,10.0,,92.541,,5,,6.000000000000001,"LINESTRING (11.4043247 47.2560338, 11.4041031 47.2567598, 11.4041003 47.2568506)"
1160,8.0,,10.0,,24.784,,5,,7.000000000000001,"LINESTRING (11.4040644 47.2573439, 11.404092 47.2571218)"
1161,2.0,,10.0,,90.86699999999999,,5,,6.000000000000001,"LINESTRING (11.4040644 47.2573439, 11.4042417 47.2573515, 11.4049268 47.2573928, 11.4050165 47.257391, 11.4052641 47.2573741)"
1162,8.0,,10.0,,54.051,,5,,7.000000000000001,"LINESTRING (11.4040644 47.2573439, 11.4040356 47.2575681, 11.4040268 47.2576548, 11.4040314 47.2577112, 11.4040668 47.2577635, 11.4041361 47.2578009)"
1163,6.0,,,,75.032,,5,,7.000000000000001,"LINESTRING (11.4040644 47.2573439, 11.4038544 47.2573106, 11.403347 47.2572668, 11.4030813 47.2572484)"
1164,8.0,,10.0,,186.77100000000002,,5,,6.000000000000001,"LINESTRING (11.4041361 47.2578009, 11.4042177 47.2578252, 11.404442 47.2578843, 11.4049694 47.2579734, 11.4050289 47.2579813, 11.4053668 47.2580264, 11.4054333 47.2580359, 11.4064029 47.2581734, 11.4065345 47.2582019)"
1165,6.0,,,,87.622,,5,,6.000000000000001,"LINESTRING (11.4041361 47.2578009, 11.4040996 47.2578316, 11.4040947 47.2578927, 11.404215 47.2585752)"
1166,8.0,,10.0,,54.051,,5,,7.000000000000001,"LINESTRING (11.4041361 47.2578009, 11.4040668 47.2577635, 11.4040314 47.2577112, 11.4040268 47.2576548, 11.4040356 47.2575681, 11.4040644 47.2573439)"
1167,8.0,,10.0,,36.432,,5,,6.000000000000001,"LINESTRING (11.4065345 47.2582019, 11.406425 47.258521)"
1168,8.0,,10.0,,186.771,,5,,6.000000000000001,"LINESTRING (11.4065345 47.2582019, 11.4064029 47.2581734, 11.4054333 47.2580359, 11.4053668 47.2580264, 11.4050289 47.2579813, 11.4049694 47.2579734, 11.404442 47.2578843, 11.4042177 47.2578252, 11.4041361 47.2578009)"
1169,2.0,,10.0,,56.16,10.0,10,,3.0000000000000004,"LINESTRING (11.4065345 47.2582019, 11.4067642 47.2582376, 11.4068597 47.2582222, 11.4069015 47.2581823, 11.4069079 47.2581309, 11.4068892 47.2580848, 11.4068301 47.2580401, 11.406755 47.257992)"
1170,10.0,,10.0,,9.556,,5,,6.000000000000001,"LINESTRING (11.4056411 47.2575066, 11.4055152 47.2575158)"
1171,10.0,,10.0,,177.82799999999997,,5,,7.000000000000001,"LINESTRING (11.4056411 47.2575066, 11.4056918 47.2575046, 11.4057838 47.2576298, 11.4058647 47.2576933, 11.4059673 47.2577251, 11.406866 47.2578019, 11.4069995 47.2578006, 11.4074311 47.2578719, 11.4077982 47.257937)"
1172,8.0,,,9.0,38.974,,5,,6.000000000000001,"LINESTRING (11.4141135 47.2564107, 11.4145913 47.2565437)"
1173,8.0,,,9.0,21.137,,5,,6.000000000000001,"LINESTRING (11.4141135 47.2564107, 11.4140038 47.2565856)"
1174,8.0,,,9.0,98.848,,5,,6.000000000000001,"LINESTRING (11.4141135 47.2564107, 11.4145421 47.2556452, 11.4145787 47.2555797)"
1175,8.0,,,9.0,52.181,,5,,6.000000000000001,"LINESTRING (11.4135425 47.2572241, 11.412868 47.2571209)"
1176,8.0,,,9.0,13.992,,5,,6.000000000000001,"LINESTRING (11.4135425 47.2572241, 11.4137163 47.2572679)"
1177,8.0,,,9.0,54.227000000000004,,5,,6.000000000000001,"LINESTRING (11.4135425 47.2572241, 11.413578 47.2571937, 11.4136186 47.2571476, 11.4136535 47.257108, 11.4138722 47.2567921)"
1178,8.0,,,9.0,40.889,,5,,6.000000000000001,"LINESTRING (11.4160934 47.2578849, 11.4155863 47.2577554)"
1179,8.0,,,9.0,23.405,,5,,6.000000000000001,"LINESTRING (11.4160934 47.2578849, 11.4163867 47.2579533)"
1180,8.0,,,9.0,23.405,,5,,5.0,"LINESTRING (11.4163867 47.2579533, 11.4160934 47.2578849)"
1181,8.0,,,9.0,59.603,,5,,6.000000000000001,"LINESTRING (11.4163867 47.2579533, 11.4171303 47.2581339)"
1182,8.0,,,9.0,94.435,,5,,7.000000000000001,"LINESTRING (11.4163867 47.2579533, 11.4168988 47.2571784)"
1183,8.0,,,9.0,33.677,,5,,6.000000000000001,"LINESTRING (11.4178373 47.2582907, 11.4174129 47.2581971)"
1184,8.0,,10.0,9.0,31.464,,5,,6.000000000000001,"LINESTRING (11.4178373 47.2582907, 11.4179994 47.25803)"
1185,8.0,,,9.0,36.784,,5,,6.000000000000001,"LINESTRING (11.4178373 47.2582907, 11.4182532 47.2583925, 11.4182956 47.2584033)"
1186,8.0,,,9.0,36.784,,5,,6.000000000000001,"LINESTRING (11.4182956 47.2584033, 11.4182532 47.2583925, 11.4178373 47.2582907)"
1187,8.0,,,9.0,72.306,,5,,6.000000000000001,"LINESTRING (11.4182956 47.2584033, 11.4183604 47.2584203, 11.4191893 47.2586377)"
1188,8.0,,10.0,9.0,101.667,,5,,6.000000000000001,"LINESTRING (11.4182956 47.2584033, 11.4179083 47.2590233, 11.4177674 47.2592444)"
1189,8.0,,10.0,9.0,24.658,,10,,4.0,"LINESTRING (11.4237081 47.2599751, 11.4234085 47.2598866)"
1190,8.0,,,,164.455,,5,,3.0000000000000004,"LINESTRING (11.4237081 47.2599751, 11.423068 47.260794, 11.4230258 47.2608155, 11.4229744 47.2608151, 11.4223389 47.2606015)"
1191,8.0,,10.0,9.0,26.528,,10,,4.0,"LINESTRING (11.4240328 47.2600665, 11.4237081 47.2599751)"
1192,8.0,,10.0,,88.24,,5,,5.0,"LINESTRING (11.4240328 47.2600665, 11.4245518 47.2593554)"
1193,8.0,,10.0,9.0,49.124,,10,,4.0,"LINESTRING (11.4263106 47.2612098, 11.4258935 47.260935, 11.4258548 47.2608957)"
1194,8.0,,10.0,9.0,127.03900000000002,,5,,5.0,"LINESTRING (11.4263106 47.2612098, 11.4261687 47.2612995, 11.4260385 47.2614029, 11.4258536 47.2615642, 11.4257137 47.2617225, 11.4256169 47.2618485, 11.4254066 47.2621613)"
1195,8.0,,10.0,9.0,80.648,,5,,5.0,"LINESTRING (11.4263106 47.2612098, 11.4264888 47.2611215, 11.426806 47.26099, 11.4270082 47.2609282, 11.4272478 47.2608698)"
1196,8.0,,10.0,7.0,47.04,9.0,5,,6.000000000000001,"LINESTRING (11.4278282 47.2611819, 11.4278565 47.2611307, 11.4278781 47.2610563, 11.4278864 47.2609695, 11.4278593 47.2608759, 11.4278157 47.2607698)"
1197,8.0,,10.0,7.0,84.72,9.0,5,,5.0,"LINESTRING (11.4278282 47.2611819, 11.4277339 47.2612635, 11.4271848 47.2616003, 11.4270714 47.2616953, 11.4270446 47.2617236)"
1198,8.0,,10.0,9.0,43.638000000000005,,5,,5.0,"LINESTRING (11.4278282 47.2611819, 11.4279422 47.2611722, 11.4281628 47.2611534, 11.4284031 47.2611406)"
1199,5.0,,,7.0,27.810999999999996,9.0,10,,4.0,"LINESTRING (11.4270205 47.2622326, 11.4269495 47.262246, 11.4268758 47.2622441, 11.4268066 47.2622271, 11.4267482 47.2621965, 11.4267064 47.2621553)"
1200,6.0,,,7.0,31.089000000000002,,10,,3.0000000000000004,"LINESTRING (11.4343001 47.2631207, 11.434288 47.2631598, 11.4342594 47.2631947, 11.4342169 47.2632223, 11.4341643 47.2632402, 11.4341062 47.2632468, 11.4340479 47.2632414, 11.4339945 47.2632246)"
1201,6.0,,,7.0,43.312,,5,,5.0,"LINESTRING (11.4343001 47.2631207, 11.4343714 47.2631196, 11.434786 47.263113, 11.4348738 47.2631162)"
1202,2.0,,10.0,7.0,70.86099999999999,,5,,5.0,"LINESTRING (11.4339186 47.2631597, 11.4338468 47.2631671, 11.433775 47.2631744, 11.4334558 47.2632059, 11.4329854 47.2632253)"
1203,6.0,,,7.0,17.503,,10,,3.0000000000000004,"LINESTRING (11.4339186 47.2631597, 11.4339066 47.2631212, 11.4339117 47.263082, 11.4339333 47.2630455, 11.4339696 47.2630148)"
1204,6.0,,,7.0,34.063,5.0,5,,5.0,"LINESTRING (11.4341812 47.2629902, 11.4341986 47.2629417, 11.4342882 47.2626926)"
1205,6.0,,,7.0,18.101,,10,,4.0,"LINESTRING (11.4341812 47.2629902, 11.4342321 47.2630118, 11.434271 47.2630427, 11.4342944 47.2630802, 11.4343001 47.2631207)"
1206,6.0,,,,8.741,9.0,5,,6.000000000000001,"LINESTRING (11.4344692 47.262086, 11.4344526 47.2621638)"
1207,8.0,,10.0,9.0,17.311,9.0,5,,5.0,"LINESTRING (11.4344692 47.262086, 11.4344057 47.2620921, 11.4343569 47.2620967, 11.434242 47.2621075)"
1208,6.0,,10.0,7.0,177.69899999999998,9.0,5,,6.000000000000001,"LINESTRING (11.4344692 47.262086, 11.4345145 47.261791, 11.4344847 47.2615902, 11.4343219 47.2611734, 11.4342962 47.2610666, 11.434226 47.2607503, 11.4342788 47.2605126)"
1209,8.0,,,9.0,67.986,,5,,7.000000000000001,"LINESTRING (11.4168988 47.2571784, 11.4160614 47.256953)"
1210,8.0,,,9.0,29.509,,5,,7.000000000000001,"LINESTRING (11.4168988 47.2571784, 11.4172599 47.2572802)"
1211,8.0,,,9.0,28.402,,5,,7.000000000000001,"LINESTRING (11.4168988 47.2571784, 11.4170473 47.2569437)"
1212,8.0,,,9.0,94.435,,5,,7.000000000000001,"LINESTRING (11.4168988 47.2571784, 11.4163867 47.2579533)"
1213,8.0,,,9.0,29.649,,5,,7.000000000000001,"LINESTRING (11.4187985 47.2567578, 11.4184367 47.2566539)"
1214,5.0,,6.0,,211.454,,5,,7.000000000000001,"LINESTRING (11.4187985 47.2567578, 11.4199192 47.2550149)"
1215,8.0,,10.0,9.0,216.87,,5,,6.000000000000001,"LINESTRING (11.4187985 47.2567578, 11.4195009 47.2569664, 11.41976 47.2570389, 11.4198796 47.2570724, 11.4199899 47.2571043, 11.4200456 47.2571204, 11.4206035 47.2572813, 11.4214409 47.2575242)"
1216,8.0,,10.0,9.0,63.132,,5,,7.000000000000001,"LINESTRING (11.4187985 47.2567578, 11.4186503 47.2569807, 11.4184544 47.2572753)"
1217,8.0,,,9.0,30.491,,5,,6.000000000000001,"LINESTRING (11.4182631 47.2575631, 11.41789 47.2574579)"
1218,8.0,,10.0,9.0,35.108,,5,,6.000000000000001,"LINESTRING (11.4182631 47.2575631, 11.4184544 47.2572753)"
1219,8.0,,10.0,9.0,56.035000000000004,,5,,6.000000000000001,"LINESTRING (11.4182631 47.2575631, 11.4182679 47.2575982, 11.4179994 47.25803)"
1220,8.0,,10.0,,8.784,,5,,6.000000000000001,"LINESTRING (11.4223113 47.257799, 11.4223611 47.2577276)"
1221,8.0,,10.0,,13.755,,5,,6.000000000000001,"LINESTRING (11.4223113 47.257799, 11.4222288 47.2579093)"
1222,8.0,,10.0,9.0,72.456,,10,,5.0,"LINESTRING (11.4223113 47.257799, 11.422042 47.2577192, 11.4214409 47.2575242)"
1223,8.0,,10.0,,19.815,,5,,6.000000000000001,"LINESTRING (11.4234372 47.2580606, 11.4233321 47.2582239)"
1224,8.0,,10.0,9.0,7.072,,5,,6.000000000000001,"LINESTRING (11.4234372 47.2580606, 11.4233503 47.2580368)"
1225,8.0,,10.0,9.0,40.927,,5,,6.000000000000001,"LINESTRING (11.4234372 47.2580606, 11.4236144 47.2581007, 11.4239452 47.2581891)"
1226,8.0,,10.0,,111.322,,5,,6.000000000000001,"LINESTRING (11.4229727 47.2569028, 11.423643 47.256011)"
1227,6.0,,,,54.374,,5,,4.0,"LINESTRING (11.4229727 47.2569028, 11.423643 47.2570821)"
1228,8.0,,10.0,,102.678,,5,,6.000000000000001,"LINESTRING (11.4229727 47.2569028, 11.4228758 47.2570396, 11.4225973 47.2574129, 11.4225742 47.2574438, 11.4224862 47.2575618, 11.4224168 47.2576552, 11.4223611 47.2577276)"
1229,6.0,,,,54.374,,5,,4.0,"LINESTRING (11.423643 47.2570821, 11.4229727 47.2569028)"
1230,8.0,,10.0,9.0,221.869,,10,,5.0,"LINESTRING (11.4205368 47.2599142, 11.4177674 47.2592444)"
1231,8.0,,10.0,,5.395,9.0,5,,5.0,"LINESTRING (11.4205368 47.2599142, 11.4205726 47.2598722)"
1232,8.0,,10.0,,45.253,,5,,5.0,"LINESTRING (11.4205368 47.2599142, 11.4203347 47.2601679, 11.4202519 47.2602723)"
1233,8.0,,10.0,9.0,47.262,,5,,7.000000000000001,"LINESTRING (11.4177674 47.2592444, 11.4175296 47.2596376)"
1234,8.0,,10.0,9.0,37.985,,5,,7.000000000000001,"LINESTRING (11.4177674 47.2592444, 11.4172972 47.2591225)"
1235,8.0,,10.0,9.0,101.667,,5,,7.000000000000001,"LINESTRING (11.4177674 47.2592444, 11.4179083 47.2590233, 11.4182956 47.2584033)"
1236,8.0,,10.0,9.0,47.262,,5,,6.000000000000001,"LINESTRING (11.4175296 47.2596376, 11.4177674 47.2592444)"
1237,6.0,,,,140.525,,5,,4.0,"LINESTRING (11.4175296 47.2596376, 11.4157905 47.2591859)"
1238,8.0,,10.0,9.0,46.226,,5,,6.000000000000001,"LINESTRING (11.4175296 47.2596376, 11.4173732 47.2599057, 11.4174167 47.2600296)"
1239,6.0,,,,140.525,,5,,4.0,"LINESTRING (11.4157905 47.2591859, 11.4175296 47.2596376)"
1240,8.0,,10.0,9.0,64.443,9.0,5,,6.000000000000001,"LINESTRING (11.4155227 47.2586764, 11.4151511 47.2591982)"
1241,8.0,,10.0,9.0,97.984,,10,,5.0,"LINESTRING (11.4155227 47.2586764, 11.4160934 47.2578849)"
1242,8.0,,10.0,9.0,41.005,,5,,6.000000000000001,"LINESTRING (11.4155227 47.2586764, 11.4154207 47.2586731, 11.415006 47.2585708)"
1243,8.0,,10.0,9.0,69.744,,5,,6.000000000000001,"LINESTRING (11.4155227 47.2586764, 11.4156602 47.2586841, 11.4162558 47.25885, 11.4163887 47.2588847)"
1244,8.0,,10.0,9.0,5.028,,5,,6.000000000000001,"LINESTRING (11.415006 47.2585708, 11.4149442 47.2585539)"
1245,6.0,,,,100.69200000000001,,5,,6.000000000000001,"LINESTRING (11.415006 47.2585708, 11.4152977 47.2581619, 11.4155863 47.2577554)"
1246,8.0,,10.0,9.0,41.005,,5,,7.000000000000001,"LINESTRING (11.415006 47.2585708, 11.4154207 47.2586731, 11.4155227 47.2586764)"
1247,8.0,,10.0,9.0,22.893,,5,,4.0,"LINESTRING (11.4138138 47.2582486, 11.4140956 47.2583248)"
1248,8.0,,10.0,,86.221,,5,,4.0,"LINESTRING (11.4131558 47.2580586, 11.4128515 47.2580338, 11.4120484 47.2578762)"
1249,8.0,,,,164.45499999999998,,5,,3.0000000000000004,"LINESTRING (11.4223389 47.2606015, 11.4229744 47.2608151, 11.4230258 47.2608155, 11.423068 47.260794, 11.4237081 47.2599751)"
1250,8.0,,10.0,,101.284,,5,,6.000000000000001,"LINESTRING (11.4251349 47.258535, 11.4250827 47.2586111, 11.4245518 47.2593554)"
1251,8.0,,10.0,9.0,53.650999999999996,,5,,6.000000000000001,"LINESTRING (11.4251349 47.258535, 11.424807 47.2584368, 11.4244845 47.2583402)"
1252,8.0,,10.0,9.0,101.72700000000002,,5,,7.000000000000001,"LINESTRING (11.4251349 47.258535, 11.4253501 47.2585961, 11.4254935 47.2586368, 11.4257334 47.2587149, 11.4261939 47.2588592, 11.426235 47.2588678, 11.4262841 47.2588747, 11.4263335 47.2588825, 11.426374 47.2588903)"
1253,8.0,,10.0,9.0,173.718,,5,,6.000000000000001,"LINESTRING (11.4298193 47.2582567, 11.4295376 47.2585185, 11.4293179 47.2586724, 11.4291059 47.2587806, 11.4289244 47.258967, 11.4286173 47.2595513)"
1254,8.0,,,9.0,55.19200000000001,,5,,6.000000000000001,"LINESTRING (11.4298193 47.2582567, 11.4295639 47.2581295, 11.4293194 47.2579974, 11.4292392 47.2579546)"
1255,8.0,,,9.0,37.876,,5,,6.000000000000001,"LINESTRING (11.4298193 47.2582567, 11.4298608 47.2582683, 11.4299046 47.2582781, 11.4299818 47.2582931, 11.430048 47.2583036, 11.4300979 47.2583109, 11.4301502 47.2583158, 11.4302257 47.2583208, 11.4302944 47.2582893)"
1256,8.0,,10.0,9.0,13.399,,5,,6.000000000000001,"LINESTRING (11.4286173 47.2595513, 11.4284494 47.2595121)"
1257,8.0,,10.0,9.0,173.718,,5,,6.000000000000001,"LINESTRING (11.4286173 47.2595513, 11.4289244 47.258967, 11.4291059 47.2587806, 11.4293179 47.2586724, 11.4295376 47.2585185, 11.4298193 47.2582567)"
1258,8.0,,10.0,9.0,75.82499999999999,,5,,6.000000000000001,"LINESTRING (11.4286173 47.2595513, 11.4286583 47.2595618, 11.4292183 47.2597052, 11.4295221 47.2597953, 11.4295501 47.2598041)"
1259,8.0,,10.0,9.0,11.12,,5,,6.000000000000001,"LINESTRING (11.427709 47.2593304, 11.4278467 47.259366)"
1260,6.0,,,,58.826,,5,,4.0,"LINESTRING (11.427709 47.2593304, 11.4278392 47.2591276, 11.4280431 47.2590301, 11.428124 47.2589029)"
1261,8.0,,10.0,9.0,41.992000000000004,,5,,6.000000000000001,"LINESTRING (11.427709 47.2593304, 11.4273279 47.259216, 11.427203 47.2591735)"
1262,6.0,,,,58.826,,5,,4.0,"LINESTRING (11.428124 47.2589029, 11.4280431 47.2590301, 11.4278392 47.2591276, 11.427709 47.2593304)"
1263,8.0,,10.0,9.0,14.396,,5,,6.000000000000001,"LINESTRING (11.429723 47.2598588, 11.4295501 47.2598041)"
1264,8.0,,10.0,9.0,34.121,,5,,6.000000000000001,"LINESTRING (11.429723 47.2598588, 11.4297595 47.259815, 11.4299975 47.2596157)"
1265,8.0,,10.0,9.0,90.37700000000001,,5,,6.000000000000001,"LINESTRING (11.429723 47.2598588, 11.4296756 47.2599156, 11.4294786 47.2601513, 11.4293508 47.2602573, 11.4292037 47.260348, 11.4289621 47.2604705)"
1266,8.0,,10.0,9.0,22.197,,5,,6.000000000000001,"LINESTRING (11.4315132 47.2587452, 11.4313112 47.2586001)"
1267,6.0,,,,50.563,,5,,4.0,"LINESTRING (11.4315132 47.2587452, 11.4313347 47.2589398, 11.4313581 47.2589892, 11.4315579 47.2590976)"
1268,8.0,,10.0,9.0,76.216,,5,,6.000000000000001,"LINESTRING (11.4315132 47.2587452, 11.4318633 47.2590689, 11.4320029 47.2593365)"
1269,8.0,,10.0,9.0,21.455,,5,,6.000000000000001,"LINESTRING (11.4320975 47.2594085, 11.4323813 47.2593971)"
1270,8.0,,10.0,9.0,10.727,,5,,6.000000000000001,"LINESTRING (11.4320975 47.2594085, 11.4320029 47.2593365)"
1271,6.0,,,,34.457,,5,,4.0,"LINESTRING (11.4320975 47.2594085, 11.43226 47.2595387, 11.4323839 47.2596497)"
1272,8.0,,10.0,9.0,35.291,,5,,4.0,"LINESTRING (11.4328479 47.2593759, 11.4323813 47.2593971)"
1273,6.0,,,,12.74,,5,,3.0000000000000004,"LINESTRING (11.433899 47.2594429, 11.4337311 47.259431)"
1274,6.0,,,,106.719,,5,,3.0000000000000004,"LINESTRING (11.433899 47.2594429, 11.4334006 47.259964, 11.4333075 47.2599927, 11.4329348 47.2599009)"
1275,6.0,,,,4.014,,5,,6.000000000000001,"LINESTRING (11.4342788 47.2605126, 11.4342363 47.2604909)"
1276,6.0,,10.0,7.0,49.172,9.0,5,,6.000000000000001,"LINESTRING (11.4342788 47.2605126, 11.4343809 47.2603032, 11.4345058 47.2600984)"
1277,6.0,,10.0,7.0,177.69899999999998,9.0,5,,6.000000000000001,"LINESTRING (11.4342788 47.2605126, 11.434226 47.2607503, 11.4342962 47.2610666, 11.4343219 47.2611734, 11.4344847 47.2615902, 11.4345145 47.261791, 11.4344692 47.262086)"
1278,6.0,,,,41.809,,5,,4.0,"LINESTRING (11.4337026 47.2601692, 11.4341081 47.2604254)"
1279,8.0,,10.0,,5.616,,5,,6.000000000000001,"LINESTRING (11.4122008 47.2575897, 11.4121755 47.2576372)"
1280,8.0,,10.0,,19.215,,5,,5.0,"LINESTRING (11.4122008 47.2575897, 11.4121954 47.2575564, 11.4121706 47.25752, 11.4121192 47.2574864, 11.4120536 47.257462)"
1281,10.0,,,,65.29599999999999,,5,,7.000000000000001,"LINESTRING (11.4122008 47.2575897, 11.4122776 47.2575688, 11.4124706 47.2572285, 11.4125163 47.2571436, 11.4125617 47.2570741)"
1282,8.0,,10.0,,19.215,,5,,5.0,"LINESTRING (11.4120536 47.257462, 11.4121192 47.2574864, 11.4121706 47.25752, 11.4121954 47.2575564, 11.4122008 47.2575897)"
1283,5.0,,10.0,7.0,126.023,9.0,10,,3.0000000000000004,"LINESTRING (11.4120536 47.257462, 11.4116742 47.2580717, 11.4115324 47.258289, 11.4114902 47.2583655, 11.4114724 47.2584005, 11.4114613 47.258451, 11.4114524 47.2585148)"
1284,8.0,,10.0,9.0,10.649000000000001,,5,,6.000000000000001,"LINESTRING (11.3870664 47.2560872, 11.3869915 47.2560369, 11.3869585 47.2560276)"
1285,8.0,,10.0,9.0,90.495,,5,,6.000000000000001,"LINESTRING (11.3870664 47.2560872, 11.3871041 47.2561522, 11.3870949 47.256335, 11.3870863 47.2565878, 11.3870819 47.2567171, 11.3870797 47.2567839, 11.3870746 47.2568959)"
1286,6.0,,,,27.392000000000003,,5,,4.0,"LINESTRING (11.3870664 47.2560872, 11.3871748 47.2560502, 11.3872978 47.2560548, 11.3874141 47.25607)"
1287,8.0,,10.0,9.0,149.32999999999998,,5,,5.0,"LINESTRING (11.3843506 47.2558729, 11.3843927 47.2558627, 11.3844406 47.2558642, 11.3846429 47.2558806, 11.3855848 47.2558294, 11.3858045 47.2558352, 11.3860442 47.2558684, 11.3863108 47.2559077)"
1288,8.0,9.0,10.0,9.0,183.196,,10,,4.0,"LINESTRING (11.3843506 47.2558729, 11.3842062 47.2557736, 11.3832042 47.2554417, 11.3824411 47.2552093, 11.3821884 47.2551439)"
1289,8.0,,10.0,9.0,75.295,,5,,5.0,"LINESTRING (11.3843506 47.2558729, 11.3843156 47.2558948, 11.3842979 47.2559245, 11.3843114 47.2560686, 11.3842544 47.2565354)"
1290,8.0,,10.0,7.0,16.203,,10,,3.0000000000000004,"LINESTRING (11.3813538 47.2551458, 11.3813173 47.2552001, 11.3812648 47.2552784)"
1291,6.0,,,,175.36,,5,,3.0000000000000004,"LINESTRING (11.3829307 47.2569589, 11.3818519 47.2557299, 11.3818089 47.2557172, 11.38164 47.2557167)"
1292,8.0,,10.0,9.0,27.989,,5,,4.0,"LINESTRING (11.3816406 47.2578623, 11.3814103 47.257665)"
1293,8.0,,,,122.98400000000001,,5,,6.000000000000001,"LINESTRING (11.3800877 47.2551463, 11.3801215 47.2552729, 11.3797363 47.2554807, 11.3789942 47.255881)"
1294,8.0,,,,24.389,,5,,5.0,"LINESTRING (11.3800877 47.2551463, 11.3801769 47.255039, 11.3802381 47.2549523)"
1295,8.0,,,,78.864,,5,,6.000000000000001,"LINESTRING (11.3800877 47.2551463, 11.3796959 47.2553268, 11.3792578 47.2555758)"
1296,8.0,,,,131.087,,5,,6.000000000000001,"LINESTRING (11.3775298 47.2565186, 11.3781179 47.2561752, 11.3789102 47.2558059)"
1297,5.0,,10.0,,72.187,,5,,6.000000000000001,"LINESTRING (11.3775298 47.2565186, 11.3772617 47.2562992, 11.3769073 47.2560258)"
1298,5.0,,10.0,,17.104,9.0,5,,6.000000000000001,"LINESTRING (11.3775298 47.2565186, 11.3775794 47.2565614, 11.377673 47.2566378)"
1299,8.0,,10.0,,98.57900000000001,,5,,6.000000000000001,"LINESTRING (11.379183 47.2576988, 11.3793253 47.2576239, 11.3802085 47.2571497)"
1300,5.0,,10.0,,107.473,5.0,5,,6.000000000000001,"LINESTRING (11.379183 47.2576988, 11.379278 47.2577664, 11.3797867 47.2582066, 11.3800664 47.2584563)"
1301,5.0,,10.0,,71.179,5.0,5,,6.000000000000001,"LINESTRING (11.379183 47.2576988, 11.3790793 47.257622, 11.3788383 47.2574624, 11.3785075 47.2572524)"
1302,8.0,,,,32.845,,5,,6.000000000000001,"LINESTRING (11.3789942 47.255881, 11.3786616 47.2560715)"
1303,8.0,,,,10.485,,5,,6.000000000000001,"LINESTRING (11.3789942 47.255881, 11.3789102 47.2558059)"
1304,8.0,,,,122.984,,5,,6.000000000000001,"LINESTRING (11.3789942 47.255881, 11.3797363 47.2554807, 11.3801215 47.2552729, 11.3800877 47.2551463)"
1305,8.0,,,,24.389,,5,,5.0,"LINESTRING (11.3802381 47.2549523, 11.3801769 47.255039, 11.3800877 47.2551463)"
1306,2.0,,10.0,,131.449,,10,,4.0,"LINESTRING (11.3802381 47.2549523, 11.3793776 47.2547536, 11.3785898 47.2545704)"
1307,8.0,,10.0,,496.22799999999995,,5,,6.000000000000001,"LINESTRING (11.3787097 47.253107, 11.3784178 47.2530676, 11.3782192 47.2530174, 11.378132 47.2530048, 11.3780633 47.2530226, 11.3780351 47.2530747, 11.3780605 47.2531184, 11.3781312 47.2531506, 11.3782167 47.2531746, 11.3790142 47.2533066, 11.3795673 47.2533658, 11.3797417 47.2533634, 11.379918 47.2533531, 11.379984 47.2533598, 11.3800356 47.2533763, 11.3802124 47.2536474, 11.380249 47.2536572, 11.3803041 47.2536549, 11.3806637 47.2535928, 11.380994 47.2535625, 11.3810914 47.2535715, 11.3811378 47.2535896, 11.3811638 47.2536174, 11.3811619 47.2536667, 11.3811328 47.2538845, 11.3811092 47.2539918, 11.381048 47.2540924, 11.380898 47.254156, 11.3807623 47.2542273, 11.3806956 47.254296, 11.3807784 47.2544145, 11.3808985 47.2545884, 11.3809033 47.2546529, 11.3808539 47.2548467, 11.3807297 47.254983)"
1308,8.0,,10.0,,36.614000000000004,,5,,5.0,"LINESTRING (11.3787097 47.253107, 11.3788538 47.2531117, 11.379054 47.2531013, 11.3791793 47.2530588)"
1309,5.0,,,,17.692999999999998,,5,1.0,5.0,"LINESTRING (11.3787097 47.253107, 11.3788289 47.2530522, 11.3789105 47.2530257)"
1310,8.0,,10.0,,19.815,,5,,6.000000000000001,"LINESTRING (11.4233321 47.2582239, 11.4234372 47.2580606)"
1311,6.0,,,,33.66,,5,,6.000000000000001,"LINESTRING (11.4233321 47.2582239, 11.4229191 47.2581096)"
1312,8.0,,10.0,,84.594,,5,,4.0,"LINESTRING (11.4233321 47.2582239, 11.4232535 47.2583409, 11.4231522 47.2583813, 11.4227887 47.2588756)"
1313,8.0,,10.0,9.0,80.648,,5,,6.000000000000001,"LINESTRING (11.4272478 47.2608698, 11.4270082 47.2609282, 11.426806 47.26099, 11.4264888 47.2611215, 11.4263106 47.2612098)"
1314,8.0,,10.0,9.0,44.289,,5,,6.000000000000001,"LINESTRING (11.4272478 47.2608698, 11.4274066 47.2608373, 11.4278157 47.2607698)"
1315,6.0,,10.0,,7.324,,5,,4.0,"LINESTRING (11.4272478 47.2608698, 11.4272659 47.2609086, 11.4272771 47.2609326)"
1316,6.0,,,,30.241999999999997,,5,,4.0,"LINESTRING (11.3785898 47.2545704, 11.3786015 47.2546325, 11.378669 47.2548368)"
1317,2.0,,10.0,,239.515,9.0,10,,4.0,"LINESTRING (11.3785898 47.2545704, 11.3782294 47.2544865, 11.3758399 47.2539305, 11.3755821 47.2538847)"
1318,8.0,,,,36.645,,5,,6.000000000000001,"LINESTRING (11.3792578 47.2555758, 11.3789102 47.2558059)"
1319,8.0,,,,78.864,,5,,6.000000000000001,"LINESTRING (11.3792578 47.2555758, 11.3796959 47.2553268, 11.3800877 47.2551463)"
1320,6.0,,,,76.21700000000001,,5,,6.000000000000001,"LINESTRING (11.3792578 47.2555758, 11.3790093 47.2554138, 11.3789383 47.2553685, 11.3788853 47.2553304, 11.3788439 47.2552926, 11.3788111 47.2552493, 11.3787844 47.255197, 11.3787292 47.255019)"
1321,8.0,,10.0,,18.087,10.0,10,,3.0000000000000004,"LINESTRING (11.382154 47.2566442, 11.3823678 47.2565707)"
1322,2.0,,10.0,,158.106,10.0,10,,3.0000000000000004,"LINESTRING (11.382154 47.2566442, 11.3820475 47.2565117, 11.3818228 47.2562369, 11.3813316 47.2556497, 11.3812098 47.2553807)"
1323,6.0,,10.0,,20.11,,10,,4.0,"LINESTRING (11.402121 47.2662557, 11.4023875 47.2662578)"
1324,6.0,,10.0,,24.432,,10,,2.0,"LINESTRING (11.402121 47.2662557, 11.4022509 47.2662242, 11.402323 47.2661769, 11.4023521 47.2661223)"
1325,8.0,,,,95.352,,10,,3.0000000000000004,"LINESTRING (11.4129947 47.2589794, 11.4124991 47.2597682)"
1326,2.0,,10.0,7.0,121.087,10.0,10,,2.0,"LINESTRING (11.4129947 47.2589794, 11.4116964 47.2587897, 11.4116122 47.258782, 11.4115182 47.2587878, 11.411426 47.2588085)"
1327,6.0,,10.0,7.0,18.734,5.0,5,,6.000000000000001,"LINESTRING (11.4044108 47.2647046, 11.4042031 47.2647969)"
1328,6.0,,,,4.081,,5,,7.000000000000001,"LINESTRING (11.4044108 47.2647046, 11.4044003 47.2646686)"
1329,6.0,,10.0,7.0,96.71600000000001,5.0,5,,7.000000000000001,"LINESTRING (11.4044108 47.2647046, 11.4047005 47.2646112, 11.4050671 47.2645065, 11.4053801 47.2644103, 11.4054475 47.2643893, 11.4055797 47.2643481)"
1330,6.0,,10.0,7.0,16.579,5.0,5,,7.000000000000001,"LINESTRING (11.4055797 47.2643481, 11.4057906 47.2643063)"
1331,6.0,,10.0,7.0,96.71600000000001,5.0,5,,6.000000000000001,"LINESTRING (11.4055797 47.2643481, 11.4054475 47.2643893, 11.4053801 47.2644103, 11.4050671 47.2645065, 11.4047005 47.2646112, 11.4044108 47.2647046)"
1332,8.0,,10.0,,7.399,,5,,6.000000000000001,"LINESTRING (11.4055797 47.2643481, 11.405576 47.2643097, 11.4055733 47.2642817)"
1333,6.0,,,,18.2,,5,,8.0,"LINESTRING (11.4081907 47.263547, 11.408397 47.2634622)"
1334,6.0,,10.0,,12.244,,5,,7.000000000000001,"LINESTRING (11.4081907 47.263547, 11.4081081 47.263509, 11.4080564 47.2634852)"
1335,8.0,9.0,10.0,,47.518,,5,,6.000000000000001,"LINESTRING (11.4081907 47.263547, 11.4083405 47.2635963, 11.4084814 47.2636429, 11.4087654 47.2637211)"
1336,6.0,,10.0,7.0,115.224,,5,,8.0,"LINESTRING (11.4081907 47.263547, 11.4080234 47.263628, 11.4076172 47.2638124, 11.4069973 47.2640991, 11.4069272 47.2641287)"
1337,8.0,,,,6.837,,5,,6.000000000000001,"LINESTRING (11.4110577 47.2627959, 11.4110506 47.2627346)"
1338,6.0,9.0,,,22.863,,5,,7.000000000000001,"LINESTRING (11.4110577 47.2627959, 11.4113542 47.2627536)"
1339,6.0,,10.0,7.0,157.596,,5,,7.000000000000001,"LINESTRING (11.4110577 47.2627959, 11.4107019 47.2628517, 11.4102059 47.2629408, 11.4097778 47.2630336, 11.4090662 47.2632162)"
1340,6.0,9.0,,,63.871,,5,,7.000000000000001,"LINESTRING (11.4158941 47.2619178, 11.415093 47.2621032)"
1341,6.0,,10.0,7.0,158.752,,5,,8.0,"LINESTRING (11.4158941 47.2619178, 11.415931 47.2619966, 11.4159568 47.2620438, 11.4159974 47.2621183, 11.4159907 47.2622003, 11.4159323 47.2622954, 11.4153517 47.2631285, 11.4152834 47.2632266)"
1342,8.0,,,,36.687,,10,,5.0,"LINESTRING (11.4158941 47.2619178, 11.4158892 47.2618319, 11.4159329 47.26174, 11.4158908 47.2615954)"
1343,6.0,,,,54.614000000000004,,10,,5.0,"LINESTRING (11.4158941 47.2619178, 11.4159807 47.2618249, 11.416034 47.2617937, 11.4163962 47.2617007, 11.4164989 47.2616892)"
1344,6.0,,,,56.952,,5,,8.0,"LINESTRING (11.4158941 47.2619178, 11.4160551 47.2618742, 11.4162429 47.2618234, 11.4165952 47.2617282)"
1345,8.0,,,9.0,142.585,9.0,5,,5.0,"LINESTRING (11.4139099 47.2611014, 11.4131383 47.2622719)"
1346,8.0,,,9.0,97.8,9.0,5,,6.000000000000001,"LINESTRING (11.4139099 47.2611014, 11.4144058 47.2602888)"
1347,8.0,9.0,,,159.258,,10,,4.0,"LINESTRING (11.4139099 47.2611014, 11.4158908 47.2615954)"
1348,8.0,,,,197.565,,5,,5.0,"LINESTRING (11.4122173 47.2606686, 11.4111382 47.2622874)"
1349,8.0,9.0,,,136.495,,10,,5.0,"LINESTRING (11.4122173 47.2606686, 11.4139099 47.2611014)"
1350,8.0,,10.0,7.0,20.875,9.0,5,,4.0,"LINESTRING (11.4122173 47.2606686, 11.4119614 47.2605973)"
1351,8.0,,,,100.727,,10,,4.0,"LINESTRING (11.4124991 47.2597682, 11.4119614 47.2605973)"
1352,8.0,,,,155.097,,5,,5.0,"LINESTRING (11.4124991 47.2597682, 11.4144058 47.2602888)"
1353,8.0,,,9.0,97.8,9.0,5,,6.000000000000001,"LINESTRING (11.4144058 47.2602888, 11.4139099 47.2611014)"
1354,8.0,,,,155.097,,5,,5.0,"LINESTRING (11.4144058 47.2602888, 11.4124991 47.2597682)"
1355,8.0,,,9.0,100.115,9.0,5,,5.0,"LINESTRING (11.4144058 47.2602888, 11.4148515 47.2595761, 11.4149241 47.25946)"
1356,8.0,,,,197.565,,5,,6.000000000000001,"LINESTRING (11.4111382 47.2622874, 11.4122173 47.2606686)"
1357,8.0,,,,111.611,,5,,5.0,"LINESTRING (11.4111382 47.2622874, 11.409723 47.2619957)"
1358,8.0,,,,51.085,,5,,5.0,"LINESTRING (11.4111382 47.2622874, 11.4110628 47.2624172, 11.4110292 47.2625508, 11.4110506 47.2627346)"
1359,8.0,,10.0,7.0,72.787,9.0,5,,6.000000000000001,"LINESTRING (11.4106821 47.260324, 11.4098978 47.2601655, 11.4097655 47.2601233)"
1360,8.0,,10.0,7.0,134.732,,5,,6.000000000000001,"LINESTRING (11.4106821 47.260324, 11.4112259 47.2593617, 11.4112685 47.259183)"
1361,8.0,,10.0,7.0,199.49099999999999,10.0,10,,5.0,"LINESTRING (11.4106821 47.260324, 11.4099937 47.2614987, 11.409723 47.2619957)"
1362,8.0,,10.0,7.0,101.272,9.0,5,,5.0,"LINESTRING (11.4106821 47.260324, 11.4107801 47.2603363, 11.4119614 47.2605973)"
1363,6.0,,10.0,7.0,18.621,9.0,5,,6.000000000000001,"LINESTRING (11.4097655 47.2601233, 11.4098758 47.2599735)"
1364,6.0,,10.0,7.0,16.063,9.0,5,,6.000000000000001,"LINESTRING (11.4097655 47.2601233, 11.4096694 47.2602522)"
1365,8.0,,10.0,7.0,72.787,9.0,5,,7.000000000000001,"LINESTRING (11.4097655 47.2601233, 11.4098978 47.2601655, 11.4106821 47.260324)"
1366,10.0,,10.0,,21.36,,5,,5.0,"LINESTRING (11.410397 47.2592833, 11.4105027 47.2591051)"
1367,6.0,,10.0,7.0,69.50200000000001,10.0,10,,3.0000000000000004,"LINESTRING (11.410397 47.2592833, 11.4106614 47.2591295, 11.4108946 47.2589964, 11.410964 47.2589272, 11.4109806 47.2588794, 11.4109971 47.2588316)"
1368,6.0,,,,713.1150000000001,,5,,6.000000000000001,"LINESTRING (11.4039295 47.2635558, 11.4038992 47.263447, 11.4038969 47.2634215, 11.4038917 47.2633624, 11.4039337 47.2630154, 11.4039315 47.2628842, 11.4038903 47.2624421, 11.4037893 47.261761, 11.4037569 47.2615909, 11.4037136 47.2614436, 11.4036735 47.2613762, 11.4035667 47.2612449, 11.40354 47.2612027, 11.4030574 47.2595812, 11.4030329 47.2594767, 11.4030106 47.2593165, 11.4030173 47.2592031, 11.403036 47.2589809, 11.4030825 47.2589166, 11.4031213 47.2588773, 11.4031783 47.2587935, 11.4033555 47.2585625, 11.4034418 47.2584749, 11.4034353 47.2583461, 11.4033507 47.257911, 11.4033144 47.2578046, 11.4032008 47.2576185, 11.4031645 47.2575363, 11.4031019 47.2573722, 11.4030824 47.2573212)"
1369,6.0,,,,130.39700000000002,,5,,6.000000000000001,"LINESTRING (11.4039295 47.2635558, 11.404129 47.2638414, 11.4042657 47.2640195, 11.4043178 47.264205, 11.4043793 47.2645575, 11.4044003 47.2646686)"
1370,6.0,,,,161.85500000000002,,5,,4.0,"LINESTRING (11.4039295 47.2635558, 11.4031173 47.2644771, 11.4032495 47.2647624, 11.4032461 47.2648453)"
1371,8.0,,10.0,,16.637,,5,,6.000000000000001,"LINESTRING (11.4052837 47.2612466, 11.4054987 47.2612797)"
1372,8.0,,10.0,,100.095,,5,,6.000000000000001,"LINESTRING (11.4052837 47.2612466, 11.4051057 47.2612141, 11.4048871 47.2611641, 11.4047641 47.2611243, 11.4047441 47.2611134, 11.4046868 47.2610775, 11.4046263 47.2610132, 11.4045851 47.2609416, 11.4045644 47.2608543, 11.404543 47.2607415, 11.4045267 47.2606417)"
1373,8.0,,,,78.125,,5,,6.000000000000001,"LINESTRING (11.4043572 47.259395, 11.4043934 47.2593656, 11.4044268 47.2593506, 11.4044791 47.2593434, 11.4045391 47.2593488, 11.4053323 47.2595024)"
1374,8.0,,10.0,,38.005,,5,,6.000000000000001,"LINESTRING (11.4043572 47.259395, 11.4043438 47.2594269, 11.4043433 47.2594647, 11.4043882 47.2597338)"
1375,6.0,,,,91.80000000000001,,5,,6.000000000000001,"LINESTRING (11.4043572 47.259395, 11.4043363 47.2593075, 11.40428 47.2589438, 11.404215 47.2585752)"
1376,8.0,,,,56.797,,5,,4.0,"LINESTRING (11.4060582 47.2596373, 11.4053323 47.2595024)"
1377,8.0,,10.0,,178.087,,5,,5.0,"LINESTRING (11.407098 47.2615702, 11.4064635 47.2631128)"
1378,8.0,,,,66.217,,10,,4.0,"LINESTRING (11.407098 47.2615702, 11.4069411 47.2615426, 11.4066802 47.2615002, 11.4062487 47.2614207)"
1379,8.0,,10.0,,15.537999999999998,,5,,5.0,"LINESTRING (11.407098 47.2615702, 11.4071087 47.2615406, 11.4071511 47.2614352)"
1380,8.0,,,,65.93599999999999,,10,,4.0,"LINESTRING (11.4063053 47.2612864, 11.4066407 47.2613454, 11.406989 47.2614067, 11.4071511 47.2614352)"
1381,8.0,,,,15.532,,10,,3.0000000000000004,"LINESTRING (11.4063053 47.2612864, 11.4062617 47.26139, 11.4062487 47.2614207)"
1382,8.0,,,,94.819,,10,,4.0,"LINESTRING (11.4066104 47.2604592, 11.4063113 47.2612678, 11.4063053 47.2612864)"
1383,10.0,,,,208.814,,5,,5.0,"LINESTRING (11.4066104 47.2604592, 11.4067046 47.2601161, 11.4067909 47.2597949, 11.4068714 47.2595336, 11.4071806 47.258622)"
1384,8.0,,10.0,,12.432,,5,,6.000000000000001,"LINESTRING (11.4054761 47.2630678, 11.4056406 47.263074)"
1385,8.0,,10.0,,116.366,,5,,6.000000000000001,"LINESTRING (11.4054761 47.2630678, 11.405556 47.2641129)"
1386,8.0,,10.0,,115.854,,5,,6.000000000000001,"LINESTRING (11.4054761 47.2630678, 11.4053834 47.2620278)"
1387,8.0,,,,125.015,,5,,6.000000000000001,"LINESTRING (11.4174252 47.2601374, 11.416772 47.2611706)"
1388,2.0,,10.0,7.0,186.973,,10,,5.0,"LINESTRING (11.4174252 47.2601374, 11.415538 47.2596257, 11.4151244 47.2595136)"
1389,8.0,,,9.0,100.115,9.0,5,,5.0,"LINESTRING (11.4149241 47.25946, 11.4148515 47.2595761, 11.4144058 47.2602888)"
1390,2.0,,10.0,7.0,155.152,,10,,4.0,"LINESTRING (11.4149241 47.25946, 11.4147939 47.2594243, 11.4144646 47.259334, 11.4137994 47.2591667, 11.4134283 47.2590734, 11.4129947 47.2589794)"
1391,8.0,,,,43.281,,5,,4.0,"LINESTRING (11.4081725 47.2686681, 11.4079086 47.2690137)"
1392,8.0,,,,95.542,,5,,6.000000000000001,"LINESTRING (11.4081725 47.2686681, 11.4082599 47.2687126, 11.4085356 47.2688795, 11.4086803 47.2689881, 11.4087765 47.2690931, 11.4088302 47.26919, 11.4088302 47.2692586, 11.4088302 47.2693051, 11.4088302 47.2693508)"
1393,8.0,,,,48.578,,5,,6.000000000000001,"LINESTRING (11.4081725 47.2686681, 11.4081448 47.2686433, 11.4081279 47.2686215, 11.4081141 47.2686006, 11.4081064 47.2685784, 11.4081017 47.2685522, 11.4080924 47.2684868, 11.4080797 47.2683669, 11.4080693 47.268244)"
1394,8.0,,,,28.573999999999998,,5,,6.000000000000001,"LINESTRING (11.408041 47.2679784, 11.4082122 47.2680001, 11.4083548 47.2680996)"
1395,8.0,,,,22.616,,5,,6.000000000000001,"LINESTRING (11.408041 47.2679784, 11.4080394 47.2679336, 11.4080419 47.2678957, 11.4080498 47.2678533, 11.4080621 47.267811, 11.4080736 47.2677771)"
1396,8.0,,,,29.611,,5,,6.000000000000001,"LINESTRING (11.408041 47.2679784, 11.4080519 47.2680875, 11.4080599 47.2681695, 11.4080693 47.268244)"
1397,8.0,,,,93.799,,5,,6.000000000000001,"LINESTRING (11.4080736 47.2677771, 11.4078339 47.2677118, 11.4070315 47.2674933, 11.4069935 47.2674159)"
1398,8.0,,,,22.616,,5,,6.000000000000001,"LINESTRING (11.4080736 47.2677771, 11.4080621 47.267811, 11.4080498 47.2678533, 11.4080419 47.2678957, 11.4080394 47.2679336, 11.408041 47.2679784)"
1399,8.0,,,9.0,85.094,,5,,6.000000000000001,"LINESTRING (11.4080736 47.2677771, 11.4081295 47.2676825, 11.4084933 47.2670668)"
1400,8.0,,,9.0,47.673,,5,,6.000000000000001,"LINESTRING (11.4087256 47.2666681, 11.4084933 47.2670668)"
1401,8.0,,,9.0,65.812,,5,,7.000000000000001,"LINESTRING (11.4087256 47.2666681, 11.4087782 47.2665857, 11.4088209 47.2665187, 11.4088362 47.2664948, 11.4088543 47.2664664, 11.4088808 47.2664218, 11.4089982 47.2662242, 11.4090585 47.2661211)"
1402,8.0,,10.0,,117.77099999999999,,5,,8.0,"LINESTRING (11.4096438 47.265139, 11.4096549 47.2651191, 11.409719 47.2650039, 11.4099098 47.2647063, 11.4101771 47.2642702, 11.4102036 47.2642269, 11.4102173 47.2642046, 11.4102424 47.264161)"
1403,8.0,,,,172.74200000000002,,5,,7.000000000000001,"LINESTRING (11.4096438 47.265139, 11.4097246 47.2651604, 11.4097586 47.2651694, 11.4117617 47.2657287)"
1404,8.0,,,,126.772,,5,,8.0,"LINESTRING (11.4096438 47.265139, 11.4082164 47.2647191, 11.4081011 47.2646876)"
1405,8.0,,,,117.81400000000001,,5,,8.0,"LINESTRING (11.4096438 47.265139, 11.4096353 47.2651553, 11.4096208 47.2651832, 11.4096052 47.2652132, 11.4091038 47.2660538, 11.4090585 47.2661211)"
1406,8.0,,10.0,,58.273,,5,,7.000000000000001,"LINESTRING (11.4102424 47.264161, 11.4102729 47.264118, 11.4102993 47.2640777, 11.4105566 47.2636823)"
1407,8.0,,10.0,,117.771,,5,,8.0,"LINESTRING (11.4102424 47.264161, 11.4102173 47.2642046, 11.4102036 47.2642269, 11.4101771 47.2642702, 11.4099098 47.2647063, 11.409719 47.2650039, 11.4096549 47.2651191, 11.4096438 47.265139)"
1408,8.0,9.0,10.0,,110.551,,5,,7.000000000000001,"LINESTRING (11.4102424 47.264161, 11.4103627 47.2641946, 11.4103925 47.2642035, 11.4115832 47.2645616)"
1409,8.0,9.0,10.0,,117.138,,5,,7.000000000000001,"LINESTRING (11.4102424 47.264161, 11.4100792 47.2641121, 11.4094936 47.2639369, 11.4088213 47.2637371)"
1410,6.0,10.0,10.0,7.0,108.94400000000002,,5,,7.000000000000001,"LINESTRING (11.4122803 47.267036, 11.4123393 47.2669237, 11.4124238 47.2667627, 11.4128448 47.2662341, 11.4129091 47.2661568)"
1411,8.0,,,,93.15,,5,,7.000000000000001,"LINESTRING (11.4122803 47.267036, 11.4123188 47.2670454, 11.4125351 47.267098, 11.4125622 47.2671046, 11.4128262 47.2671689, 11.4134423 47.2673189)"
1412,6.0,9.0,10.0,7.0,29.387999999999998,,5,,7.000000000000001,"LINESTRING (11.4122803 47.267036, 11.412275 47.2671722, 11.4122701 47.2673002)"
1413,8.0,,,,91.915,,5,,7.000000000000001,"LINESTRING (11.4122803 47.267036, 11.4120592 47.2669698, 11.412002 47.2669526, 11.4111659 47.2667022)"
1414,6.0,,10.0,7.0,114.013,,5,,7.000000000000001,"LINESTRING (11.4117691 47.2685188, 11.4117442 47.2685921, 11.4116897 47.2687527, 11.41143 47.269518)"
1415,8.0,,10.0,,109.187,,5,,7.000000000000001,"LINESTRING (11.4117691 47.2685188, 11.4117358 47.2685138, 11.411588 47.2684914, 11.4103567 47.2683051)"
1416,8.0,,10.0,9.0,80.57300000000001,,5,,7.000000000000001,"LINESTRING (11.4117691 47.2685188, 11.4118034 47.2685224, 11.4119201 47.2685346, 11.4128244 47.2686296)"
1417,6.0,9.0,10.0,7.0,93.368,,5,,7.000000000000001,"LINESTRING (11.4117691 47.2685188, 11.4118045 47.2684265, 11.4118673 47.2682627, 11.4120808 47.2677062)"
1418,8.0,,10.0,,7.394,,5,,6.000000000000001,"LINESTRING (11.4102598 47.2682952, 11.4103567 47.2683051)"
1419,8.0,,10.0,,145.78699999999998,,5,,6.000000000000001,"LINESTRING (11.4102598 47.2682952, 11.4098381 47.268263, 11.408907 47.2682016, 11.4083548 47.2680996)"
1420,8.0,,10.0,,189.88099999999997,,5,,6.000000000000001,"LINESTRING (11.4102598 47.2682952, 11.4104948 47.2678596, 11.4111659 47.2667022)"
1421,8.0,,,,180.26,,5,,6.000000000000001,"LINESTRING (11.4083548 47.2680996, 11.4086545 47.2683189, 11.4086898 47.2683887, 11.4090493 47.2688772, 11.409374 47.2691344, 11.4093802 47.2691626, 11.4093871 47.269226, 11.4093745 47.2694167, 11.4093561 47.2694963)"
1422,8.0,,10.0,,145.787,,5,,6.000000000000001,"LINESTRING (11.4083548 47.2680996, 11.408907 47.2682016, 11.4098381 47.268263, 11.4102598 47.2682952)"
1423,8.0,,,,28.573999999999998,,5,,6.000000000000001,"LINESTRING (11.4083548 47.2680996, 11.4082122 47.2680001, 11.408041 47.2679784)"
1424,8.0,,,,5.693,,5,,6.000000000000001,"LINESTRING (11.4110977 47.2666803, 11.4111659 47.2667022)"
1425,8.0,,,,165.95899999999997,,5,,7.000000000000001,"LINESTRING (11.4110977 47.2666803, 11.4091985 47.2661594, 11.4091518 47.2661467, 11.4090585 47.2661211)"
1426,8.0,10.0,10.0,,106.49099999999999,,5,,6.000000000000001,"LINESTRING (11.4124356 47.2647681, 11.4128891 47.2649273, 11.4132038 47.2650378, 11.413515 47.265147, 11.4136855 47.2652126)"
1427,8.0,9.0,10.0,,68.555,,5,,5.0,"LINESTRING (11.4124356 47.2647681, 11.41192 47.2646156, 11.4115832 47.2645616)"
1428,8.0,,10.0,9.0,118.3,,10,,5.0,"LINESTRING (11.4124356 47.2647681, 11.4123965 47.2648238, 11.4117617 47.2657287)"
1429,8.0,,10.0,9.0,38.092,,10,,3.0000000000000004,"LINESTRING (11.4126755 47.2630299, 11.4128386 47.2628187, 11.4128759 47.2627177)"
1430,8.0,,10.0,10.0,154.164,,5,,3.0000000000000004,"LINESTRING (11.4126755 47.2630299, 11.4137399 47.2633939, 11.4137653 47.2634703, 11.4134458 47.26392)"
1431,8.0,,10.0,9.0,61.112,,10,,4.0,"LINESTRING (11.4115832 47.2645616, 11.4116323 47.2644841, 11.4118744 47.2641024, 11.4119081 47.2640583)"
1432,8.0,9.0,10.0,,68.555,,5,,5.0,"LINESTRING (11.4115832 47.2645616, 11.41192 47.2646156, 11.4124356 47.2647681)"
1433,8.0,9.0,10.0,,110.55099999999999,,5,,6.000000000000001,"LINESTRING (11.4115832 47.2645616, 11.4103925 47.2642035, 11.4103627 47.2641946, 11.4102424 47.264161)"
1434,8.0,,10.0,10.0,154.164,,5,,3.0000000000000004,"LINESTRING (11.4134458 47.26392, 11.4137653 47.2634703, 11.4137399 47.2633939, 11.4126755 47.2630299)"
1435,6.0,,,,35.824,,5,,4.0,"LINESTRING (11.4125272 47.265973, 11.4122934 47.2662534)"
1436,6.0,,,,35.525999999999996,,5,,6.000000000000001,"LINESTRING (11.4125272 47.265973, 11.412832 47.2660721, 11.4129489 47.2661149)"
1437,6.0,,,,63.832,,5,,6.000000000000001,"LINESTRING (11.4125272 47.265973, 11.4124859 47.2659598, 11.4123514 47.2659167, 11.412158 47.265855, 11.411956 47.2657906, 11.4118642 47.2657614, 11.4117617 47.2657287)"
1438,8.0,9.0,10.0,,4.578,,5,,6.000000000000001,"LINESTRING (11.4087654 47.2637211, 11.4088213 47.2637371)"
1439,8.0,9.0,10.0,,47.518,,5,,7.000000000000001,"LINESTRING (11.4087654 47.2637211, 11.4084814 47.2636429, 11.4083405 47.2635963, 11.4081907 47.263547)"
1440,8.0,,,,55.192,,10,,4.0,"LINESTRING (11.4073893 47.2656633, 11.407163 47.2661353)"
1441,8.0,,,,121.189,,5,,6.000000000000001,"LINESTRING (11.4073893 47.2656633, 11.4076629 47.265232, 11.4080894 47.2647021, 11.4081011 47.2646876)"
1442,8.0,,,,135.851,,5,,6.000000000000001,"LINESTRING (11.4073893 47.2656633, 11.4074719 47.2656857, 11.4081347 47.2658677, 11.4081868 47.265882, 11.4082337 47.2658949, 11.4086432 47.2660072, 11.4088916 47.2660753, 11.4089633 47.266095, 11.4090585 47.2661211)"
1443,8.0,,,,98.429,,10,,4.0,"LINESTRING (11.407515 47.2663384, 11.4076822 47.2663841, 11.4085604 47.2666239, 11.4087256 47.2666681)"
1444,10.0,,10.0,,70.547,,5,,6.000000000000001,"LINESTRING (11.4069935 47.2674159, 11.4061325 47.2671686)"
1445,8.0,,,,93.799,,5,,6.000000000000001,"LINESTRING (11.4069935 47.2674159, 11.4070315 47.2674933, 11.4078339 47.2677118, 11.4080736 47.2677771)"
1446,8.0,,,,82.958,,5,,5.0,"LINESTRING (11.4069935 47.2674159, 11.4071296 47.2671438, 11.4074259 47.2667315)"
1447,8.0,,,,43.281,,5,,4.0,"LINESTRING (11.4079086 47.2690137, 11.4081725 47.2686681)"
1448,2.0,,10.0,7.0,31.853,9.0,10,,2.0,"LINESTRING (11.4109036 47.2587655, 11.4108609 47.2586754, 11.4108726 47.2585814, 11.4109429 47.2584964)"
1449,2.0,,10.0,7.0,33.964999999999996,9.0,10,,3.0000000000000004,"LINESTRING (11.4109036 47.2587655, 11.4108183 47.2587422, 11.4107286 47.2587261, 11.4105269 47.2587045, 11.410467 47.2586962)"
1450,8.0,,10.0,7.0,20.875,9.0,5,,6.000000000000001,"LINESTRING (11.4119614 47.2605973, 11.4122173 47.2606686)"
1451,8.0,,10.0,7.0,101.272,9.0,5,,7.000000000000001,"LINESTRING (11.4119614 47.2605973, 11.4107801 47.2603363, 11.4106821 47.260324)"
1452,8.0,,,,48.672,,10,,3.0000000000000004,"LINESTRING (11.4074259 47.2667315, 11.407395 47.2665119, 11.4073826 47.2664242, 11.4074272 47.2663713, 11.407515 47.2663384)"
1453,8.0,,,,82.958,,5,,5.0,"LINESTRING (11.4074259 47.2667315, 11.4071296 47.2671438, 11.4069935 47.2674159)"
1454,8.0,,,9.0,47.673,,5,,4.0,"LINESTRING (11.4084933 47.2670668, 11.4087256 47.2666681)"
1455,8.0,,,,89.073,,10,,4.0,"LINESTRING (11.4084933 47.2670668, 11.4083855 47.2670148, 11.4083243 47.2669853, 11.4081608 47.2669384, 11.4074259 47.2667315)"
1456,8.0,,,9.0,85.094,,5,,5.0,"LINESTRING (11.4084933 47.2670668, 11.4081295 47.2676825, 11.4080736 47.2677771)"
1457,8.0,,10.0,9.0,23.751,9.0,5,,6.000000000000001,"LINESTRING (11.4150141 47.2593905, 11.4151137 47.2592506, 11.4151511 47.2591982)"
1458,2.0,,10.0,7.0,194.748,,10,,6.000000000000001,"LINESTRING (11.4150141 47.2593905, 11.4165744 47.2598116, 11.4168235 47.2598772, 11.4174167 47.2600296)"
1459,8.0,9.0,,,12.004,,10,,4.0,"LINESTRING (11.4174167 47.2600296, 11.4174252 47.2601374)"
1460,2.0,,10.0,7.0,187.532,,10,,4.0,"LINESTRING (11.4174167 47.2600296, 11.4184862 47.2603051, 11.4193606 47.2605239, 11.4194793 47.2605559, 11.4197408 47.2606265)"
1461,8.0,,10.0,9.0,46.226,,5,,5.0,"LINESTRING (11.4174167 47.2600296, 11.4173732 47.2599057, 11.4175296 47.2596376)"
1462,2.0,,,7.0,16.487,10.0,10,,3.0000000000000004,"LINESTRING (11.4270707 47.2630367, 11.427219 47.2630284, 11.427288 47.2630218)"
1463,2.0,,,6.0,62.988,9.0,10,,2.0,"LINESTRING (11.4270707 47.2630367, 11.4274776 47.2631622, 11.4278367 47.2632615)"
1464,2.0,,,6.0,99.856,,10,,4.0,"LINESTRING (11.4278367 47.2632615, 11.4281215 47.2633326, 11.4284454 47.2634025, 11.4286418 47.2634446, 11.4288297 47.2634795, 11.4290991 47.2635292)"
1465,2.0,,,7.0,35.4,10.0,10,,3.0000000000000004,"LINESTRING (11.4271442 47.2621443, 11.4272285 47.2622364, 11.4274258 47.2623981)"
1466,5.0,,,7.0,13.851,9.0,10,,2.0,"LINESTRING (11.4271442 47.2621443, 11.4271147 47.2621807, 11.4270725 47.2622108, 11.4270205 47.2622326)"
1467,10.0,,,,12.713,,5,,6.000000000000001,"LINESTRING (11.4141275 47.279673, 11.4140944 47.2795609)"
1468,2.0,,10.0,6.0,12.663,5.0,5,,6.000000000000001,"LINESTRING (11.4141275 47.279673, 11.4139668 47.2797059)"
1469,2.0,,10.0,6.0,46.975,5.0,5,,6.000000000000001,"LINESTRING (11.4141275 47.279673, 11.4147246 47.2795531)"
1470,2.0,,10.0,6.0,112.322,5.0,5,,4.0,"LINESTRING (11.4185619 47.2788054, 11.4171308 47.2790842)"
1471,10.0,,10.0,,11.084,,5,,6.000000000000001,"LINESTRING (11.4104271 47.2804384, 11.4103826 47.2803434)"
1472,2.0,,10.0,6.0,14.277,5.0,5,,6.000000000000001,"LINESTRING (11.4104271 47.2804384, 11.4106062 47.2803969)"
1473,2.0,,10.0,,252.12200000000004,5.0,5,,5.0,"LINESTRING (11.4104271 47.2804384, 11.409741 47.2805958, 11.4094248 47.2806762, 11.4085241 47.2809033, 11.4082027 47.2809872, 11.4078787 47.2810711, 11.4076135 47.2811396, 11.4074222 47.2811869, 11.4072891 47.2812181)"
1474,8.0,,,8.0,45.365,,5,,5.0,"LINESTRING (11.4330458 47.2749701, 11.4328192 47.2748179, 11.4326082 47.2746905)"
1475,6.0,,10.0,8.0,33.844,,5,,4.0,"LINESTRING (11.4330458 47.2749701, 11.4329485 47.2750607, 11.4329074 47.2750991, 11.4327989 47.2752238)"
1476,5.0,,,7.0,40.535000000000004,,10,,4.0,"LINESTRING (11.4259703 47.2636179, 11.426138 47.2636676, 11.4262815 47.2637083, 11.4264679 47.2637549)"
1477,5.0,,10.0,7.0,192.078,,5,,4.0,"LINESTRING (11.4259703 47.2636179, 11.4258456 47.2635305, 11.4256692 47.2633771, 11.4255757 47.2632395, 11.4255343 47.2631531, 11.4255118 47.2630049, 11.425545 47.262861, 11.4255923 47.2627411, 11.4256196 47.2626946, 11.4257615 47.2625184, 11.4259201 47.2623736, 11.4261002 47.262253, 11.4262643 47.262157)"
1478,5.0,,10.0,7.0,59.533,3.0,5,,6.000000000000001,"LINESTRING (11.4265443 47.264495, 11.4261866 47.2649722)"
1479,5.0,,,7.0,74.488,10.0,10,,3.0000000000000004,"LINESTRING (11.4265443 47.264495, 11.4265788 47.264225, 11.4265845 47.2641235, 11.4265338 47.2640208, 11.4263691 47.2638684)"
1480,5.0,,10.0,7.0,61.897,,5,,6.000000000000001,"LINESTRING (11.4265443 47.264495, 11.4266748 47.2643123, 11.4267812 47.2641632, 11.4269083 47.2639962)"
1481,6.0,,,,21.105,9.0,5,,8.0,"LINESTRING (11.4261866 47.2649722, 11.4264234 47.2650732)"
1482,6.0,,10.0,,12.617,10.0,5,,7.000000000000001,"LINESTRING (11.4261866 47.2649722, 11.4260195 47.2649763)"
1483,5.0,,10.0,7.0,59.533,3.0,5,,7.000000000000001,"LINESTRING (11.4261866 47.2649722, 11.4265443 47.264495)"
1484,5.0,,,7.0,8.19,,5,,6.000000000000001,"LINESTRING (11.4261866 47.2649722, 11.426126 47.2650333)"
1485,5.0,,,7.0,9.176,,5,,5.0,"LINESTRING (11.4254226 47.2656383, 11.4255064 47.2655785)"
1486,6.0,,,,23.204,,5,,6.000000000000001,"LINESTRING (11.4254226 47.2656383, 11.4256748 47.2657577)"
1487,5.0,,,7.0,38.979,,5,,6.000000000000001,"LINESTRING (11.4254226 47.2656383, 11.4253562 47.2656771, 11.4250311 47.265867)"
1488,8.0,,,7.0,333.853,9.0,5,,7.000000000000001,"LINESTRING (11.4269655 47.2708903, 11.4271462 47.2708658, 11.4273704 47.2708355, 11.427844 47.2707713, 11.4285778 47.2706719, 11.4313047 47.2703025)"
1489,5.0,,10.0,7.0,122.13000000000001,,5,,6.000000000000001,"LINESTRING (11.4269655 47.2708903, 11.4269261 47.2707785, 11.4268 47.2704209, 11.4265889 47.2698221)"
1490,5.0,,10.0,7.0,264.033,,5,,6.000000000000001,"LINESTRING (11.4269655 47.2708903, 11.4271261 47.2713254, 11.4271544 47.2713961, 11.4273057 47.2717246, 11.4274005 47.2719072, 11.4276073 47.2722201, 11.4278975 47.272586, 11.4279085 47.2725998, 11.4283517 47.2730493)"
1491,6.0,,,,19.583,,5,,5.0,"LINESTRING (11.4269655 47.2708903, 11.4268454 47.2708987, 11.4267073 47.2709083)"
1492,8.0,,10.0,,217.779,,5,,5.0,"LINESTRING (11.4323407 47.2701797, 11.4329773 47.27209)"
1493,8.0,,,7.0,79.35,9.0,5,,5.0,"LINESTRING (11.4323407 47.2701797, 11.4313047 47.2703025)"
1494,8.0,,10.0,,217.779,,5,,5.0,"LINESTRING (11.4329773 47.27209, 11.4323407 47.2701797)"
1495,8.0,,10.0,7.0,99.007,9.0,5,,6.000000000000001,"LINESTRING (11.4329773 47.27209, 11.4340664 47.2715933)"
1496,8.0,,,7.0,61.059,9.0,5,,6.000000000000001,"LINESTRING (11.4329773 47.27209, 11.4322608 47.2723453)"
1497,8.0,,,,81.953,,5,,5.0,"LINESTRING (11.4300387 47.2738424, 11.429993 47.2738312, 11.4299488 47.2738275, 11.4299072 47.2738265, 11.4298756 47.2738247, 11.4298026 47.2738188, 11.4297596 47.2738074, 11.4296919 47.2737811, 11.4292061 47.2734186)"
1498,5.0,,,,20.756999999999998,,5,,5.0,"LINESTRING (11.4300387 47.2738424, 11.4299627 47.2738824, 11.4299235 47.2739019, 11.4298183 47.2739541)"
1499,8.0,,10.0,7.0,389.292,,5,,5.0,"LINESTRING (11.4323388 47.268021, 11.4272781 47.2687025)"
1500,8.0,,,,117.376,9.0,5,,5.0,"LINESTRING (11.4323388 47.268021, 11.4323269 47.267986, 11.4321856 47.2675684, 11.4320292 47.2669868)"
1501,8.0,,,,117.376,9.0,5,,5.0,"LINESTRING (11.4320292 47.2669868, 11.4321856 47.2675684, 11.4323269 47.267986, 11.4323388 47.268021)"
1502,8.0,,,,245.13000000000002,9.0,5,,6.000000000000001,"LINESTRING (11.4320292 47.2669868, 11.4318942 47.2651834, 11.4318741 47.2649146, 11.4318674 47.2648179, 11.4318654 47.2647851)"
1503,8.0,,,,432.9049999999999,,5,,6.000000000000001,"LINESTRING (11.4320292 47.2669868, 11.4311837 47.2670623, 11.4308254 47.2671032, 11.4284856 47.2673761, 11.4282827 47.2673628, 11.4280317 47.2672796, 11.4270197 47.2663834)"
1504,8.0,,10.0,7.0,6.042,9.0,5,,5.0,"LINESTRING (11.428705 47.2645468, 11.4287786 47.2645682)"
1505,8.0,,10.0,7.0,61.864000000000004,9.0,5,,6.000000000000001,"LINESTRING (11.428705 47.2645468, 11.4285887 47.2645117, 11.4283802 47.2644488, 11.42802 47.2643362, 11.4279588 47.2643164)"
1506,6.0,,,,20.503,9.0,5,,6.000000000000001,"LINESTRING (11.428705 47.2645468, 11.4286403 47.2646325, 11.4285439 47.2646915)"
1507,6.0,,,,9.885,,5,,5.0,"LINESTRING (11.4351783 47.2631365, 11.435187 47.2630478)"
1508,6.0,,10.0,7.0,23.088,,5,,5.0,"LINESTRING (11.4351783 47.2631365, 11.4348738 47.2631162)"
1509,2.0,,10.0,7.0,22.82,,10,,4.0,"LINESTRING (11.4326227 47.2632653, 11.4325654 47.2633298, 11.4325257 47.2633722, 11.4325051 47.2634107, 11.4324978 47.2634491)"
1510,2.0,,10.0,7.0,28.078,5.0,5,,5.0,"LINESTRING (11.4326227 47.2632653, 11.4326742 47.2632462, 11.432734 47.2632366, 11.4329854 47.2632253)"
1511,8.0,,10.0,,56.056,,5,,6.000000000000001,"LINESTRING (11.4121903 47.2696499, 11.4129143 47.269763)"
1512,6.0,,10.0,,93.712,,5,,5.0,"LINESTRING (11.4121903 47.2696499, 11.4118165 47.2704536)"
1513,8.0,,10.0,,59.211,,5,,6.000000000000001,"LINESTRING (11.4121903 47.2696499, 11.4114682 47.2695246, 11.41143 47.269518)"
1514,8.0,,10.0,,56.056,,5,,6.000000000000001,"LINESTRING (11.4129143 47.269763, 11.4121903 47.2696499)"
1515,8.0,,10.0,,13.179,,5,,6.000000000000001,"LINESTRING (11.4129143 47.269763, 11.4129522 47.2696473)"
1516,8.0,,10.0,,106.26,,5,,5.0,"LINESTRING (11.4129143 47.269763, 11.4129014 47.2698152, 11.4124268 47.2706585)"
1517,8.0,,10.0,,67.265,,5,,6.000000000000001,"LINESTRING (11.4130735 47.269048, 11.4129522 47.2696473)"
1518,8.0,,10.0,,55.193,,5,,4.0,"LINESTRING (11.4130735 47.269048, 11.4123571 47.2689477)"
1519,5.0,,10.0,,43.48,,5,1.0,6.000000000000001,"LINESTRING (11.4130735 47.269048, 11.4132012 47.2686667)"
1520,8.0,,10.0,,55.193,,5,,4.0,"LINESTRING (11.4123571 47.2689477, 11.4130735 47.269048)"
1521,8.0,,10.0,,78.85,,5,,6.000000000000001,"LINESTRING (11.4141306 47.2698016, 11.4151447 47.2699729)"
1522,8.0,,10.0,,12.962,,5,,6.000000000000001,"LINESTRING (11.4141306 47.2698016, 11.4139588 47.2698016)"
1523,8.0,,10.0,,141.66899999999998,,5,,5.0,"LINESTRING (11.4141306 47.2698016, 11.4139628 47.2701888, 11.4134558 47.2709884)"
1524,8.0,,,,80.636,,5,,6.000000000000001,"LINESTRING (11.4151447 47.2699729, 11.4153944 47.2692678)"
1525,8.0,,,,41.067,,5,,5.0,"LINESTRING (11.4151447 47.2699729, 11.4149763 47.2703241)"
1526,8.0,,10.0,,78.85,,5,,6.000000000000001,"LINESTRING (11.4151447 47.2699729, 11.4141306 47.2698016)"
1527,8.0,,,,31.024,,5,,7.000000000000001,"LINESTRING (11.4154757 47.2689943, 11.4153944 47.2692678)"
1528,8.0,,10.0,9.0,175.44,,5,,7.000000000000001,"LINESTRING (11.4154757 47.2689943, 11.4132012 47.2686667)"
1529,8.0,,,9.0,204.428,,5,,7.000000000000001,"LINESTRING (11.4154757 47.2689943, 11.4156645 47.2690242, 11.4160803 47.269089, 11.4162559 47.2691144, 11.4165169 47.2691634, 11.4168072 47.2692435, 11.4172416 47.2694297, 11.4174438 47.2695429, 11.4178658 47.2697814)"
1530,8.0,,10.0,,175.56400000000002,,5,,7.000000000000001,"LINESTRING (11.4154757 47.2689943, 11.4155944 47.2689191, 11.4170555 47.2683453, 11.4173241 47.2682307, 11.4174587 47.2681733)"
1531,8.0,,10.0,9.0,28.728,,5,,5.0,"LINESTRING (11.4128244 47.2686296, 11.4132012 47.2686667)"
1532,8.0,,,,153.019,,10,,5.0,"LINESTRING (11.4128244 47.2686296, 11.4131417 47.2679566, 11.4134423 47.2673189)"
1533,8.0,,10.0,9.0,80.57300000000001,,5,,6.000000000000001,"LINESTRING (11.4128244 47.2686296, 11.4119201 47.2685346, 11.4118034 47.2685224, 11.4117691 47.2685188)"
1534,8.0,,,,92.483,,5,,7.000000000000001,"LINESTRING (11.4134423 47.2673189, 11.4145894 47.2676119)"
1535,8.0,,,,114.311,,5,,7.000000000000001,"LINESTRING (11.4134423 47.2673189, 11.4139135 47.2665545, 11.4139435 47.2663561)"
1536,8.0,,,,93.15,,5,,8.0,"LINESTRING (11.4134423 47.2673189, 11.4128262 47.2671689, 11.4125622 47.2671046, 11.4125351 47.267098, 11.4123188 47.2670454, 11.4122803 47.267036)"
1537,8.0,,,,91.915,,5,,6.000000000000001,"LINESTRING (11.4145894 47.2676119, 11.4157154 47.2679273)"
1538,8.0,,,,92.483,,5,,6.000000000000001,"LINESTRING (11.4145894 47.2676119, 11.4134423 47.2673189)"
1539,8.0,,,,110.935,,5,,6.000000000000001,"LINESTRING (11.4145894 47.2676119, 11.4150194 47.266866, 11.415016 47.2666693)"
1540,8.0,,,,91.915,,5,,6.000000000000001,"LINESTRING (11.4157154 47.2679273, 11.4145894 47.2676119)"
1541,8.0,,,,83.744,,5,,6.000000000000001,"LINESTRING (11.4157154 47.2679273, 11.4158476 47.267748, 11.4162121 47.2672538)"
1542,8.0,,,,151.09099999999998,,5,,6.000000000000001,"LINESTRING (11.4157154 47.2679273, 11.4159891 47.2680338, 11.4162351 47.2681648, 11.4163516 47.2682423, 11.416473 47.2683014, 11.4166524 47.2683086, 11.4169212 47.2682381, 11.4171873 47.2681463, 11.4173519 47.2681256, 11.4174587 47.2681733)"
1543,8.0,,,,71.038,,5,,6.000000000000001,"LINESTRING (11.4162121 47.2672538, 11.4165039 47.2666464)"
1544,8.0,,,,83.744,,5,,6.000000000000001,"LINESTRING (11.4162121 47.2672538, 11.4158476 47.267748, 11.4157154 47.2679273)"
1545,7.0,,,,151.86399999999998,,5,,4.0,"LINESTRING (11.4162121 47.2672538, 11.4176195 47.2675966, 11.4174852 47.2678504, 11.4175981 47.2678779)"
1546,8.0,,,,71.038,,5,,6.000000000000001,"LINESTRING (11.4165039 47.2666464, 11.4162121 47.2672538)"
1547,8.0,,,,74.428,,5,,6.000000000000001,"LINESTRING (11.4165039 47.2666464, 11.4166578 47.2662182, 11.4167213 47.2659937)"
1548,8.0,,10.0,,106.28999999999999,,5,,4.0,"LINESTRING (11.4165039 47.2666464, 11.4171591 47.2668017, 11.4171641 47.2668029, 11.4178337 47.2669617)"
1549,8.0,,10.0,,106.28999999999999,,5,,4.0,"LINESTRING (11.4178337 47.2669617, 11.4171641 47.2668029, 11.4171591 47.2668017, 11.4165039 47.2666464)"
1550,8.0,,,,11.276,,10,,6.000000000000001,"LINESTRING (11.4201151 47.2668456, 11.4200822 47.2668916, 11.4200219 47.2669208)"
1551,8.0,,,,167.42000000000002,,5,,8.0,"LINESTRING (11.4201151 47.2668456, 11.4203077 47.2669035, 11.4219221 47.2674658, 11.4221029 47.2675126)"
1552,8.0,,10.0,,62.514,10.0,5,,7.000000000000001,"LINESTRING (11.4201151 47.2668456, 11.4202612 47.266854, 11.420832 47.2666009)"
1553,8.0,,,,30.202,,10,,4.0,"LINESTRING (11.4200219 47.2669208, 11.4199704 47.2669278, 11.4199323 47.2669251, 11.4198841 47.266911, 11.4198471 47.2668877, 11.4198229 47.2668561, 11.4198186 47.2668061, 11.4198373 47.2667729, 11.4198536 47.2667576)"
1554,8.0,,10.0,,205.18099999999998,,5,,5.0,"LINESTRING (11.4200219 47.2669208, 11.4198967 47.2670039, 11.4198307 47.2670369, 11.419435 47.2672308, 11.4190478 47.2674185, 11.4178318 47.2680124)"
1555,8.0,,,,117.746,,5,,8.0,"LINESTRING (11.4166547 47.2658362, 11.4181187 47.2662027)"
1556,8.0,,,,18.22,,5,,8.0,"LINESTRING (11.4166547 47.2658362, 11.4167213 47.2659937)"
1557,8.0,,,,107.856,,5,,8.0,"LINESTRING (11.4166547 47.2658362, 11.4167521 47.2657123, 11.4177315 47.2652159)"
1558,8.0,,,,36.272999999999996,,10,,7.000000000000001,"LINESTRING (11.4166547 47.2658362, 11.41684 47.2659134, 11.4170081 47.2660509)"
1559,6.0,,,,50.497,,5,,9.0,"LINESTRING (11.4166547 47.2658362, 11.4164828 47.2657276, 11.4163257 47.2656936, 11.4161686 47.2657054, 11.4160848 47.2657552)"
1560,8.0,,,,18.22,,5,,8.0,"LINESTRING (11.4167213 47.2659937, 11.4166547 47.2658362)"
1561,8.0,,,,74.428,,5,,6.000000000000001,"LINESTRING (11.4167213 47.2659937, 11.4166578 47.2662182, 11.4165039 47.2666464)"
1562,8.0,10.0,10.0,,48.704,,10,,5.0,"LINESTRING (11.4167213 47.2659937, 11.4161588 47.2658729, 11.4161058 47.2658618)"
1563,8.0,,,,33.208,,5,,6.000000000000001,"LINESTRING (11.4181187 47.2662027, 11.4185418 47.2662849)"
1564,8.0,,,,117.746,,5,,8.0,"LINESTRING (11.4181187 47.2662027, 11.4166547 47.2658362)"
1565,8.0,,,,105.056,,5,,7.000000000000001,"LINESTRING (11.4181187 47.2662027, 11.4183428 47.2658201, 11.4186485 47.2653871, 11.4186678 47.2653358)"
1566,8.0,,,,34.971,,5,,6.000000000000001,"LINESTRING (11.4191456 47.2664021, 11.4195975 47.2664719)"
1567,8.0,,,,47.388,,5,,6.000000000000001,"LINESTRING (11.4191456 47.2664021, 11.4185418 47.2662849)"
1568,8.0,,,,92.09899999999999,,5,,6.000000000000001,"LINESTRING (11.4191456 47.2664021, 11.4193963 47.2659812, 11.4196323 47.2656429)"
1569,8.0,,,,41.548,,5,,6.000000000000001,"LINESTRING (11.4196323 47.2656429, 11.4201353 47.2657949)"
1570,8.0,,,,15.945,,5,,6.000000000000001,"LINESTRING (11.4196323 47.2656429, 11.4194447 47.2655769)"
1571,8.0,,,,92.09899999999999,,5,,6.000000000000001,"LINESTRING (11.4196323 47.2656429, 11.4193963 47.2659812, 11.4191456 47.2664021)"
1572,8.0,,,,42.813,,5,,7.000000000000001,"LINESTRING (11.4201353 47.2657949, 11.4206337 47.2659789)"
1573,8.0,,,,41.548,,5,,6.000000000000001,"LINESTRING (11.4201353 47.2657949, 11.4196323 47.2656429)"
1574,8.0,,,,103.224,,5,,6.000000000000001,"LINESTRING (11.4201353 47.2657949, 11.420722 47.2649563)"
1575,8.0,,,,42.813,,5,,7.000000000000001,"LINESTRING (11.4206337 47.2659789, 11.4201353 47.2657949)"
1576,6.0,,,,6.843,,5,,5.0,"LINESTRING (11.4206337 47.2659789, 11.4205876 47.2660319)"
1577,6.0,,,,72.84100000000001,,5,,8.0,"LINESTRING (11.4206337 47.2659789, 11.4208195 47.2658637, 11.4209139 47.2658519, 11.4209931 47.2658765, 11.4210104 47.2659161, 11.420991 47.2659587, 11.4209247 47.2660044, 11.4208304 47.2660237, 11.4207362 47.2660159, 11.4206337 47.2659789)"
1578,6.0,,,,72.84100000000001,,5,,8.0,"LINESTRING (11.4206337 47.2659789, 11.4207362 47.2660159, 11.4208304 47.2660237, 11.4209247 47.2660044, 11.420991 47.2659587, 11.4210104 47.2659161, 11.4209931 47.2658765, 11.4209139 47.2658519, 11.4208195 47.2658637, 11.4206337 47.2659789)"
1579,8.0,,,,101.432,,5,,7.000000000000001,"LINESTRING (11.4186678 47.2653358, 11.4192506 47.2645138)"
1580,8.0,,,,55.884,,5,,7.000000000000001,"LINESTRING (11.4186678 47.2653358, 11.4180075 47.2651082)"
1581,8.0,,,,64.462,,5,,7.000000000000001,"LINESTRING (11.4186678 47.2653358, 11.4194447 47.2655769)"
1582,8.0,,,,105.056,,5,,7.000000000000001,"LINESTRING (11.4186678 47.2653358, 11.4186485 47.2653871, 11.4183428 47.2658201, 11.4181187 47.2662027)"
1583,8.0,,,,15.945,,5,,6.000000000000001,"LINESTRING (11.4194447 47.2655769, 11.4196323 47.2656429)"
1584,8.0,,,,64.462,,5,,7.000000000000001,"LINESTRING (11.4194447 47.2655769, 11.4186678 47.2653358)"
1585,8.0,,,,102.74199999999999,,5,,6.000000000000001,"LINESTRING (11.4194447 47.2655769, 11.4195774 47.2653867, 11.4196204 47.2652927, 11.4199832 47.264729)"
1586,8.0,,,9.0,15.455,,5,,6.000000000000001,"LINESTRING (11.4199832 47.264729, 11.4197962 47.2646723)"
1587,8.0,,,9.0,61.21,,5,,6.000000000000001,"LINESTRING (11.4199832 47.264729, 11.420722 47.2649563)"
1588,8.0,,,,102.74199999999999,,5,,6.000000000000001,"LINESTRING (11.4199832 47.264729, 11.4196204 47.2652927, 11.4195774 47.2653867, 11.4194447 47.2655769)"
1589,8.0,,,,103.224,,5,,6.000000000000001,"LINESTRING (11.420722 47.2649563, 11.4201353 47.2657949)"
1590,8.0,,,9.0,61.21,,5,,6.000000000000001,"LINESTRING (11.420722 47.2649563, 11.4199832 47.264729)"
1591,8.0,,,9.0,11.914,,5,,6.000000000000001,"LINESTRING (11.420722 47.2649563, 11.420868 47.2649971)"
1592,8.0,,,,106.922,,5,,6.000000000000001,"LINESTRING (11.4215027 47.264041, 11.421645 47.263971, 11.4221124 47.2631907)"
1593,8.0,,,,116.61,,5,,6.000000000000001,"LINESTRING (11.4215027 47.264041, 11.4213538 47.2642545, 11.420868 47.2649971)"
1594,8.0,,,,79.642,,5,,7.000000000000001,"LINESTRING (11.4215027 47.264041, 11.4211331 47.2639473, 11.420531 47.2637624)"
1595,8.0,,,,19.616,,5,,6.000000000000001,"LINESTRING (11.4221124 47.2631907, 11.4218817 47.2631094)"
1596,8.0,,,,26.476999999999997,,5,,6.000000000000001,"LINESTRING (11.4221124 47.2631907, 11.4222101 47.2632277, 11.4224168 47.2633091)"
1597,8.0,,,,106.922,,5,,6.000000000000001,"LINESTRING (11.4221124 47.2631907, 11.421645 47.263971, 11.4215027 47.264041)"
1598,8.0,,,,105.858,,5,,7.000000000000001,"LINESTRING (11.420531 47.2637624, 11.4211845 47.26292)"
1599,8.0,,,,115.374,,5,,7.000000000000001,"LINESTRING (11.420531 47.2637624, 11.4197962 47.2646723)"
1600,8.0,,,,55.282,,5,,7.000000000000001,"LINESTRING (11.420531 47.2637624, 11.4198578 47.2635663)"
1601,8.0,,,,79.642,,5,,7.000000000000001,"LINESTRING (11.420531 47.2637624, 11.4211331 47.2639473, 11.4215027 47.264041)"
1602,8.0,,,,115.374,,5,,7.000000000000001,"LINESTRING (11.4197962 47.2646723, 11.420531 47.2637624)"
1603,8.0,,,9.0,44.784,,5,,6.000000000000001,"LINESTRING (11.4197962 47.2646723, 11.4192506 47.2645138)"
1604,8.0,,,9.0,15.455,,5,,6.000000000000001,"LINESTRING (11.4197962 47.2646723, 11.4199832 47.264729)"
1605,8.0,,,,101.432,,5,,7.000000000000001,"LINESTRING (11.4192506 47.2645138, 11.4186678 47.2653358)"
1606,8.0,,,9.0,55.253,,5,,6.000000000000001,"LINESTRING (11.4192506 47.2645138, 11.4185921 47.2642965)"
1607,8.0,,,9.0,44.784,,5,,6.000000000000001,"LINESTRING (11.4192506 47.2645138, 11.4197962 47.2646723)"
1608,8.0,,10.0,,62.661,,5,,6.000000000000001,"LINESTRING (11.4185921 47.2642965, 11.4182275 47.2648028)"
1609,8.0,,,9.0,104.868,,5,,7.000000000000001,"LINESTRING (11.4185921 47.2642965, 11.4173475 47.2638769)"
1610,8.0,,,9.0,55.253,,5,,6.000000000000001,"LINESTRING (11.4185921 47.2642965, 11.4192506 47.2645138)"
1611,8.0,,,,55.884,,5,,7.000000000000001,"LINESTRING (11.4180075 47.2651082, 11.4186678 47.2653358)"
1612,8.0,,,,24.024,,5,,6.000000000000001,"LINESTRING (11.4180075 47.2651082, 11.4177315 47.2652159)"
1613,8.0,,10.0,,37.799,,5,,6.000000000000001,"LINESTRING (11.4180075 47.2651082, 11.4182275 47.2648028)"
1614,8.0,,,,24.024,,5,,6.000000000000001,"LINESTRING (11.4177315 47.2652159, 11.4180075 47.2651082)"
1615,8.0,,,,107.856,,5,,8.0,"LINESTRING (11.4177315 47.2652159, 11.4167521 47.2657123, 11.4166547 47.2658362)"
1616,8.0,,,,96.036,,5,,6.000000000000001,"LINESTRING (11.4177315 47.2652159, 11.4173115 47.2648575, 11.4171453 47.2647628, 11.4168055 47.264646)"
1617,8.0,,,,96.036,,5,,6.000000000000001,"LINESTRING (11.4168055 47.264646, 11.4171453 47.2647628, 11.4173115 47.2648575, 11.4177315 47.2652159)"
1618,8.0,,,9.0,136.147,,5,,7.000000000000001,"LINESTRING (11.4168055 47.264646, 11.4166099 47.2649193, 11.4163793 47.2652415, 11.4160709 47.2656723, 11.4160848 47.2657552)"
1619,8.0,,,9.0,32.195,,5,,6.000000000000001,"LINESTRING (11.4168055 47.264646, 11.4168432 47.2645925, 11.4169896 47.2643848)"
1620,8.0,,,9.0,115.414,,5,,8.0,"LINESTRING (11.4173475 47.2638769, 11.4180604 47.2629586)"
1621,8.0,,,9.0,104.868,,5,,7.000000000000001,"LINESTRING (11.4173475 47.2638769, 11.4185921 47.2642965)"
1622,8.0,,,9.0,62.601,,5,,7.000000000000001,"LINESTRING (11.4173475 47.2638769, 11.417185 47.2641075, 11.4169896 47.2643848)"
1623,8.0,,,9.0,96.977,,5,,7.000000000000001,"LINESTRING (11.4173475 47.2638769, 11.4167451 47.2636697, 11.4162487 47.2634989, 11.4162012 47.2634826)"
1624,8.0,,,9.0,11.959,,5,,6.000000000000001,"LINESTRING (11.4161058 47.2658618, 11.4160848 47.2657552)"
1625,8.0,10.0,10.0,,46.788,,10,,4.0,"LINESTRING (11.4161058 47.2658618, 11.4155088 47.2657481)"
1626,8.0,10.0,10.0,,6.222,,5,,5.0,"LINESTRING (11.4155088 47.2657481, 11.4154294 47.265733)"
1627,8.0,,10.0,,43.47,,10,,6.000000000000001,"LINESTRING (11.4155088 47.2657481, 11.4160848 47.2657552)"
1628,8.0,,,9.0,74.895,,5,,7.000000000000001,"LINESTRING (11.4162012 47.2634826, 11.4157337 47.2633489, 11.4155767 47.263304, 11.4154191 47.263259, 11.4152834 47.2632266)"
1629,8.0,,,9.0,96.977,,5,,7.000000000000001,"LINESTRING (11.4162012 47.2634826, 11.4162487 47.2634989, 11.4167451 47.2636697, 11.4173475 47.2638769)"
1630,8.0,,,9.0,32.506,,5,,6.000000000000001,"LINESTRING (11.4162012 47.2634826, 11.4163857 47.263226, 11.4163922 47.2632208)"
1631,8.0,,,9.0,100.436,,5,,7.000000000000001,"LINESTRING (11.4168592 47.2625696, 11.4180604 47.2629586)"
1632,8.0,,,9.0,80.786,,5,,6.000000000000001,"LINESTRING (11.4168592 47.2625696, 11.4164555 47.2631703, 11.4163922 47.2632208)"
1633,8.0,,,9.0,22.779,,5,,6.000000000000001,"LINESTRING (11.4168592 47.2625696, 11.4169458 47.2624343, 11.4169626 47.2623781)"
1634,8.0,,,,58.104,,5,,4.0,"LINESTRING (11.4169626 47.2623781, 11.4176721 47.2621751)"
1635,8.0,,,9.0,25.611,,5,,6.000000000000001,"LINESTRING (11.4169626 47.2623781, 11.4168242 47.2621678)"
1636,8.0,,,9.0,22.779,,5,,6.000000000000001,"LINESTRING (11.4169626 47.2623781, 11.4169458 47.2624343, 11.4168592 47.2625696)"
1637,8.0,,,,58.104,,5,,4.0,"LINESTRING (11.4176721 47.2621751, 11.4169626 47.2623781)"
1638,8.0,,,,69.254,,5,,7.000000000000001,"LINESTRING (11.418645 47.2622074, 11.419445 47.2625126)"
1639,8.0,,,9.0,94.463,,5,,8.0,"LINESTRING (11.418645 47.2622074, 11.4180604 47.2629586)"
1640,8.0,,10.0,9.0,119.05699999999999,,5,,7.000000000000001,"LINESTRING (11.418645 47.2622074, 11.4183337 47.2621047, 11.4182903 47.2620792, 11.4181737 47.2620108, 11.4177542 47.2613798)"
1641,8.0,,,,69.254,,5,,6.000000000000001,"LINESTRING (11.419445 47.2625126, 11.418645 47.2622074)"
1642,8.0,,,,85.474,,5,,6.000000000000001,"LINESTRING (11.419445 47.2625126, 11.4198861 47.2619494, 11.4199154 47.2619176, 11.4199487 47.2618938, 11.4199852 47.2618746, 11.4200257 47.2618647)"
1643,8.0,,,,83.199,,5,,6.000000000000001,"LINESTRING (11.419445 47.2625126, 11.4197033 47.2626038, 11.4199454 47.2626635, 11.4204752 47.2627729)"
1644,8.0,,,9.0,100.436,,5,,7.000000000000001,"LINESTRING (11.4180604 47.2629586, 11.4168592 47.2625696)"
1645,8.0,,,9.0,115.414,,5,,8.0,"LINESTRING (11.4180604 47.2629586, 11.4173475 47.2638769)"
1646,8.0,,,9.0,94.463,,5,,7.000000000000001,"LINESTRING (11.4180604 47.2629586, 11.418645 47.2622074)"
1647,8.0,,,,53.058,,5,,7.000000000000001,"LINESTRING (11.4180604 47.2629586, 11.4186831 47.2631802)"
1648,6.0,,10.0,,46.325,,5,,6.000000000000001,"LINESTRING (11.4177542 47.2613798, 11.4171929 47.2615485)"
1649,6.0,,10.0,,10.448,,5,,6.000000000000001,"LINESTRING (11.4177542 47.2613798, 11.4178787 47.2613387)"
1650,8.0,,10.0,9.0,119.05699999999999,,5,,6.000000000000001,"LINESTRING (11.4177542 47.2613798, 11.4181737 47.2620108, 11.4182903 47.2620792, 11.4183337 47.2621047, 11.418645 47.2622074)"
1651,6.0,,10.0,,49.332,,5,,7.000000000000001,"LINESTRING (11.4165952 47.2617282, 11.4171929 47.2615485)"
1652,6.0,,,,6.829,,10,,6.000000000000001,"LINESTRING (11.4165952 47.2617282, 11.4165686 47.2617869)"
1653,8.0,,,,66.523,,5,,7.000000000000001,"LINESTRING (11.4165952 47.2617282, 11.4165297 47.2616072, 11.4165381 47.2615421, 11.416772 47.2611706)"
1654,6.0,,,,56.952,,5,,9.0,"LINESTRING (11.4165952 47.2617282, 11.4162429 47.2618234, 11.4160551 47.2618742, 11.4158941 47.2619178)"
1655,6.0,,10.0,7.0,158.75199999999998,,5,,8.0,"LINESTRING (11.4152834 47.2632266, 11.4153517 47.2631285, 11.4159323 47.2622954, 11.4159907 47.2622003, 11.4159974 47.2621183, 11.4159568 47.2620438, 11.415931 47.2619966, 11.4158941 47.2619178)"
1656,6.0,10.0,10.0,7.0,251.62800000000004,,5,,7.000000000000001,"LINESTRING (11.4152834 47.2632266, 11.414867 47.2637454, 11.4143379 47.2644046, 11.4142653 47.2644831, 11.4137935 47.2650789, 11.4136855 47.2652126)"
1657,8.0,,,9.0,74.895,,5,,6.000000000000001,"LINESTRING (11.4152834 47.2632266, 11.4154191 47.263259, 11.4155767 47.263304, 11.4157337 47.2633489, 11.4162012 47.2634826)"
1658,8.0,,,9.0,191.394,,10,,4.0,"LINESTRING (11.4152834 47.2632266, 11.4151559 47.2631878, 11.4149141 47.2631142, 11.4140044 47.2629857, 11.4133191 47.2628681, 11.4128759 47.2627177)"
1659,6.0,10.0,10.0,7.0,251.628,,5,,8.0,"LINESTRING (11.4136855 47.2652126, 11.4137935 47.2650789, 11.4142653 47.2644831, 11.4143379 47.2644046, 11.414867 47.2637454, 11.4152834 47.2632266)"
1660,8.0,10.0,10.0,,144.208,,5,,7.000000000000001,"LINESTRING (11.4136855 47.2652126, 11.4138358 47.2652682, 11.4141594 47.2653805, 11.4147338 47.2655799, 11.4154294 47.265733)"
1661,8.0,10.0,10.0,,106.49099999999999,,5,,7.000000000000001,"LINESTRING (11.4136855 47.2652126, 11.413515 47.265147, 11.4132038 47.2650378, 11.4128891 47.2649273, 11.4124356 47.2647681)"
1662,6.0,10.0,10.0,7.0,114.71199999999999,,5,,7.000000000000001,"LINESTRING (11.4136855 47.2652126, 11.413583 47.265334, 11.4129843 47.2660774, 11.4129489 47.2661149)"
1663,6.0,,10.0,,93.712,,5,,5.0,"LINESTRING (11.4118165 47.2704536, 11.4121903 47.2696499)"
1664,6.0,,10.0,,51.376,,10,,4.0,"LINESTRING (11.4118165 47.2704536, 11.4124268 47.2706585)"
1665,8.0,,10.0,,106.26,,5,,5.0,"LINESTRING (11.4124268 47.2706585, 11.4129014 47.2698152, 11.4129143 47.269763)"
1666,6.0,,10.0,,85.86800000000001,,10,,4.0,"LINESTRING (11.4124268 47.2706585, 11.412577 47.2707059, 11.4134125 47.2709744, 11.4134558 47.2709884)"
1667,6.0,,10.0,,76.994,,10,,4.0,"LINESTRING (11.4134558 47.2709884, 11.4143886 47.2712692)"
1668,8.0,,10.0,,141.66899999999998,,5,,5.0,"LINESTRING (11.4134558 47.2709884, 11.4139628 47.2701888, 11.4141306 47.2698016)"
1669,8.0,,,,114.062,,5,,4.0,"LINESTRING (11.4143886 47.2712692, 11.4149763 47.2703241)"
1670,6.0,,10.0,,44.48,,10,,4.0,"LINESTRING (11.4143886 47.2712692, 11.4149178 47.2714455)"
1671,8.0,,10.0,,198.333,,10,,3.0000000000000004,"LINESTRING (11.4175728 47.2741297, 11.4177805 47.2738546, 11.4178926 47.2738321, 11.418205 47.2739477, 11.4182849 47.2739773, 11.4195765 47.2746289)"
1672,6.0,,10.0,,162.05899999999997,,10,,4.0,"LINESTRING (11.4175728 47.2741297, 11.4184616 47.2746312, 11.4189937 47.2749028, 11.4190548 47.274936, 11.4192485 47.275041)"
1673,8.0,,10.0,,53.428,,5,,3.0000000000000004,"LINESTRING (11.4181741 47.2715143, 11.418706 47.2711971)"
1674,8.0,,10.0,,115.858,,5,,5.0,"LINESTRING (11.4181741 47.2715143, 11.4180329 47.2715826, 11.4169704 47.272161)"
1675,8.0,,10.0,9.0,126.822,,10,,4.0,"LINESTRING (11.4181741 47.2715143, 11.4186637 47.2717823, 11.4194824 47.2722304)"
1676,8.0,,10.0,,53.428,,5,,4.0,"LINESTRING (11.418706 47.2711971, 11.4181741 47.2715143)"
1677,8.0,,10.0,,63.217,,5,,5.0,"LINESTRING (11.4209028 47.2730077, 11.4204886 47.2735019)"
1678,8.0,,10.0,,90.263,,5,,6.000000000000001,"LINESTRING (11.4209028 47.2730077, 11.4216032 47.2723496)"
1679,8.0,,10.0,,52.078,,5,,6.000000000000001,"LINESTRING (11.4195765 47.2746289, 11.4194621 47.2747723, 11.4193576 47.2749037, 11.4193274 47.2749417, 11.4192485 47.275041)"
1680,8.0,,10.0,,143.022,,5,,5.0,"LINESTRING (11.4195765 47.2746289, 11.4201752 47.2738546, 11.4204886 47.2735019)"
1681,8.0,,10.0,9.0,9.963,,5,,6.000000000000001,"LINESTRING (11.4185271 47.2701966, 11.4186204 47.27026)"
1682,8.0,,,9.0,67.978,,5,,6.000000000000001,"LINESTRING (11.4185271 47.2701966, 11.4178658 47.2697814)"
1683,6.0,,,,89.718,,10,,5.0,"LINESTRING (11.4185271 47.2701966, 11.419327 47.2695996)"
1684,8.0,,,,10.673,,5,,5.0,"LINESTRING (11.4202518 47.2689093, 11.4203669 47.2689651)"
1685,6.0,,,,193.283,,10,,4.0,"LINESTRING (11.4202518 47.2689093, 11.4211034 47.268202, 11.4218582 47.2676273, 11.4219122 47.2675862)"
1686,8.0,,,,167.42000000000002,,5,,7.000000000000001,"LINESTRING (11.4221029 47.2675126, 11.4219221 47.2674658, 11.4203077 47.2669035, 11.4201151 47.2668456)"
1687,6.0,,,,46.982,,10,,5.0,"LINESTRING (11.4221029 47.2675126, 11.4219945 47.2676164, 11.421988 47.2676226, 11.4217428 47.2678573)"
1688,6.0,9.0,,,46.171,,5,,7.000000000000001,"LINESTRING (11.4221029 47.2675126, 11.4223101 47.2674167, 11.4225962 47.2672672)"
1689,8.0,,,,48.777,,5,,7.000000000000001,"LINESTRING (11.4221029 47.2675126, 11.4222619 47.2675731, 11.4226667 47.2677272)"
1690,8.0,,,,41.077,,5,,5.0,"LINESTRING (11.4236342 47.2643731, 11.4239729 47.2640839)"
1691,8.0,,,,35.393,9.0,10,,3.0000000000000004,"LINESTRING (11.4236342 47.2643731, 11.4236134 47.2646017, 11.4236386 47.2646893)"
1692,8.0,,10.0,,41.70399999999999,,5,,5.0,"LINESTRING (11.4236342 47.2643731, 11.4234164 47.264507, 11.4232246 47.2646249)"
1693,8.0,,,,41.077,,5,,6.000000000000001,"LINESTRING (11.4239729 47.2640839, 11.4236342 47.2643731)"
1694,8.0,,,,145.64,,5,,6.000000000000001,"LINESTRING (11.4239729 47.2640839, 11.423127 47.26366, 11.4224168 47.2633091)"
1695,8.0,,,,166.435,,5,,5.0,"LINESTRING (11.4239729 47.2640839, 11.4240794 47.263981, 11.4241795 47.263862, 11.4242751 47.2637353, 11.4244375 47.2635099, 11.4247575 47.263073, 11.4250219 47.2627833, 11.4250313 47.262773)"
1696,8.0,,,,220.451,,5,,3.0000000000000004,"LINESTRING (11.424135 47.2692685, 11.4221358 47.2707143)"
1697,8.0,,,,77.736,,10,,4.0,"LINESTRING (11.4221358 47.2707143, 11.4228099 47.271243)"
1698,8.0,,,,220.451,,5,,3.0000000000000004,"LINESTRING (11.4221358 47.2707143, 11.424135 47.2692685)"
1699,8.0,,,,32.679,,5,,5.0,"LINESTRING (11.4210848 47.2694462, 11.4208176 47.2692149)"
1700,8.0,,,,113.56899999999999,,10,,4.0,"LINESTRING (11.4210848 47.2694462, 11.4211722 47.26959, 11.4214528 47.2700641, 11.4216985 47.2703774)"
1701,8.0,,,,41.083,,5,,5.0,"LINESTRING (11.4210848 47.2694462, 11.4212501 47.2693834, 11.4214938 47.2692082)"
1702,8.0,,,,22.658,,5,,4.0,"LINESTRING (11.4222163 47.2686886, 11.4224811 47.2685925)"
1703,6.0,,,,41.72,,5,,4.0,"LINESTRING (11.4222163 47.2686886, 11.422629 47.2689383)"
1704,8.0,,,,57.449,,5,,6.000000000000001,"LINESTRING (11.4222163 47.2686886, 11.4217995 47.2689883, 11.4216938 47.2690644)"
1705,8.0,,,,22.658,,5,,4.0,"LINESTRING (11.4224811 47.2685925, 11.4222163 47.2686886)"
1706,8.0,,,,46.568,,5,,6.000000000000001,"LINESTRING (11.4228099 47.271243, 11.4226123 47.2714088, 11.4224219 47.2715687)"
1707,8.0,,,,295.141,,5,,5.0,"LINESTRING (11.4228099 47.271243, 11.4248844 47.2697566, 11.4250422 47.2696423, 11.4254959 47.2693134)"
1708,8.0,,10.0,,90.263,,5,,6.000000000000001,"LINESTRING (11.4216032 47.2723496, 11.4209028 47.2730077)"
1709,8.0,,,,106.561,,5,,7.000000000000001,"LINESTRING (11.4216032 47.2723496, 11.4224219 47.2715687)"
1710,8.0,,10.0,9.0,323.5,,5,,7.000000000000001,"LINESTRING (11.4216032 47.2723496, 11.4194619 47.2708257, 11.4186204 47.27026)"
1711,8.0,,10.0,,63.217,,5,,5.0,"LINESTRING (11.4204886 47.2735019, 11.4209028 47.2730077)"
1712,8.0,,10.0,,143.022,,5,,5.0,"LINESTRING (11.4204886 47.2735019, 11.4201752 47.2738546, 11.4195765 47.2746289)"
1713,8.0,,10.0,,31.048,,10,,4.0,"LINESTRING (11.4254541 47.2744566, 11.425191 47.2742419)"
1714,6.0,,10.0,,8.549,,5,,4.0,"LINESTRING (11.4254541 47.2744566, 11.4255242 47.274517)"
1715,6.0,,10.0,7.0,234.201,,10,,4.0,"LINESTRING (11.4254541 47.2744566, 11.4257334 47.2743628, 11.4269842 47.2739204, 11.4273418 47.2737979, 11.4277574 47.2736496, 11.4282095 47.2734867)"
1716,6.0,,,,41.72,,5,,4.0,"LINESTRING (11.422629 47.2689383, 11.4222163 47.2686886)"
1717,8.0,,,,19.616,,5,,6.000000000000001,"LINESTRING (11.4218817 47.2631094, 11.4221124 47.2631907)"
1718,8.0,,,,56.67,,5,,6.000000000000001,"LINESTRING (11.4218817 47.2631094, 11.4211845 47.26292)"
1719,8.0,,,,73.69699999999999,,5,,6.000000000000001,"LINESTRING (11.4218817 47.2631094, 11.4222158 47.2626098, 11.4222313 47.2625839, 11.4222375 47.2625574, 11.4222341 47.2625333, 11.4222205 47.2624994)"
1720,8.0,,,,228.733,,5,,4.0,"LINESTRING (11.4198536 47.2667576, 11.4196068 47.266681, 11.4195303 47.2666573, 11.4192496 47.2665871, 11.4184637 47.2663982, 11.4182227 47.2663402, 11.4174896 47.2661661, 11.4170081 47.2660509)"
1721,8.0,,,,29.698,,10,,5.0,"LINESTRING (11.4198536 47.2667576, 11.4198946 47.2667354, 11.4199201 47.2667279, 11.4199721 47.2667229, 11.4200374 47.2667346, 11.4200789 47.2667564, 11.4200993 47.2667759, 11.4201163 47.2668096, 11.4201151 47.2668456)"
1722,6.0,,10.0,,165.69199999999998,10.0,5,,6.000000000000001,"LINESTRING (11.4238523 47.2649141, 11.4243651 47.2650244, 11.4245419 47.2650358, 11.425148 47.2650066, 11.4259515 47.264978, 11.4260195 47.2649763)"
1723,8.0,,,,144.76,9.0,10,,5.0,"LINESTRING (11.4238523 47.2649141, 11.4241157 47.2652155, 11.424312 47.2655169, 11.4244833 47.2658853, 11.4245824 47.2661111)"
1724,8.0,,10.0,,299.43,10.0,5,,6.000000000000001,"LINESTRING (11.4238523 47.2649141, 11.4235384 47.2652108, 11.4232908 47.2654332, 11.4230224 47.2656445, 11.4228247 47.2657583, 11.4221638 47.2660216, 11.4218837 47.2661355, 11.4216456 47.2662323, 11.4212926 47.2663852, 11.420832 47.2666009)"
1725,6.0,,10.0,7.0,85.007,,5,,7.000000000000001,"LINESTRING (11.41143 47.269518, 11.4111253 47.270254)"
1726,6.0,,10.0,7.0,114.013,,5,,7.000000000000001,"LINESTRING (11.41143 47.269518, 11.4116897 47.2687527, 11.4117442 47.2685921, 11.4117691 47.2685188)"
1727,8.0,,10.0,,59.211,,5,,6.000000000000001,"LINESTRING (11.41143 47.269518, 11.4114682 47.2695246, 11.4121903 47.2696499)"
1728,8.0,,10.0,,33.356,,5,,6.000000000000001,"LINESTRING (11.4174587 47.2681733, 11.4178318 47.2680124)"
1729,8.0,,,,151.091,,5,,6.000000000000001,"LINESTRING (11.4174587 47.2681733, 11.4173519 47.2681256, 11.4171873 47.2681463, 11.4169212 47.2682381, 11.4166524 47.2683086, 11.416473 47.2683014, 11.4163516 47.2682423, 11.4162351 47.2681648, 11.4159891 47.2680338, 11.4157154 47.2679273)"
1730,8.0,,10.0,,175.56400000000002,,5,,7.000000000000001,"LINESTRING (11.4174587 47.2681733, 11.4173241 47.2682307, 11.4170555 47.2683453, 11.4155944 47.2689191, 11.4154757 47.2689943)"
1731,8.0,,10.0,,33.356,,5,,6.000000000000001,"LINESTRING (11.4178318 47.2680124, 11.4174587 47.2681733)"
1732,7.0,,10.0,,271.183,,5,,5.0,"LINESTRING (11.4178318 47.2680124, 11.4184138 47.2679856, 11.4188248 47.2679343, 11.4192933 47.2678596, 11.419393 47.2678434, 11.4196875 47.2677957, 11.4201814 47.2677067, 11.4204129 47.2676666, 11.4204721 47.2676889, 11.4210652 47.2672399)"
1733,8.0,,10.0,,205.181,,5,,5.0,"LINESTRING (11.4178318 47.2680124, 11.4190478 47.2674185, 11.419435 47.2672308, 11.4198307 47.2670369, 11.4198967 47.2670039, 11.4200219 47.2669208)"
1734,6.0,,,,196.12,,10,,4.0,"LINESTRING (11.416474 47.2712783, 11.4167432 47.2711364, 11.4185271 47.2701966)"
1735,8.0,,10.0,9.0,166.171,,10,,3.0000000000000004,"LINESTRING (11.416474 47.2712783, 11.41622 47.2708479, 11.4159758 47.2706041, 11.4156277 47.2704765, 11.4149763 47.2703241)"
1736,5.0,,10.0,8.0,201.268,9.0,5,,6.000000000000001,"LINESTRING (11.4070575 47.282017, 11.407289 47.2820119, 11.4075606 47.2820236, 11.4079615 47.2820566, 11.4083234 47.2821105, 11.4096765 47.2823264)"
1737,5.0,,10.0,8.0,113.199,,5,,6.000000000000001,"LINESTRING (11.4070575 47.282017, 11.4068044 47.2820026, 11.4064863 47.2819003, 11.4062213 47.281726, 11.4059807 47.2814926, 11.4059166 47.2814356)"
1738,8.0,,10.0,,44.214,,5,,6.000000000000001,"LINESTRING (11.4070575 47.282017, 11.4069131 47.2820456, 11.4066973 47.282061, 11.406483 47.2820313)"
1739,5.0,,10.0,8.0,15.505,9.0,5,,6.000000000000001,"LINESTRING (11.4098766 47.2823583, 11.4096765 47.2823264)"
1740,6.0,,,,13.203,,5,,6.000000000000001,"LINESTRING (11.4098766 47.2823583, 11.4099285 47.2824717)"
1741,5.0,,10.0,8.0,17.67,9.0,5,,6.000000000000001,"LINESTRING (11.4098766 47.2823583, 11.4099666 47.2823714, 11.4101054 47.2823924)"
1742,5.0,,10.0,8.0,144.826,9.0,5,,7.000000000000001,"LINESTRING (11.4127564 47.2833628, 11.4126703 47.2833032, 11.4126164 47.2832782, 11.4123456 47.2831964, 11.4121564 47.2831212, 11.4120221 47.2830638, 11.4118686 47.2829823, 11.4116391 47.282848, 11.4114378 47.2827315, 11.4113146 47.2826756, 11.4111875 47.2826264)"
1743,8.0,,,9.0,141.506,,5,,7.000000000000001,"LINESTRING (11.4127564 47.2833628, 11.4127121 47.2834101, 11.4126675 47.2834381, 11.412301 47.2835169, 11.4110247 47.2838114)"
1744,5.0,,10.0,8.0,68.503,,5,,8.0,"LINESTRING (11.4127564 47.2833628, 11.4128139 47.2833402, 11.4130134 47.2832619, 11.413089 47.2832343, 11.413294 47.2831628, 11.4135641 47.2830826)"
1745,8.0,,10.0,,38.314,,5,,7.000000000000001,"LINESTRING (11.4127564 47.2833628, 11.4127932 47.2834853, 11.4128198 47.2835306, 11.4128623 47.283571, 11.4129963 47.2836511)"
1746,8.0,,10.0,,72.161,,5,,5.0,"LINESTRING (11.4163009 47.2822173, 11.416317 47.2822588, 11.4163194 47.2822847, 11.416317 47.2823027, 11.416307 47.2823263, 11.4162923 47.2823498, 11.416244 47.2824062, 11.4161627 47.2825021, 11.4160639 47.2826496, 11.4159826 47.2827562, 11.4159385 47.2828012)"
1747,5.0,,10.0,8.0,234.73600000000002,,5,,6.000000000000001,"LINESTRING (11.4163009 47.2822173, 11.4160159 47.2822447, 11.4158503 47.2822511, 11.4154249 47.2822677, 11.4151845 47.2823214, 11.4146207 47.2825731, 11.4138047 47.2830118, 11.4137309 47.2830395, 11.4135641 47.2830826)"
1748,6.0,,,,37.323,,5,,5.0,"LINESTRING (11.4135641 47.2830826, 11.4137513 47.2833933)"
1749,5.0,,10.0,8.0,234.73600000000002,,5,,6.000000000000001,"LINESTRING (11.4135641 47.2830826, 11.4137309 47.2830395, 11.4138047 47.2830118, 11.4146207 47.2825731, 11.4151845 47.2823214, 11.4154249 47.2822677, 11.4158503 47.2822511, 11.4160159 47.2822447, 11.4163009 47.2822173)"
1750,5.0,,10.0,8.0,68.503,,5,,8.0,"LINESTRING (11.4135641 47.2830826, 11.413294 47.2831628, 11.413089 47.2832343, 11.4130134 47.2832619, 11.4128139 47.2833402, 11.4127564 47.2833628)"
1751,8.0,,,,114.011,,5,,7.000000000000001,"LINESTRING (11.4135641 47.2830826, 11.4134687 47.2829608, 11.4135269 47.2828314, 11.4135199 47.2827563, 11.4134879 47.2825631, 11.413395 47.2822798, 11.4133322 47.2821238, 11.4133102 47.2820972)"
1752,6.0,,,,25.45,,5,,4.0,"LINESTRING (11.4100529 47.2827078, 11.410383 47.2827551)"
1753,6.0,,,,27.88,,5,,6.000000000000001,"LINESTRING (11.4100529 47.2827078, 11.4099285 47.2824717)"
1754,6.0,,,,63.761,,5,,4.0,"LINESTRING (11.4100529 47.2827078, 11.4100925 47.2830876, 11.4101245 47.2831209, 11.4101637 47.2831618, 11.4103172 47.2831618)"
1755,6.0,,,,25.45,,5,,4.0,"LINESTRING (11.410383 47.2827551, 11.4100529 47.2827078)"
1756,6.0,,,,51.903,,5,,4.0,"LINESTRING (11.4110247 47.2838114, 11.4112472 47.2842531)"
1757,8.0,,,9.0,99.125,,5,,6.000000000000001,"LINESTRING (11.4110247 47.2838114, 11.4107852 47.2838752, 11.4103661 47.2840724, 11.4098495 47.2841939)"
1758,8.0,,,9.0,141.506,,5,,7.000000000000001,"LINESTRING (11.4110247 47.2838114, 11.412301 47.2835169, 11.4126675 47.2834381, 11.4127121 47.2834101, 11.4127564 47.2833628)"
1759,8.0,,,9.0,18.82,,5,,6.000000000000001,"LINESTRING (11.4098495 47.2841939, 11.4096162 47.2842539)"
1760,8.0,,,9.0,99.125,,5,,6.000000000000001,"LINESTRING (11.4098495 47.2841939, 11.4103661 47.2840724, 11.4107852 47.2838752, 11.4110247 47.2838114)"
1761,8.0,,,,101.933,,5,,6.000000000000001,"LINESTRING (11.4098495 47.2841939, 11.4099151 47.284321, 11.4101719 47.2845169, 11.4102235 47.2845567, 11.4103766 47.2846801, 11.4104494 47.284731, 11.4105219 47.2847707, 11.41061 47.2848077, 11.4107446 47.2848513)"
1762,6.0,,,,16.083,,5,,6.000000000000001,"LINESTRING (11.4133795 47.2847502, 11.4132957 47.2848832)"
1763,8.0,,10.0,,96.083,,5,,6.000000000000001,"LINESTRING (11.4133795 47.2847502, 11.4133873 47.2847844, 11.4134143 47.2848246, 11.4135222 47.2849525, 11.4135635 47.2849938, 11.4136218 47.2850381, 11.4138433 47.2851554, 11.4139698 47.2852126, 11.4140916 47.2852539, 11.414192 47.2852821, 11.4142907 47.2852981)"
1764,8.0,,10.0,,81.896,,5,,6.000000000000001,"LINESTRING (11.4133795 47.2847502, 11.4133837 47.2847204, 11.4134022 47.2846785, 11.4134482 47.2845764, 11.4134753 47.2845034, 11.4134933 47.2844379, 11.4135044 47.2843588, 11.4135133 47.2841381, 11.4135066 47.2840875, 11.4134806 47.2840269)"
1765,6.0,,,,17.308,,5,,7.000000000000001,"LINESTRING (11.4142801 47.2835071, 11.4143714 47.2836499)"
1766,6.0,,,,39.834999999999994,,5,,7.000000000000001,"LINESTRING (11.4142801 47.2835071, 11.4143981 47.283509, 11.4144859 47.2835242, 11.4145267 47.2835547, 11.4145308 47.2835851, 11.4145226 47.2836156, 11.4144962 47.2836303, 11.4144655 47.2836474, 11.4143714 47.2836499)"
1767,8.0,,10.0,,55.25,,5,,8.0,"LINESTRING (11.4142801 47.2835071, 11.4143411 47.2834211, 11.4143919 47.283359, 11.4144359 47.2833168, 11.4144777 47.2832811, 11.4145291 47.2832438, 11.4145864 47.2832106, 11.4146421 47.2831861, 11.4146908 47.2831681, 11.4147359 47.2831566, 11.414758 47.2831522)"
1768,6.0,,,,131.811,,5,,8.0,"LINESTRING (11.4142801 47.2835071, 11.4142087 47.2835421, 11.4141597 47.2838887, 11.4141551 47.2841017, 11.4141092 47.2841495, 11.4139883 47.2841861, 11.4138751 47.284213, 11.4136828 47.2841689, 11.4135961 47.2840931, 11.4134806 47.2840269)"
1769,5.0,,10.0,,181.32000000000002,,5,,7.000000000000001,"LINESTRING (11.4142801 47.2835071, 11.4142669 47.2837199, 11.4144441 47.2845626, 11.4147384 47.2850446, 11.4147363 47.2850893)"
1770,6.0,,,,39.007,,5,,4.0,"LINESTRING (11.4078544 47.2832654, 11.4082869 47.2830731)"
1771,5.0,,,,10.919,,5,,6.000000000000001,"LINESTRING (11.4053406 47.28535, 11.4053034 47.2852551)"
1772,6.0,,,,70.892,,5,2.0,6.000000000000001,"LINESTRING (11.4053406 47.28535, 11.4061119 47.2853609, 11.4062795 47.2853499)"
1773,5.0,,,,21.455,,5,,6.000000000000001,"LINESTRING (11.4053406 47.28535, 11.4053804 47.2853743, 11.4055839 47.2854483)"
1774,8.0,,10.0,9.0,28.793,,5,,7.000000000000001,"LINESTRING (11.4050776 47.2825773, 11.4048723 47.282359)"
1775,8.0,,,,63.63,,5,,6.000000000000001,"LINESTRING (11.4050776 47.2825773, 11.4048585 47.2820247)"
1776,8.0,,,,179.697,,5,,6.000000000000001,"LINESTRING (11.4050776 47.2825773, 11.4052529 47.2829704, 11.4054006 47.2832019, 11.4056466 47.2834722, 11.406302 47.2839262)"
1777,8.0,,,,112.55399999999999,,5,,6.000000000000001,"LINESTRING (11.406302 47.2839262, 11.4054088 47.2836087, 11.4050583 47.2834217, 11.405022 47.2834289)"
1778,8.0,,,,179.697,,5,,6.000000000000001,"LINESTRING (11.406302 47.2839262, 11.4056466 47.2834722, 11.4054006 47.2832019, 11.4052529 47.2829704, 11.4050776 47.2825773)"
1779,8.0,,,,78.143,,5,,7.000000000000001,"LINESTRING (11.406302 47.2839262, 11.4066803 47.2841567, 11.4071481 47.284322)"
1780,8.0,,,9.0,132.609,,5,,7.000000000000001,"LINESTRING (11.4071481 47.284322, 11.4072954 47.2842947, 11.4078964 47.284398, 11.4086003 47.2844192, 11.4088809 47.2844255)"
1781,8.0,,10.0,9.0,26.555,,5,,7.000000000000001,"LINESTRING (11.4071481 47.284322, 11.4070523 47.2843362, 11.4068071 47.2842913)"
1782,8.0,,,,78.143,,5,,7.000000000000001,"LINESTRING (11.4071481 47.284322, 11.4066803 47.2841567, 11.406302 47.2839262)"
1783,8.0,,,,47.206999999999994,,5,,7.000000000000001,"LINESTRING (11.4071481 47.284322, 11.4071529 47.2843766, 11.4071786 47.2844131, 11.4073028 47.284478, 11.4076037 47.2845679)"
1784,8.0,,10.0,,91.019,,5,,8.0,"LINESTRING (11.4048824 47.2814311, 11.4049758 47.2813677, 11.4050986 47.2813571, 11.4052845 47.2814006, 11.4055365 47.2815286, 11.4058031 47.2817654)"
1785,6.0,,10.0,,79.23100000000001,,5,,8.0,"LINESTRING (11.4048824 47.2814311, 11.4052233 47.2815933, 11.4056481 47.2817313, 11.4058031 47.2817654)"
1786,8.0,,10.0,,66.34400000000001,,5,,7.000000000000001,"LINESTRING (11.4048824 47.2814311, 11.4048315 47.2816883, 11.4048318 47.2818029, 11.4048585 47.2820247)"
1787,6.0,,,,73.83200000000001,,5,,5.0,"LINESTRING (11.4048824 47.2814311, 11.4047859 47.2813464, 11.4047646 47.2813326, 11.4047457 47.2813247, 11.4047212 47.2813189, 11.4045202 47.2812854, 11.4043148 47.2812586, 11.4040801 47.2812529, 11.4040061 47.2812904)"
1788,8.0,,10.0,,37.187,,5,,7.000000000000001,"LINESTRING (11.4048585 47.2820247, 11.4048723 47.282359)"
1789,8.0,,,,63.63,,5,,6.000000000000001,"LINESTRING (11.4048585 47.2820247, 11.4050776 47.2825773)"
1790,8.0,,10.0,,66.344,,5,,7.000000000000001,"LINESTRING (11.4048585 47.2820247, 11.4048318 47.2818029, 11.4048315 47.2816883, 11.4048824 47.2814311)"
1791,8.0,,,,120.896,,5,,6.000000000000001,"LINESTRING (11.4053539 47.2823256, 11.4054719 47.2823428, 11.4057544 47.2825103, 11.4059685 47.2825743, 11.40625 47.2825991, 11.4068364 47.2825618)"
1792,8.0,,,,82.12700000000001,,5,,7.000000000000001,"LINESTRING (11.4053539 47.2823256, 11.4053681 47.2820059, 11.4054038 47.2819388, 11.4056134 47.2817729, 11.4058031 47.2817654)"
1793,8.0,,,,255.77599999999998,,5,,6.000000000000001,"LINESTRING (11.4053539 47.2823256, 11.4053939 47.2826366, 11.4055028 47.2829186, 11.4055985 47.283086, 11.4064473 47.2834202, 11.4065563 47.283442, 11.4069228 47.2834482, 11.4069397 47.2834336, 11.406965 47.2834119, 11.4068871 47.2829356)"
1794,8.0,,10.0,,17.657,,5,,6.000000000000001,"LINESTRING (11.406483 47.2820313, 11.4062802 47.281952)"
1795,8.0,,10.0,,44.214,,5,,6.000000000000001,"LINESTRING (11.406483 47.2820313, 11.4066973 47.282061, 11.4069131 47.2820456, 11.4070575 47.282017)"
1796,8.0,,,,37.760000000000005,,5,,6.000000000000001,"LINESTRING (11.406483 47.2820313, 11.4065155 47.282072, 11.4067297 47.2821436, 11.4067881 47.2821953, 11.4067968 47.2822612)"
1797,5.0,,10.0,6.0,14.899,9.0,10,,2.0,"LINESTRING (11.4324835 47.275671, 11.4322869 47.2756583)"
1798,6.0,,,,7.785,5.0,5,,3.0000000000000004,"LINESTRING (11.4324835 47.275671, 11.4325114 47.2756036)"
1799,8.0,,,,41.74,,5,,6.000000000000001,"LINESTRING (11.4068364 47.2825618, 11.4068871 47.2829356)"
1800,8.0,,,,10.55,,5,,6.000000000000001,"LINESTRING (11.4068364 47.2825618, 11.4068239 47.2824673)"
1801,8.0,,,,120.896,,5,,6.000000000000001,"LINESTRING (11.4068364 47.2825618, 11.40625 47.2825991, 11.4059685 47.2825743, 11.4057544 47.2825103, 11.4054719 47.2823428, 11.4053539 47.2823256)"
1802,2.0,,10.0,7.0,57.657000000000004,,10,,2.0,"LINESTRING (11.4324978 47.2634491, 11.4325137 47.2635042, 11.4325488 47.2635524, 11.4325989 47.2635932, 11.4326682 47.2636283, 11.4327528 47.2636518, 11.4328375 47.2636628, 11.4328751 47.2636737, 11.433078 47.2637294)"
1803,6.0,,,,23.979,,10,,3.0000000000000004,"LINESTRING (11.4324978 47.2634491, 11.4325803 47.263446, 11.4327358 47.2634663, 11.4328077 47.2634846)"
1804,6.0,,10.0,8.0,32.9,5.0,5,,5.0,"LINESTRING (11.4327989 47.2752238, 11.4326347 47.2754134, 11.432578 47.2754789)"
1805,6.0,,10.0,8.0,33.844,,5,,5.0,"LINESTRING (11.4327989 47.2752238, 11.4329074 47.2750991, 11.4329485 47.2750607, 11.4330458 47.2749701)"
1806,5.0,,,,231.382,,5,,5.0,"LINESTRING (11.4323121 47.2548707, 11.4322348 47.254815, 11.4318808 47.2547862, 11.4316621 47.2547574, 11.4314664 47.254668, 11.4313565 47.2545323, 11.431285 47.2544313, 11.43126 47.2543523, 11.4311056 47.2542455, 11.4311304 47.2541479, 11.4311272 47.2540534, 11.4311369 47.2539985, 11.4310916 47.2539325, 11.4308322 47.2538042, 11.4307229 47.2537722, 11.4306514 47.2537652, 11.4305935 47.2537675, 11.4304883 47.2537366, 11.430301 47.2537045, 11.4302525 47.2537192)"
1807,5.0,,10.0,,70.764,,5,,5.0,"LINESTRING (11.4323121 47.2548707, 11.4321883 47.254899, 11.4320681 47.2549347, 11.4319809 47.254967, 11.4318804 47.2550033, 11.4315489 47.2551864, 11.4315216 47.2552015)"
1808,5.0,,,,195.53,,5,,2.0,"LINESTRING (11.4317453 47.2538846, 11.4315077 47.2537916, 11.4312248 47.2535789, 11.4310129 47.2535782, 11.4308817 47.2535195, 11.4307124 47.2533665, 11.4306835 47.2533877, 11.4306447 47.2534162, 11.4306053 47.2534789, 11.4305462 47.2533953, 11.4302646 47.2532268, 11.430226 47.2531959, 11.4300882 47.2530857, 11.4299897 47.2530493, 11.4298434 47.253048)"
1809,6.0,,,,133.47899999999998,,5,,5.0,"LINESTRING (11.4046753 47.2502031, 11.4047622 47.2502317, 11.4051345 47.2503524, 11.4056527 47.2507605, 11.4057048 47.2508052, 11.4057767 47.2508415, 11.4058661 47.2508688, 11.4060487 47.2509132)"
1810,5.0,,10.0,,346.609,,5,,5.0,"LINESTRING (11.4046753 47.2502031, 11.4046483 47.250252, 11.4046244 47.2503137, 11.4046097 47.2503801, 11.4046055 47.2504465, 11.404608 47.2505236, 11.4046182 47.2505927, 11.4046366 47.2506618, 11.4047097 47.2508559, 11.404752 47.2509374, 11.4048018 47.2510154, 11.4048669 47.2511033, 11.4049425 47.2511903, 11.4050964 47.2513433, 11.4052251 47.2514448, 11.4053217 47.2515127, 11.4054262 47.251581, 11.4055381 47.2516462, 11.4057299 47.2517401, 11.4059638 47.2518339, 11.4061724 47.2518984, 11.406382 47.2519531, 11.4066691 47.2520106, 11.4069493 47.2520553, 11.4072441 47.2521, 11.4075438 47.2521556)"
1811,6.0,,,,14.351,,5,,6.000000000000001,"LINESTRING (11.4062299 47.2509523, 11.4060487 47.2509132)"
1812,6.0,,,,269.928,,5,,5.0,"LINESTRING (11.4062299 47.2509523, 11.4065288 47.2510129, 11.4066589 47.2510319, 11.406745 47.2510398, 11.4068236 47.2510258, 11.406879 47.2509989, 11.4069073 47.2509552, 11.4069036 47.250909, 11.4068887 47.2508754, 11.4068265 47.250838, 11.4064554 47.2506972, 11.4062791 47.2506247, 11.4061176 47.2505405, 11.4059158 47.2504169, 11.4057091 47.2502783, 11.405606 47.2501878, 11.4055395 47.2500914, 11.4055118 47.2499853, 11.4055287 47.2498847, 11.4055993 47.2497835, 11.4056806 47.2497053, 11.4057923 47.2496485, 11.4059237 47.2496059)"
1813,6.0,,,,184.639,,5,1.0,6.000000000000001,"LINESTRING (11.4062299 47.2509523, 11.4065528 47.2511102, 11.406627 47.251135, 11.4067311 47.2511446, 11.4067898 47.2511379, 11.4070434 47.2510722, 11.4072101 47.251117, 11.4075543 47.251088, 11.408466 47.2508035)"
1814,2.0,,,,105.482,10.0,10,,0.0,"LINESTRING (11.4282679 47.2757752, 11.4278399 47.2759273, 11.4274208 47.2761026, 11.4270771 47.2762695)"
1815,8.0,,10.0,7.0,33.293,,5,,7.000000000000001,"LINESTRING (11.3953661 47.2505456, 11.3954662 47.250254)"
1816,2.0,,10.0,,161.07099999999997,9.0,5,,6.000000000000001,"LINESTRING (11.3953661 47.2505456, 11.3951155 47.2505174, 11.3949502 47.250512, 11.3948224 47.2505151, 11.394708 47.2505271, 11.3945478 47.25055, 11.394337 47.2506044, 11.3941048 47.2506922, 11.3937903 47.250867, 11.3934961 47.2510602)"
1817,2.0,,10.0,7.0,360.304,9.0,5,,6.000000000000001,"LINESTRING (11.3953661 47.2505456, 11.395524 47.2505797, 11.3956928 47.2506265, 11.3959621 47.2507132, 11.3964528 47.2508733, 11.3968496 47.2509543, 11.3970838 47.2509773, 11.3975032 47.2510092, 11.3976481 47.2510186, 11.3978114 47.2510337, 11.3979967 47.251065, 11.3981803 47.2511008, 11.3993961 47.2513672, 11.3995422 47.2514116, 11.3996382 47.2514486, 11.3997328 47.2515014, 11.3997919 47.2515577, 11.3998137 47.2515847)"
1818,8.0,,10.0,7.0,33.293,,5,,7.000000000000001,"LINESTRING (11.3954662 47.250254, 11.3953661 47.2505456)"
1819,6.0,,,7.0,60.586,,5,,7.000000000000001,"LINESTRING (11.3954662 47.250254, 11.3956076 47.2502703, 11.3958506 47.2503397, 11.395964 47.2503897, 11.396067 47.2504449, 11.3961612 47.2505049)"
1820,6.0,,,7.0,136.536,,5,,5.0,"LINESTRING (11.3954662 47.250254, 11.3952809 47.2502593, 11.3950738 47.2502804, 11.3949447 47.250302, 11.3948155 47.2503363, 11.3945316 47.2504384, 11.3944503 47.2504625, 11.3943736 47.2504753, 11.393721 47.2504968)"
1821,8.0,,10.0,7.0,52.92399999999999,,5,,7.000000000000001,"LINESTRING (11.3954662 47.250254, 11.3954962 47.2501553, 11.3955024 47.2501349, 11.3955508 47.2499905, 11.3956022 47.2498929, 11.3956921 47.2498104)"
1822,6.0,,,7.0,136.536,,5,,5.0,"LINESTRING (11.393721 47.2504968, 11.3943736 47.2504753, 11.3944503 47.2504625, 11.3945316 47.2504384, 11.3948155 47.2503363, 11.3949447 47.250302, 11.3950738 47.2502804, 11.3952809 47.2502593, 11.3954662 47.250254)"
1823,6.0,,,,12.199,,5,,4.0,"LINESTRING (11.3962602 47.2505913, 11.3961972 47.2505306, 11.3961612 47.2505049)"
1824,6.0,,,7.0,66.805,,5,,4.0,"LINESTRING (11.3970028 47.2505952, 11.3969026 47.2505511, 11.3965952 47.2504926, 11.3963942 47.2504739, 11.3962603 47.2504731, 11.3961612 47.2505049)"
1825,8.0,,10.0,7.0,413.709,,5,,6.000000000000001,"LINESTRING (11.3961653 47.2499596, 11.3962909 47.2500491, 11.3963641 47.2500938, 11.3964507 47.2501346, 11.396599 47.2501771, 11.3971101 47.2502909, 11.3978088 47.2503637, 11.3989118 47.250398, 11.3995629 47.2505071, 11.3997544 47.2505418, 11.3999946 47.2505863, 11.4006379 47.250731, 11.4009604 47.2507711, 11.4010405 47.2507833, 11.4011396 47.2507422, 11.4012005 47.2505681)"
1826,8.0,,10.0,7.0,41.561,,5,,6.000000000000001,"LINESTRING (11.3961653 47.2499596, 11.3958618 47.2498059, 11.3958052 47.2497995, 11.3957535 47.2498014, 11.3956921 47.2498104)"
1827,8.0,,,7.0,267.15000000000003,,5,,6.000000000000001,"LINESTRING (11.3961653 47.2499596, 11.3963048 47.2499966, 11.3964283 47.2500544, 11.3965048 47.2500876, 11.3965789 47.2501108, 11.3967072 47.2501408, 11.3968066 47.2501597, 11.3970001 47.250193, 11.3971282 47.2502087, 11.3974685 47.2502374, 11.3983246 47.2502299, 11.398948 47.2502128, 11.3994423 47.250291, 11.3995113 47.2502927, 11.3995776 47.2502842, 11.3996071 47.2502768)"
1828,6.0,,,,49.162000000000006,,5,,6.000000000000001,"LINESTRING (11.3977416 47.249538, 11.3980016 47.2493927, 11.3981953 47.2494075, 11.3983145 47.2494143)"
1829,8.0,,,7.0,140.487,,5,,6.000000000000001,"LINESTRING (11.3977416 47.249538, 11.3978801 47.2496159, 11.3985834 47.2497597, 11.3990191 47.2498369, 11.3994799 47.2499015, 11.3995059 47.2499003)"
1830,8.0,,10.0,7.0,197.753,,5,,6.000000000000001,"LINESTRING (11.3977416 47.249538, 11.3974352 47.2493927, 11.3969722 47.2492102, 11.396856 47.2491724, 11.3967079 47.2491426, 11.3965597 47.2491228, 11.3964636 47.2491025, 11.396386 47.2490798, 11.3963293 47.2490454, 11.3960558 47.2487788, 11.3959172 47.2484269)"
1831,6.0,,,,49.162,,5,,6.000000000000001,"LINESTRING (11.3983145 47.2494143, 11.3981953 47.2494075, 11.3980016 47.2493927, 11.3977416 47.249538)"
1832,6.0,,,,369.039,,5,,7.000000000000001,"LINESTRING (11.3983145 47.2494143, 11.3982829 47.2490427, 11.3983044 47.2488611, 11.3983195 47.248752, 11.398307 47.2486577, 11.398274 47.2486055, 11.3982192 47.2485522, 11.3981263 47.2485111, 11.3980071 47.2484818, 11.3978693 47.2484529, 11.3967258 47.2482127, 11.3965296 47.248166, 11.3963538 47.2481153, 11.3959374 47.2479854, 11.395521 47.247818, 11.3952263 47.2477219, 11.3951182 47.2477088, 11.3950167 47.2476895, 11.3949118 47.2476375)"
1833,6.0,,,,83.87700000000001,,5,,4.0,"LINESTRING (11.3983145 47.2494143, 11.3983997 47.24943, 11.3984483 47.2494403, 11.3985578 47.24947, 11.3986484 47.2495068, 11.3988924 47.249581, 11.3990659 47.2496144, 11.3993585 47.2496619)"
1834,5.0,,,,127.607,,5,,7.000000000000001,"LINESTRING (11.3959172 47.2484269, 11.395879 47.2481488, 11.3957171 47.2480389, 11.3953554 47.2478747, 11.3950059 47.2477849, 11.3949294 47.2477049, 11.3949118 47.2476375)"
1835,8.0,,10.0,7.0,27.900000000000002,,5,,6.000000000000001,"LINESTRING (11.3959172 47.2484269, 11.3958729 47.2484061, 11.3957984 47.2483915, 11.3955706 47.2483442)"
1836,8.0,,10.0,7.0,197.753,,5,,6.000000000000001,"LINESTRING (11.3959172 47.2484269, 11.3960558 47.2487788, 11.3963293 47.2490454, 11.396386 47.2490798, 11.3964636 47.2491025, 11.3965597 47.2491228, 11.3967079 47.2491426, 11.396856 47.2491724, 11.3969722 47.2492102, 11.3974352 47.2493927, 11.3977416 47.249538)"
1837,8.0,,10.0,7.0,185.309,,5,,8.0,"LINESTRING (11.3952114 47.2483322, 11.395067 47.2482374, 11.3949462 47.2480807, 11.3947202 47.2479044, 11.3943432 47.2476615, 11.3941693 47.2475436, 11.3938072 47.2472184, 11.3936456 47.2470605)"
1838,8.0,,10.0,,171.609,,5,,6.000000000000001,"LINESTRING (11.3952114 47.2483322, 11.3952927 47.2483921, 11.3953532 47.2484787, 11.3953687 47.2485678, 11.3953747 47.2488519, 11.3953868 47.2490331, 11.3954222 47.2492123, 11.3954858 47.2493756, 11.3956806 47.2496989, 11.3956921 47.2498104)"
1839,8.0,,10.0,7.0,29.335,,5,,6.000000000000001,"LINESTRING (11.3952114 47.2483322, 11.3953111 47.2482903, 11.3955706 47.2483442)"
1840,5.0,,,,74.48400000000001,,5,,4.0,"LINESTRING (11.3956368 47.2490003, 11.3955138 47.2487084, 11.3955512 47.248473, 11.3955706 47.2483442)"
1841,6.0,,,,213.393,,10,,4.0,"LINESTRING (11.4013688 47.2500919, 11.4013828 47.2493716, 11.4014661 47.2492838, 11.4015234 47.2492536, 11.401608 47.2492362, 11.4016779 47.2492504, 11.4017232 47.2492819, 11.4017325 47.24935, 11.4017023 47.2496048, 11.4016867 47.249783, 11.401496 47.2499095, 11.4014429 47.2499406, 11.4014222 47.2499628, 11.4013688 47.2500919)"
1842,8.0,,10.0,7.0,54.455,,5,,5.0,"LINESTRING (11.4013688 47.2500919, 11.4013558 47.2501243, 11.4012005 47.2505681)"
1843,6.0,,,,6.288,,10,,4.0,"LINESTRING (11.4045754 47.2648872, 11.4045311 47.2648393)"
1844,10.0,,,,6.288,,5,,5.0,"LINESTRING (11.4045754 47.2648872, 11.4046565 47.2648742)"
1845,6.0,,,,68.341,,10,,2.0,"LINESTRING (11.4029161 47.2659867, 11.403077 47.2660292, 11.4031585 47.2660277, 11.4032809 47.266002, 11.4033065 47.2659851, 11.4035459 47.2658266, 11.4036079 47.265818, 11.4036971 47.2658103)"
1846,10.0,,,,27.128,,10,,5.0,"LINESTRING (11.4029161 47.2659867, 11.40288 47.2660815, 11.4028651 47.2662272)"
1847,2.0,,,7.0,15.411000000000001,9.0,10,,3.0000000000000004,"LINESTRING (11.4277243 47.2631467, 11.4277653 47.2632016, 11.4278367 47.2632615)"
1848,6.0,,,,26.327,,5,,4.0,"LINESTRING (11.3905117 47.2675482, 11.3902947 47.2673628)"
1849,2.0,,10.0,6.0,548.6099999999999,,10,,2.0,"LINESTRING (11.4350051 47.2640434, 11.4346941 47.263881, 11.4345825 47.2638267, 11.4344893 47.2637948, 11.4343904 47.2637735, 11.4342919 47.2637584, 11.4341942 47.2637596, 11.4340119 47.263743, 11.4334441 47.2638, 11.4331845 47.2638146, 11.4328958 47.2638223, 11.4326461 47.2638271, 11.4317139 47.2638264, 11.4310283 47.2638083, 11.4304779 47.2637799, 11.4297441 47.2637115, 11.4292661 47.2636476, 11.4289319 47.2635937, 11.428306 47.2634672, 11.4279507 47.2633724)"
1850,10.0,,,,12.713,,5,,6.000000000000001,"LINESTRING (11.4140944 47.2795609, 11.4141275 47.279673)"
1851,5.0,,,,293.214,,5,,6.000000000000001,"LINESTRING (11.4140944 47.2795609, 11.4124374 47.2799123, 11.4103826 47.2803434)"
1852,5.0,,10.0,,1336.3139999999999,,5,,6.000000000000001,"LINESTRING (11.4140944 47.2795609, 11.4159065 47.2791908, 11.4159828 47.2792204, 11.4167895 47.2790606, 11.4201482 47.2783145, 11.4213674 47.278074, 11.4219666 47.2779244, 11.4227698 47.2776825, 11.4263332 47.2763509, 11.4278819 47.2757629, 11.4292881 47.2753233, 11.4303332 47.2749507)"
1853,10.0,,10.0,,11.084,,5,,6.000000000000001,"LINESTRING (11.4103826 47.2803434, 11.4104271 47.2804384)"
1854,5.0,,,,414.67799999999994,,5,,6.000000000000001,"LINESTRING (11.4103826 47.2803434, 11.408964 47.2806481, 11.4086657 47.2807774, 11.4079684 47.2809361, 11.4073278 47.2811291, 11.406911 47.2811994, 11.4066488 47.2812014, 11.4063436 47.2811753, 11.4061076 47.2811214, 11.4058867 47.2810651, 11.4056868 47.281015, 11.4054642 47.2809114, 11.4053893 47.2808486, 11.40526 47.2808675)"
1855,5.0,,,,293.214,,5,,6.000000000000001,"LINESTRING (11.4103826 47.2803434, 11.4124374 47.2799123, 11.4140944 47.2795609)"
1856,7.0,,4.0,,16.813,,10,,5.0,"LINESTRING (11.3922707 47.2684383, 11.3924821 47.2684861)"
1857,7.0,,4.0,,12.284,,5,,4.0,"LINESTRING (11.3922707 47.2684383, 11.3922766 47.2685487)"
1858,7.0,,4.0,,56.76,,5,,6.000000000000001,"LINESTRING (11.3922707 47.2684383, 11.3922863 47.268357, 11.3923887 47.2679342)"
1859,7.0,,7.0,,80.41,,10,,4.0,"LINESTRING (11.3933723 47.2679928, 11.393566 47.2672817)"
1860,7.0,,4.0,,94.55999999999999,,5,,5.0,"LINESTRING (11.3933723 47.2679928, 11.3934111 47.2679959, 11.3946237 47.2680376)"
1861,7.0,,7.0,,4.269,,10,,4.0,"LINESTRING (11.393566 47.2672817, 11.3935767 47.267244)"
1862,7.0,,4.0,,130.862,,5,,5.0,"LINESTRING (11.393566 47.2672817, 11.3940354 47.2673628, 11.3941146 47.2673811, 11.3941848 47.2674024, 11.3942476 47.2674257, 11.3943134 47.2674592, 11.394418 47.2675423, 11.3944898 47.2676154, 11.39456 47.2677198, 11.3946093 47.2678497, 11.3946108 47.2679957, 11.3946237 47.2680376)"
1863,7.0,,7.0,,48.58,,5,10.0,6.000000000000001,"LINESTRING (11.3934705 47.2685936, 11.39352 47.2690292)"
1864,7.0,,4.0,,86.041,,5,,6.000000000000001,"LINESTRING (11.3934705 47.2685936, 11.3946072 47.2685319)"
1865,7.0,,4.0,,21.908,,5,,5.0,"LINESTRING (11.3934705 47.2685936, 11.3934195 47.2685626, 11.3932087 47.2685156)"
1866,7.0,,7.0,,48.58,,5,10.0,6.000000000000001,"LINESTRING (11.39352 47.2690292, 11.3934705 47.2685936)"
1867,7.0,,6.0,,25.037,,5,10.0,7.000000000000001,"LINESTRING (11.39352 47.2690292, 11.3935755 47.269202, 11.3935906 47.2692492)"
1868,7.0,,4.0,,83.84199999999998,,5,,6.000000000000001,"LINESTRING (11.39352 47.2690292, 11.393071 47.2690879, 11.3928782 47.269138, 11.3926597 47.2691991, 11.3924687 47.2692602)"
1869,7.0,,4.0,,83.84199999999998,,5,,6.000000000000001,"LINESTRING (11.3924687 47.2692602, 11.3926597 47.2691991, 11.3928782 47.269138, 11.393071 47.2690879, 11.39352 47.2690292)"
1870,2.0,,10.0,,108.505,,5,,6.000000000000001,"LINESTRING (11.3924687 47.2692602, 11.3919453 47.2687094, 11.3916894 47.2684401)"
1871,2.0,,10.0,,94.253,9.0,5,,7.000000000000001,"LINESTRING (11.3924687 47.2692602, 11.392861 47.2696866, 11.3931386 47.2699756)"
1872,7.0,,4.0,,55.252,,5,,6.000000000000001,"LINESTRING (11.3946237 47.2680376, 11.3946761 47.2682776, 11.3946482 47.2683427, 11.3946631 47.2685289)"
1873,7.0,,4.0,,94.55999999999999,,5,,5.0,"LINESTRING (11.3946237 47.2680376, 11.3934111 47.2679959, 11.3933723 47.2679928)"
1874,7.0,,4.0,,130.86199999999997,,5,,5.0,"LINESTRING (11.3946237 47.2680376, 11.3946108 47.2679957, 11.3946093 47.2678497, 11.39456 47.2677198, 11.3944898 47.2676154, 11.394418 47.2675423, 11.3943134 47.2674592, 11.3942476 47.2674257, 11.3941848 47.2674024, 11.3941146 47.2673811, 11.3940354 47.2673628, 11.393566 47.2672817)"
1875,7.0,,4.0,,3.666,,5,,6.000000000000001,"LINESTRING (11.3929077 47.267161, 11.3929555 47.2671669)"
1876,7.0,,4.0,,93.255,,5,,6.000000000000001,"LINESTRING (11.3929077 47.267161, 11.392572 47.2674384, 11.3922481 47.2678648)"
1877,7.0,,4.0,,112.601,,5,,6.000000000000001,"LINESTRING (11.3929077 47.267161, 11.392824 47.2671152, 11.3925623 47.2670658, 11.3924893 47.2670591, 11.3924175 47.2670603, 11.3923411 47.2670755, 11.3923042 47.2670926, 11.3917152 47.2675022)"
1878,7.0,,4.0,,24.982,,5,,6.000000000000001,"LINESTRING (11.3917152 47.2675022, 11.3916747 47.2674933, 11.3915024 47.2673917, 11.3914569 47.2673649)"
1879,7.0,,4.0,,57.149,,5,,6.000000000000001,"LINESTRING (11.3917152 47.2675022, 11.3920972 47.2677888, 11.3922481 47.2678648)"
1880,7.0,,4.0,,112.60100000000001,,5,,6.000000000000001,"LINESTRING (11.3917152 47.2675022, 11.3923042 47.2670926, 11.3923411 47.2670755, 11.3924175 47.2670603, 11.3924893 47.2670591, 11.3925623 47.2670658, 11.392824 47.2671152, 11.3929077 47.267161)"
1881,7.0,,7.0,,38.638,,5,,6.000000000000001,"LINESTRING (11.3910417 47.2667184, 11.3915417 47.2667934)"
1882,7.0,,,,35.738,,5,,5.0,"LINESTRING (11.3910417 47.2667184, 11.3909366 47.2667627, 11.3907314 47.2668538, 11.3907012 47.2668682, 11.3906458 47.2668947)"
1883,7.0,,7.0,,47.425,,5,,5.0,"LINESTRING (11.3910417 47.2667184, 11.3908084 47.2666853, 11.3905343 47.2666444, 11.3904695 47.2666349, 11.3904357 47.2666532)"
1884,2.0,,,,31.184,5.0,10,,4.0,"LINESTRING (11.3904357 47.2666532, 11.3906458 47.2668947)"
1885,7.0,,7.0,,47.425,,5,,5.0,"LINESTRING (11.3904357 47.2666532, 11.3904695 47.2666349, 11.3905343 47.2666444, 11.3908084 47.2666853, 11.3910417 47.2667184)"
1886,2.0,,,,19.968,5.0,10,,4.0,"LINESTRING (11.3906458 47.2668947, 11.390774 47.2670518)"
1887,7.0,,,,35.738,,5,,5.0,"LINESTRING (11.3906458 47.2668947, 11.3907012 47.2668682, 11.3907314 47.2668538, 11.3909366 47.2667627, 11.3910417 47.2667184)"
1888,6.0,,10.0,,17.718,,5,,5.0,"LINESTRING (11.3948599 47.2622601, 11.3949048 47.2621037)"
1889,6.0,,10.0,,25.466,,10,,4.0,"LINESTRING (11.3948599 47.2622601, 11.3948827 47.2623917, 11.3949313 47.2624824)"
1890,6.0,,,,105.935,,5,,4.0,"LINESTRING (11.4015762 47.2692332, 11.4018841 47.2701627)"
1891,6.0,,,,105.935,,5,,4.0,"LINESTRING (11.4018841 47.2701627, 11.4015762 47.2692332)"
1892,8.0,,10.0,,153.851,,5,,7.000000000000001,"LINESTRING (11.4018841 47.2701627, 11.4008695 47.2701851, 11.3999602 47.2702038, 11.399846 47.2702058)"
1893,8.0,,10.0,,104.636,,5,,7.000000000000001,"LINESTRING (11.4018841 47.2701627, 11.4025396 47.2701457, 11.4032703 47.2701554)"
1894,8.0,,10.0,9.0,16.32,,5,,4.0,"LINESTRING (11.4059387 47.2845249, 11.4061515 47.2844984)"
1895,8.0,,,,41.74,,5,,6.000000000000001,"LINESTRING (11.4068871 47.2829356, 11.4068364 47.2825618)"
1896,8.0,,,,255.77599999999998,,5,,6.000000000000001,"LINESTRING (11.4068871 47.2829356, 11.406965 47.2834119, 11.4069397 47.2834336, 11.4069228 47.2834482, 11.4065563 47.283442, 11.4064473 47.2834202, 11.4055985 47.283086, 11.4055028 47.2829186, 11.4053939 47.2826366, 11.4053539 47.2823256)"
1897,6.0,,,,41.483000000000004,,5,,6.000000000000001,"LINESTRING (11.4068871 47.2829356, 11.4069889 47.2830151, 11.4073735 47.2830753)"
1898,6.0,,,,59.484,,5,,6.000000000000001,"LINESTRING (11.4048065 47.2849022, 11.4048253 47.2849253, 11.4048766 47.2849771, 11.4049335 47.2849796, 11.404938 47.2849297, 11.4049785 47.284936, 11.4050264 47.2849072, 11.4054052 47.2847819)"
1899,5.0,,,,210.193,,5,,6.000000000000001,"LINESTRING (11.4048065 47.2849022, 11.404819 47.2848692, 11.4051389 47.2846223, 11.4051632 47.284592, 11.4051822 47.2845512, 11.405186 47.2842478, 11.4051239 47.2840984, 11.4045274 47.2835651, 11.4042874 47.2832871)"
1900,5.0,,,,57.562999999999995,,5,,6.000000000000001,"LINESTRING (11.4048065 47.2849022, 11.4048027 47.284912, 11.4048056 47.2849488, 11.4048099 47.284975, 11.4048306 47.2850018, 11.405018 47.2850745, 11.4052652 47.2852099, 11.4053034 47.2852551)"
1901,5.0,,,,14.695,,5,,6.000000000000001,"LINESTRING (11.4042874 47.2832871, 11.4042427 47.2831975, 11.4042269 47.2831615)"
1902,5.0,,,,210.19300000000004,,5,,6.000000000000001,"LINESTRING (11.4042874 47.2832871, 11.4045274 47.2835651, 11.4051239 47.2840984, 11.405186 47.2842478, 11.4051822 47.2845512, 11.4051632 47.284592, 11.4051389 47.2846223, 11.404819 47.2848692, 11.4048065 47.2849022)"
1903,5.0,,,,301.84900000000005,,5,,6.000000000000001,"LINESTRING (11.4042874 47.2832871, 11.4044007 47.2835545, 11.4045534 47.2837473, 11.4046396 47.2838565, 11.4048531 47.2840527, 11.4049469 47.2841411, 11.4049443 47.2841956, 11.4049334 47.2842301, 11.4048721 47.2843555, 11.4048102 47.2844757, 11.4048033 47.2845056, 11.4048316 47.2846102, 11.4048352 47.284657, 11.404821 47.2846843, 11.4047667 47.2847123, 11.4046814 47.2847646, 11.4045072 47.2848673, 11.4044267 47.284947, 11.4044066 47.2850048, 11.4044232 47.2850731, 11.4044575 47.2851289, 11.4044285 47.2851524, 11.4043935 47.2851442, 11.4043515 47.2851182, 11.4043114 47.2850646, 11.4042658 47.2850425, 11.4042141 47.2850532, 11.404204 47.2850853, 11.4042231 47.2851284, 11.4042758 47.2851862, 11.4043245 47.2852326, 11.4043999 47.2852596, 11.4045051 47.2852896, 11.4045358 47.2853301)"
1904,6.0,,,,14.0,,5,,6.000000000000001,"LINESTRING (11.4088809 47.2844255, 11.408786 47.2845337)"
1905,8.0,,,9.0,132.609,,5,,7.000000000000001,"LINESTRING (11.4088809 47.2844255, 11.4086003 47.2844192, 11.4078964 47.284398, 11.4072954 47.2842947, 11.4071481 47.284322)"
1906,8.0,,,9.0,58.806999999999995,,5,,6.000000000000001,"LINESTRING (11.4088809 47.2844255, 11.4090013 47.284412, 11.4096162 47.2842539)"
1907,8.0,,,,42.774,,10,,4.0,"LINESTRING (11.4250313 47.262773, 11.4250895 47.2626418, 11.4250951 47.2625633, 11.425069 47.2624937, 11.4249953 47.2624103)"
1908,8.0,,,,166.435,,5,,6.000000000000001,"LINESTRING (11.4250313 47.262773, 11.4250219 47.2627833, 11.4247575 47.263073, 11.4244375 47.2635099, 11.4242751 47.2637353, 11.4241795 47.263862, 11.4240794 47.263981, 11.4239729 47.2640839)"
1909,6.0,,10.0,9.0,41.022,10.0,10,,4.0,"LINESTRING (11.3888009 47.2696471, 11.3884582 47.2699335)"
1910,6.0,,,9.0,37.274,,5,,5.0,"LINESTRING (11.3888009 47.2696471, 11.3892102 47.2698348)"
1911,6.0,,,9.0,36.472,,5,,4.0,"LINESTRING (11.3898479 47.2703867, 11.3895804 47.2701135)"
1912,8.0,,10.0,,171.115,,5,,4.0,"LINESTRING (11.3946423 47.2734354, 11.3944269 47.2731643, 11.394143 47.272807, 11.3939369 47.2725475, 11.3935661 47.2720808)"
1913,8.0,,10.0,,79.101,,10,,4.0,"LINESTRING (11.3943691 47.2757295, 11.3953297 47.2754444)"
1914,8.0,,10.0,,74.698,,5,,3.0000000000000004,"LINESTRING (11.3943691 47.2757295, 11.3943188 47.2756527, 11.3939674 47.2751155)"
1915,8.0,,10.0,,41.759,,10,,4.0,"LINESTRING (11.3953297 47.2754444, 11.395828 47.2752809)"
1916,6.0,,,,58.665,,5,,3.0000000000000004,"LINESTRING (11.3953297 47.2754444, 11.3954067 47.2755838, 11.3954857 47.2756669, 11.3955851 47.2758535, 11.3956123 47.2758951, 11.3956134 47.2759143, 11.3955971 47.2759268)"
1917,6.0,,10.0,9.0,99.287,,5,,6.000000000000001,"LINESTRING (11.395828 47.2752809, 11.3962816 47.2761191)"
1918,6.0,,10.0,9.0,99.555,,5,,5.0,"LINESTRING (11.395828 47.2752809, 11.3956487 47.2749844, 11.3955129 47.2748318, 11.3952505 47.2746503, 11.3950808 47.2745666)"
1919,8.0,,10.0,,52.314,,10,,4.0,"LINESTRING (11.3915832 47.270727, 11.3922119 47.2705286)"
1920,6.0,,,9.0,202.04,,5,,5.0,"LINESTRING (11.3915832 47.270727, 11.3914436 47.2704474, 11.3912653 47.270128, 11.3909769 47.2697321, 11.3907589 47.269453, 11.3905905 47.2692637, 11.3904409 47.2690895)"
1921,6.0,,,9.0,90.011,,5,,4.0,"LINESTRING (11.3915832 47.270727, 11.3916105 47.2707779, 11.3919655 47.2713425, 11.3920439 47.2714736)"
1922,8.0,9.0,10.0,,89.269,,10,,4.0,"LINESTRING (11.3922119 47.2705286, 11.392833 47.2712119)"
1923,10.0,,10.0,,148.261,,5,,5.0,"LINESTRING (11.3922119 47.2705286, 11.3922223 47.270481, 11.3919033 47.2702053, 11.391697 47.2699845, 11.3915974 47.2698242, 11.3914771 47.2696691, 11.391271 47.2694633, 11.3911853 47.2694156)"
1924,6.0,,,9.0,10.351,,5,,6.000000000000001,"LINESTRING (11.3933829 47.2729621, 11.393314 47.2728816)"
1925,6.0,,,9.0,115.184,,5,,6.000000000000001,"LINESTRING (11.3933829 47.2729621, 11.3939068 47.2735636, 11.3940074 47.2736742, 11.3940234 47.2736945, 11.3941622 47.2738528)"
1926,6.0,,,,92.04999999999998,,5,,7.000000000000001,"LINESTRING (11.3933829 47.2729621, 11.3935521 47.2728746, 11.3935984 47.2728387, 11.3936155 47.272797, 11.3935871 47.2727144, 11.3934423 47.2725379, 11.3931908 47.2722843)"
1927,8.0,,10.0,,36.246,,5,,7.000000000000001,"LINESTRING (11.3931908 47.2722843, 11.3935661 47.2720808)"
1928,8.0,,10.0,,33.216,,5,,7.000000000000001,"LINESTRING (11.3931908 47.2722843, 11.392803 47.2724257)"
1929,6.0,,,,58.02,,5,,7.000000000000001,"LINESTRING (11.3931908 47.2722843, 11.3929939 47.2719563, 11.3929021 47.2718579, 11.3928278 47.2718666)"
1930,6.0,,,,92.05,,5,,7.000000000000001,"LINESTRING (11.3931908 47.2722843, 11.3934423 47.2725379, 11.3935871 47.2727144, 11.3936155 47.272797, 11.3935984 47.2728387, 11.3935521 47.2728746, 11.3933829 47.2729621)"
1931,6.0,,,,58.019999999999996,,5,,7.000000000000001,"LINESTRING (11.3928278 47.2718666, 11.3929021 47.2718579, 11.3929939 47.2719563, 11.3931908 47.2722843)"
1932,8.0,,10.0,,65.606,,5,,5.0,"LINESTRING (11.3928278 47.2718666, 11.3927404 47.2717545, 11.3924214 47.271345)"
1933,8.0,,10.0,,36.236000000000004,,5,,7.000000000000001,"LINESTRING (11.3928278 47.2718666, 11.3926805 47.2719517, 11.3924296 47.272046)"
1934,6.0,,,9.0,90.011,,5,,6.000000000000001,"LINESTRING (11.3920439 47.2714736, 11.3919655 47.2713425, 11.3916105 47.2707779, 11.3915832 47.270727)"
1935,6.0,,,9.0,9.869,,5,,5.0,"LINESTRING (11.3920439 47.2714736, 11.3920743 47.2715207, 11.3920953 47.2715552)"
1936,8.0,,10.0,,33.216,,5,,7.000000000000001,"LINESTRING (11.392803 47.2724257, 11.3931908 47.2722843)"
1937,6.0,,,9.0,51.43600000000001,,5,,7.000000000000001,"LINESTRING (11.392803 47.2724257, 11.3926942 47.2723688, 11.3924296 47.272046)"
1938,6.0,,,9.0,64.469,,5,,6.000000000000001,"LINESTRING (11.392803 47.2724257, 11.3930163 47.2725465, 11.393314 47.2728816)"
1939,6.0,,,,52.137,,5,,5.0,"LINESTRING (11.3964432 47.2624197, 11.3964244 47.2625407, 11.396375 47.2627666, 11.3964123 47.262868, 11.3964174 47.2628819)"
1940,6.0,,,,25.226,,5,,4.0,"LINESTRING (11.3962643 47.2634996, 11.3965956 47.2634693)"
1941,2.0,,10.0,,14.069,,5,,7.000000000000001,"LINESTRING (11.3919072 47.2559907, 11.3918654 47.256114)"
1942,2.0,,10.0,,212.409,9.0,10,,5.0,"LINESTRING (11.3919072 47.2559907, 11.3923062 47.2560362, 11.3947066 47.256181)"
1943,6.0,,,,18.46,,5,,6.000000000000001,"LINESTRING (11.3919072 47.2559907, 11.392088 47.2560744, 11.3921098 47.2560837)"
1944,8.0,,,,56.67,,5,,6.000000000000001,"LINESTRING (11.4211845 47.26292, 11.4218817 47.2631094)"
1945,8.0,,,,55.968,,5,,6.000000000000001,"LINESTRING (11.4211845 47.26292, 11.4204752 47.2627729)"
1946,8.0,,,,105.858,,5,,7.000000000000001,"LINESTRING (11.4211845 47.26292, 11.420531 47.2637624)"
1947,6.0,,,,62.888999999999996,,5,,4.0,"LINESTRING (11.4231086 47.2623531, 11.4229374 47.2625828, 11.4227325 47.2628578)"
1948,6.0,,,,35.824,,5,,4.0,"LINESTRING (11.4122934 47.2662534, 11.4125272 47.265973)"
1949,8.0,,,9.0,67.978,,5,,6.000000000000001,"LINESTRING (11.4178658 47.2697814, 11.4185271 47.2701966)"
1950,8.0,,,9.0,204.428,,5,,7.000000000000001,"LINESTRING (11.4178658 47.2697814, 11.4174438 47.2695429, 11.4172416 47.2694297, 11.4168072 47.2692435, 11.4165169 47.2691634, 11.4162559 47.2691144, 11.4160803 47.269089, 11.4156645 47.2690242, 11.4154757 47.2689943)"
1951,6.0,,,,93.672,,5,,4.0,"LINESTRING (11.4178658 47.2697814, 11.4177054 47.2700072, 11.4174538 47.2701115, 11.4172007 47.2701902, 11.4170335 47.2702035, 11.416922 47.2701575)"
1952,8.0,,,,77.421,,5,,4.0,"LINESTRING (11.4067296 47.2682956, 11.406998 47.2682126, 11.4076544 47.268218, 11.4077167 47.2682185, 11.407729 47.2682194)"
1953,8.0,,,,25.822,,5,,6.000000000000001,"LINESTRING (11.4080693 47.268244, 11.407729 47.2682194)"
1954,8.0,,,,29.610999999999997,,5,,6.000000000000001,"LINESTRING (11.4080693 47.268244, 11.4080599 47.2681695, 11.4080519 47.2680875, 11.408041 47.2679784)"
1955,8.0,,,,48.577999999999996,,5,,6.000000000000001,"LINESTRING (11.4080693 47.268244, 11.4080797 47.2683669, 11.4080924 47.2684868, 11.4081017 47.2685522, 11.4081064 47.2685784, 11.4081141 47.2686006, 11.4081279 47.2686215, 11.4081448 47.2686433, 11.4081725 47.2686681)"
1956,8.0,,,,31.024,,5,,7.000000000000001,"LINESTRING (11.4153944 47.2692678, 11.4154757 47.2689943)"
1957,8.0,,,,80.636,,5,,6.000000000000001,"LINESTRING (11.4153944 47.2692678, 11.4151447 47.2699729)"
1958,6.0,,10.0,,168.38400000000001,,5,,6.000000000000001,"LINESTRING (11.4153944 47.2692678, 11.4142876 47.269112, 11.4141858 47.2691523, 11.4139588 47.2698016)"
1959,5.0,,,,12.902,,5,,6.000000000000001,"LINESTRING (11.3724405 47.2707678, 11.3723888 47.2708784)"
1960,5.0,,,,29.954,,5,,6.000000000000001,"LINESTRING (11.3724405 47.2707678, 11.372832 47.2708125)"
1961,5.0,,,,23.717,,5,,6.000000000000001,"LINESTRING (11.3724405 47.2707678, 11.372466 47.270599, 11.3724993 47.2705617)"
1962,5.0,,,,198.82100000000003,,5,,5.0,"LINESTRING (11.3724993 47.2705617, 11.3724889 47.270517, 11.3724885 47.2704678, 11.3725029 47.270417, 11.3725731 47.2702579, 11.3726516 47.2701, 11.3728156 47.2698598, 11.372869 47.2697286, 11.372883 47.2695231, 11.3728786 47.2693097, 11.3728734 47.2692648, 11.3728702 47.2692523, 11.3728623 47.2692324, 11.3728518 47.269213, 11.3728209 47.2691791, 11.3727926 47.2691512, 11.3727617 47.2691226, 11.3726918 47.2690686, 11.3725828 47.2689825, 11.372569 47.2689681, 11.3725605 47.2689535, 11.3725576 47.2689461, 11.3725571 47.2689347, 11.3725597 47.268923, 11.3725681 47.2688917)"
1963,5.0,,,,158.432,,5,,7.000000000000001,"LINESTRING (11.3724993 47.2705617, 11.3725752 47.2705337, 11.37264 47.2705174, 11.3729642 47.2704579, 11.3731823 47.2704118, 11.3733586 47.2703781, 11.3734119 47.2703599, 11.3735406 47.2702883, 11.3736899 47.2702115, 11.3737538 47.27018, 11.3738361 47.2701563, 11.3739434 47.2701297, 11.3740544 47.2701061, 11.37415 47.2700908, 11.3742482 47.2700824, 11.3744353 47.2700876)"
1964,5.0,,,,23.717,,5,,6.000000000000001,"LINESTRING (11.3724993 47.2705617, 11.372466 47.270599, 11.3724405 47.2707678)"
1965,5.0,,,,158.432,,5,,7.000000000000001,"LINESTRING (11.3744353 47.2700876, 11.3742482 47.2700824, 11.37415 47.2700908, 11.3740544 47.2701061, 11.3739434 47.2701297, 11.3738361 47.2701563, 11.3737538 47.27018, 11.3736899 47.2702115, 11.3735406 47.2702883, 11.3734119 47.2703599, 11.3733586 47.2703781, 11.3731823 47.2704118, 11.3729642 47.2704579, 11.37264 47.2705174, 11.3725752 47.2705337, 11.3724993 47.2705617)"
1966,5.0,,,,73.91499999999999,,5,,7.000000000000001,"LINESTRING (11.3744353 47.2700876, 11.3745357 47.2701481, 11.3746121 47.2702162, 11.3746658 47.2703189, 11.3747408 47.2705982, 11.3748256 47.270674)"
1967,5.0,,,,38.065,,5,,5.0,"LINESTRING (11.3744353 47.2700876, 11.3744268 47.2700031, 11.3746319 47.2697863)"
1968,5.0,,,,99.21600000000001,,5,,7.000000000000001,"LINESTRING (11.3744353 47.2700876, 11.3743306 47.2701394, 11.374274 47.2702162, 11.3740968 47.2702935, 11.3737449 47.2705614, 11.373556 47.2707361)"
1969,5.0,,,,138.084,,5,,6.000000000000001,"LINESTRING (11.3748256 47.270674, 11.374897 47.2706894, 11.3749897 47.2706769, 11.3753433 47.2704216, 11.3757492 47.2701941, 11.376019 47.2700755, 11.3762955 47.270003)"
1970,5.0,,,,73.915,,5,,7.000000000000001,"LINESTRING (11.3748256 47.270674, 11.3747408 47.2705982, 11.3746658 47.2703189, 11.3746121 47.2702162, 11.3745357 47.2701481, 11.3744353 47.2700876)"
1971,5.0,,,,207.97400000000002,,5,,6.000000000000001,"LINESTRING (11.3748256 47.270674, 11.3748398 47.2706989, 11.3749637 47.2707361, 11.3751948 47.2707028, 11.37539 47.2706193, 11.3755057 47.270597, 11.3758452 47.2705918, 11.3761176 47.2705657, 11.376407 47.2705564, 11.3765748 47.2705594, 11.3768972 47.2705875, 11.3769937 47.2706129, 11.377076 47.2706526, 11.3772105 47.2707791, 11.3772891 47.2708757)"
1972,8.0,,,,71.737,,5,,4.0,"LINESTRING (11.3762955 47.270003, 11.37593 47.2697691, 11.3759159 47.2697349, 11.3759144 47.2696438, 11.3757624 47.2694992)"
1973,8.0,,,,215.276,,5,,6.000000000000001,"LINESTRING (11.3762955 47.270003, 11.3764737 47.270013, 11.3770535 47.2701015, 11.3774073 47.2702139, 11.3776614 47.270327, 11.3777962 47.2703678, 11.3789558 47.2706619)"
1974,5.0,,,,138.08399999999997,,5,,6.000000000000001,"LINESTRING (11.3762955 47.270003, 11.376019 47.2700755, 11.3757492 47.2701941, 11.3753433 47.2704216, 11.3749897 47.2706769, 11.374897 47.2706894, 11.3748256 47.270674)"
1975,8.0,,10.0,,8.874,,5,,6.000000000000001,"LINESTRING (11.3855558 47.271806, 11.385491 47.2718726)"
1976,8.0,,10.0,,62.730000000000004,,5,,6.000000000000001,"LINESTRING (11.3855558 47.271806, 11.3850075 47.271857, 11.3847918 47.271738)"
1977,8.0,,10.0,,90.584,,5,,6.000000000000001,"LINESTRING (11.3855558 47.271806, 11.3862372 47.271497, 11.3863403 47.2714502, 11.3863541 47.271444, 11.3864709 47.2713014)"
1978,8.0,,10.0,,113.471,,5,,5.0,"LINESTRING (11.3903405 47.2572977, 11.391844 47.2573055)"
1979,10.0,,10.0,,11.999,,5,,4.0,"LINESTRING (11.3890463 47.2572453, 11.3891741 47.2573095)"
1980,8.0,,10.0,,28.374,,5,,6.000000000000001,"LINESTRING (11.3959977 47.2572691, 11.3962952 47.2572912, 11.396371 47.2572991)"
1981,8.0,,10.0,,40.009,,5,,6.000000000000001,"LINESTRING (11.3959977 47.2572691, 11.3960664 47.2570365, 11.3960962 47.2569156)"
1982,8.0,,10.0,,69.946,,5,,4.0,"LINESTRING (11.3959977 47.2572691, 11.3959803 47.2573266, 11.3958991 47.2576787, 11.3958611 47.2578911)"
1983,6.0,1.0,10.0,7.0,6.262,,5,,6.000000000000001,"LINESTRING (11.397214 47.257455, 11.3972519 47.2574049)"
1984,6.0,1.0,10.0,7.0,83.726,,5,,6.000000000000001,"LINESTRING (11.397214 47.257455, 11.3971219 47.2575886, 11.3970431 47.257731, 11.3969676 47.2579168, 11.3969154 47.2581052, 11.3969018 47.2581735)"
1985,8.0,,10.0,,47.548,,5,,6.000000000000001,"LINESTRING (11.397214 47.257455, 11.3970919 47.2574175, 11.3968769 47.2573633, 11.3966164 47.2573246)"
1986,8.0,,,,169.28599999999997,,5,,4.0,"LINESTRING (11.38738 47.2740433, 11.3875893 47.2739706, 11.3878191 47.2738265, 11.3879706 47.2736787, 11.3880998 47.2734885, 11.388204 47.2732986, 11.3882413 47.2732776, 11.3882847 47.2732741, 11.3884221 47.273288, 11.3885836 47.2732686, 11.3887216 47.2732645, 11.3888246 47.273272, 11.3889271 47.2732969, 11.389003 47.2732867)"
1987,5.0,,,,98.73500000000001,,5,,9.0,"LINESTRING (11.3880252 47.2758312, 11.3878435 47.2759749, 11.3874933 47.2760542, 11.3873357 47.2761565, 11.3872267 47.2761841, 11.387101 47.2761837, 11.3869241 47.2761199)"
1988,5.0,,,,83.025,,5,,8.0,"LINESTRING (11.3880252 47.2758312, 11.3880833 47.2758167, 11.3886257 47.2755527, 11.3889373 47.275416)"
1989,6.0,,,,81.64299999999999,,5,,8.0,"LINESTRING (11.3880252 47.2758312, 11.3880122 47.2757636, 11.3880084 47.2757443, 11.3879985 47.2757322, 11.3879832 47.2757217, 11.387955 47.2757088, 11.387926 47.2756963, 11.3879003 47.2756825, 11.3878824 47.275671, 11.3878706 47.2756605, 11.3877338 47.2754999, 11.3877029 47.2754475, 11.3876849 47.2753994, 11.3876857 47.2753767, 11.3876908 47.2753546, 11.387702 47.2753347, 11.3877218 47.2753155, 11.3877464 47.2753004, 11.3879023 47.2752539)"
1990,6.0,,,,111.352,,5,,9.0,"LINESTRING (11.3880252 47.2758312, 11.3879346 47.2757975, 11.3878884 47.2757761, 11.3878347 47.2757508, 11.3877859 47.2757238, 11.387741 47.2756952, 11.3877067 47.2756675, 11.3876749 47.2756373, 11.3876394 47.2756005, 11.38762 47.2755775, 11.3874617 47.2753873, 11.3874175 47.2753381, 11.3873627 47.2752851, 11.3870985 47.2750701)"
1991,6.0,,,,192.58599999999998,,5,,8.0,"LINESTRING (11.3880252 47.2758312, 11.3882396 47.2759087, 11.3883419 47.2759471, 11.3884395 47.2759863, 11.3885061 47.2760153, 11.3885679 47.2760452, 11.3886389 47.2760892, 11.3888479 47.2762316, 11.3890443 47.2763681, 11.3891012 47.2764058, 11.389171 47.2764585, 11.3892083 47.2764881, 11.3892396 47.2765144, 11.3892777 47.2765486, 11.3893112 47.2765819, 11.3893376 47.2766162, 11.3893915 47.2766992, 11.3894895 47.2768416, 11.389535 47.2768923, 11.3895741 47.2769197, 11.3896339 47.2769435, 11.3896827 47.2769517, 11.3897315 47.2769504, 11.3897845 47.276945, 11.3898245 47.2769257)"
1992,5.0,,,,171.489,,5,,5.0,"LINESTRING (11.3884117 47.2780421, 11.3885789 47.2780316, 11.3889437 47.2778642, 11.3891083 47.2775656, 11.3894087 47.2773618, 11.3898445 47.2770509, 11.389897 47.2769645)"
1993,6.0,,,,147.49599999999998,,5,,5.0,"LINESTRING (11.3884117 47.2780421, 11.3884528 47.2775259, 11.3884823 47.2774548, 11.3882808 47.2772307, 11.38792 47.2768258)"
1994,2.0,,10.0,,37.687,,5,,6.000000000000001,"LINESTRING (11.3884593 47.256587, 11.3887407 47.2565001, 11.3889178 47.256453)"
1995,2.0,,10.0,,49.054,5.0,5,,5.0,"LINESTRING (11.3884593 47.256587, 11.3882068 47.2566649, 11.3878676 47.2567696)"
1996,6.0,,,,25.418,,5,,6.000000000000001,"LINESTRING (11.3884593 47.256587, 11.3885037 47.2565011, 11.3884821 47.2564119, 11.3884644 47.2563663)"
1997,6.0,,,9.0,30.521,10.0,10,,4.0,"LINESTRING (11.4298525 47.2614125, 11.429802 47.2615086, 11.4297459 47.2616153, 11.429681 47.2616548)"
1998,8.0,,10.0,9.0,93.515,,5,,5.0,"LINESTRING (11.4298525 47.2614125, 11.4295211 47.2613072, 11.4293549 47.261265, 11.42913 47.2612111, 11.4290312 47.2611921, 11.4286806 47.2611559)"
1999,8.0,,10.0,9.0,21.528,9.0,5,,4.0,"LINESTRING (11.4298525 47.2614125, 11.4299152 47.26143, 11.4300611 47.2614686, 11.4301166 47.2614856)"
2000,2.0,,,7.0,54.864000000000004,9.0,5,,4.0,"LINESTRING (11.4274258 47.2623981, 11.4274936 47.2624473, 11.4275472 47.2624875, 11.4275975 47.2625271, 11.4276385 47.2625662, 11.4276678 47.2626019, 11.4276893 47.2626442, 11.4277008 47.2626739, 11.4277065 47.2627082, 11.4277009 47.2627501, 11.4276918 47.2627895, 11.4276785 47.2628272)"
2001,2.0,,,7.0,35.775,9.0,10,,3.0000000000000004,"LINESTRING (11.4274258 47.2623981, 11.4271701 47.2622817, 11.4270953 47.2622571, 11.4270205 47.2622326)"
2002,6.0,,,,35.733,10.0,10,,2.0,"LINESTRING (11.427288 47.2630218, 11.4277243 47.2631467)"
2003,2.0,,,7.0,37.620000000000005,10.0,10,,3.0000000000000004,"LINESTRING (11.427288 47.2630218, 11.427352 47.2630128, 11.4274123 47.2629974, 11.4274652 47.2629783, 11.4275037 47.2629567, 11.4275386 47.2629319, 11.4275664 47.2629091, 11.4276785 47.2628272)"
2004,2.0,,,7.0,36.229,10.0,10,,3.0000000000000004,"LINESTRING (11.4276785 47.2628272, 11.4276703 47.2629652, 11.4276679 47.2629905, 11.4276699 47.2630157, 11.4276726 47.2630397, 11.4276783 47.2630593, 11.4276833 47.2630764, 11.4277012 47.2631103, 11.4277243 47.2631467)"
2005,2.0,,,7.0,54.864000000000004,9.0,5,,4.0,"LINESTRING (11.4276785 47.2628272, 11.4276918 47.2627895, 11.4277009 47.2627501, 11.4277065 47.2627082, 11.4277008 47.2626739, 11.4276893 47.2626442, 11.4276678 47.2626019, 11.4276385 47.2625662, 11.4275975 47.2625271, 11.4275472 47.2624875, 11.4274936 47.2624473, 11.4274258 47.2623981)"
2006,6.0,,,9.0,63.797,,10,,3.0000000000000004,"LINESTRING (11.4293258 47.2630181, 11.4294974 47.2624563)"
2007,6.0,,10.0,9.0,13.463,9.0,5,,4.0,"LINESTRING (11.4293258 47.2630181, 11.4291474 47.2630166)"
2008,6.0,,10.0,9.0,13.652,9.0,5,,5.0,"LINESTRING (11.4293258 47.2630181, 11.4295065 47.2630241)"
2009,6.0,,10.0,9.0,22.675,9.0,5,,6.000000000000001,"LINESTRING (11.4301846 47.2630837, 11.4298879 47.2630514)"
2010,6.0,,10.0,9.0,14.144,9.0,5,,6.000000000000001,"LINESTRING (11.4301846 47.2630837, 11.4302701 47.2630716, 11.4303681 47.2630578)"
2011,6.0,,10.0,9.0,48.858000000000004,,10,,6.000000000000001,"LINESTRING (11.4301846 47.2630837, 11.4301058 47.263478, 11.4300976 47.2635191)"
2012,6.0,,,,54.015,,5,,7.000000000000001,"LINESTRING (11.4301846 47.2630837, 11.4300762 47.2631204, 11.4299268 47.2631537, 11.4294954 47.2631046)"
2013,6.0,,,9.0,132.15300000000002,,10,,3.0000000000000004,"LINESTRING (11.4310745 47.2635554, 11.4313705 47.2635893, 11.431689 47.2635999, 11.4318417 47.2635911, 11.4319711 47.2635629, 11.4324157 47.2632716, 11.4324956 47.2631982, 11.432518 47.2631711, 11.4325166 47.2631407)"
2014,6.0,,,9.0,104.12100000000001,,10,,4.0,"LINESTRING (11.4289862 47.2620743, 11.4289822 47.2620415, 11.4289711 47.2620336, 11.4282045 47.2614883, 11.4281952 47.2614742, 11.4281943 47.2614566, 11.4282044 47.2614265, 11.4282604 47.2613619)"
2015,6.0,,,9.0,76.31800000000001,,5,,5.0,"LINESTRING (11.4289862 47.2620743, 11.4289297 47.2620866, 11.428874 47.2620879, 11.4287399 47.2620792, 11.4286891 47.262077, 11.4286417 47.262076, 11.4285804 47.2620796, 11.4285244 47.2620849, 11.4284683 47.2620937, 11.428418 47.2621025, 11.4283684 47.2621124, 11.4283153 47.2621243, 11.4281491 47.2621704, 11.4280813 47.2621892, 11.4280112 47.2622077)"
2016,6.0,,,9.0,76.831,,10,,3.0000000000000004,"LINESTRING (11.4303681 47.2630578, 11.4304671 47.2631276, 11.4310745 47.2635554)"
2017,6.0,,10.0,9.0,14.144,9.0,5,,6.000000000000001,"LINESTRING (11.4303681 47.2630578, 11.4302701 47.2630716, 11.4301846 47.2630837)"
2018,6.0,,,9.0,7.193,,5,,3.0000000000000004,"LINESTRING (11.4323851 47.2631609, 11.4323491 47.2632208)"
2019,6.0,,,9.0,10.358,,10,,3.0000000000000004,"LINESTRING (11.4323851 47.2631609, 11.4324278 47.2631458, 11.4325166 47.2631407)"
2020,7.0,,4.0,,3.665,,5,10.0,5.0,"LINESTRING (11.3937087 47.2696169, 11.3936983 47.2695847)"
2021,8.0,,10.0,,27.118,,5,,5.0,"LINESTRING (11.3971307 47.2615112, 11.3972268 47.2612762)"
2022,8.0,,10.0,,80.644,,10,,4.0,"LINESTRING (11.3971307 47.2615112, 11.3971972 47.2615206, 11.397522 47.2615666, 11.3980794 47.2616418, 11.3981781 47.2616551)"
2023,8.0,,10.0,,44.498,,5,,5.0,"LINESTRING (11.3974414 47.2607515, 11.3972837 47.2611371)"
2024,8.0,,10.0,9.0,14.286,,10,,4.0,"LINESTRING (11.3974414 47.2607515, 11.3973464 47.2607297, 11.3972623 47.2607099)"
2025,8.0,,10.0,9.0,42.385,,10,,4.0,"LINESTRING (11.3972623 47.2607099, 11.3967318 47.2605847)"
2026,8.0,,10.0,,104.794,,5,,5.0,"LINESTRING (11.3972623 47.2607099, 11.397408 47.2604212, 11.3978409 47.2601069, 11.3979509 47.2599138)"
2027,8.0,,10.0,,86.253,,10,,5.0,"LINESTRING (11.3979509 47.2599138, 11.3983216 47.2599722, 11.399059 47.2601036)"
2028,8.0,,10.0,,104.79400000000001,,5,,5.0,"LINESTRING (11.3979509 47.2599138, 11.3978409 47.2601069, 11.397408 47.2604212, 11.3972623 47.2607099)"
2029,6.0,,,,106.68900000000002,,5,,6.000000000000001,"LINESTRING (11.3979509 47.2599138, 11.3980512 47.2598387, 11.3982622 47.2597192, 11.3984145 47.2593002, 11.3984105 47.2591544, 11.3984077 47.2590602)"
2030,10.0,,10.0,,16.183,,5,,7.000000000000001,"LINESTRING (11.392944 47.2699144, 11.3931386 47.2699756)"
2031,10.0,,10.0,,257.278,,5,,6.000000000000001,"LINESTRING (11.392944 47.2699144, 11.3931047 47.2700953, 11.3939061 47.270997, 11.3941447 47.2711391, 11.3944036 47.2712117, 11.3946525 47.2713392, 11.3948052 47.2713651, 11.3950056 47.2713586, 11.3952132 47.2713326, 11.3952775 47.271348)"
2032,10.0,,10.0,,202.839,,5,,6.000000000000001,"LINESTRING (11.392944 47.2699144, 11.3915792 47.2684405, 11.3915138 47.2683698)"
2033,6.0,,,9.0,54.573,,10,,4.0,"LINESTRING (11.3880701 47.2714269, 11.3887666 47.2715593)"
2034,6.0,,,,87.41799999999999,,5,,3.0000000000000004,"LINESTRING (11.3880701 47.2714269, 11.3882155 47.2711591, 11.3884004 47.270933, 11.3886174 47.2707407)"
2035,5.0,,,,38.065,,5,,5.0,"LINESTRING (11.3746319 47.2697863, 11.3744268 47.2700031, 11.3744353 47.2700876)"
2036,6.0,,,,111.442,,5,,6.000000000000001,"LINESTRING (11.38208 47.2729085, 11.3817539 47.2731078, 11.3815367 47.2732235, 11.3813871 47.273384, 11.3812159 47.2734493, 11.3809458 47.2735127)"
2037,5.0,,,,96.06299999999999,,5,,6.000000000000001,"LINESTRING (11.3774605 47.2738464, 11.3779801 47.2734698, 11.3780402 47.2733184, 11.378141 47.2731398)"
2038,6.0,,,,214.601,,5,,6.000000000000001,"LINESTRING (11.3774605 47.2738464, 11.3778462 47.2736862, 11.3781669 47.273652, 11.3783118 47.2735824, 11.3785103 47.2733759, 11.378954 47.2732219, 11.3789935 47.2732025, 11.3789885 47.2731795, 11.3789269 47.2731566, 11.3788246 47.2731629, 11.3785466 47.2732136, 11.3783323 47.2732491, 11.3782033 47.2732126, 11.378141 47.2731398)"
2039,5.0,,,,118.786,,5,,5.0,"LINESTRING (11.3774605 47.2738464, 11.377242 47.2739124, 11.3769845 47.2740871, 11.3767613 47.2740951, 11.3760672 47.2739066)"
2040,5.0,,,,81.312,,5,,5.0,"LINESTRING (11.3760672 47.2739066, 11.3760422 47.2736511, 11.3755612 47.2733057)"
2041,5.0,,,,118.786,,5,,5.0,"LINESTRING (11.3760672 47.2739066, 11.3767613 47.2740951, 11.3769845 47.2740871, 11.377242 47.2739124, 11.3774605 47.2738464)"
2042,6.0,,10.0,,7.359,,5,,4.0,"LINESTRING (11.3715367 47.2636285, 11.3714931 47.2636877)"
2043,6.0,,10.0,,37.837,10.0,5,,7.000000000000001,"LINESTRING (11.3715367 47.2636285, 11.3711855 47.2635157, 11.3710811 47.2634866)"
2044,6.0,,10.0,,78.358,10.0,5,,6.000000000000001,"LINESTRING (11.3715367 47.2636285, 11.3716139 47.2636265, 11.3717359 47.2636268, 11.3718668 47.2636785, 11.3725001 47.2638604)"
2045,8.0,,10.0,,141.006,,5,,7.000000000000001,"LINESTRING (11.371622 47.2602648, 11.3723029 47.2590839)"
2046,8.0,,7.0,,65.074,,5,,7.000000000000001,"LINESTRING (11.371622 47.2602648, 11.3708193 47.260051)"
2047,8.0,,10.0,,210.00099999999998,,5,,6.000000000000001,"LINESTRING (11.371622 47.2602648, 11.3714411 47.2605688, 11.3709085 47.2614733, 11.3706604 47.2618929, 11.370587 47.2620179)"
2048,8.0,,,9.0,40.997,,5,,6.000000000000001,"LINESTRING (11.3741331 47.2555027, 11.3738192 47.2552018)"
2049,8.0,,,9.0,48.759,,5,,6.000000000000001,"LINESTRING (11.3741331 47.2555027, 11.3745068 47.2558604)"
2050,6.0,,,,26.805000000000003,,5,,4.0,"LINESTRING (11.3741331 47.2555027, 11.3740866 47.2555471, 11.3740644 47.2555783, 11.374041 47.255638, 11.374024 47.2556839, 11.3740217 47.2557061, 11.3740318 47.2557255)"
2051,2.0,,10.0,,100.447,,10,,5.0,"LINESTRING (11.3756708 47.2624516, 11.3756268 47.2625375, 11.375544 47.2626828, 11.3752908 47.2631602, 11.3752175 47.2633009)"
2052,6.0,,,,52.889,,5,,3.0000000000000004,"LINESTRING (11.3756708 47.2624516, 11.3757292 47.2624664, 11.3763275 47.2626178)"
2053,10.0,,10.0,,45.364999999999995,,10,,4.0,"LINESTRING (11.3901216 47.268589, 11.3901569 47.2686772, 11.3902646 47.2687859, 11.3903627 47.2688558, 11.390491 47.2688746)"
2054,10.0,,10.0,,122.112,,5,,5.0,"LINESTRING (11.3901216 47.268589, 11.3903958 47.2687844, 11.3908248 47.2691059, 11.3911853 47.2694156)"
2055,10.0,,10.0,,204.374,,5,,5.0,"LINESTRING (11.3901216 47.268589, 11.389979 47.2684816, 11.388803 47.2678689, 11.3886919 47.2678663, 11.388584 47.2678232, 11.3882709 47.2676575, 11.3881125 47.2675733, 11.3879776 47.2674942)"
2056,6.0,,,,60.569,,5,,4.0,"LINESTRING (11.382649 47.2685548, 11.3830221 47.2680725)"
2057,6.0,,10.0,,28.741999999999997,9.0,5,,7.000000000000001,"LINESTRING (11.382649 47.2685548, 11.3826823 47.2686478, 11.3827101 47.2687477, 11.3827176 47.2688086)"
2058,6.0,,10.0,,89.12899999999999,9.0,5,,6.000000000000001,"LINESTRING (11.382649 47.2685548, 11.3825768 47.2684381, 11.3824927 47.26834, 11.3824045 47.2682582, 11.3822588 47.2681618, 11.3820905 47.2680815, 11.3818567 47.2679914)"
2059,6.0,,,,69.539,,5,,4.0,"LINESTRING (11.380596 47.2697586, 11.3810021 47.2691972)"
2060,6.0,,,,81.87100000000001,,5,,6.000000000000001,"LINESTRING (11.380596 47.2697586, 11.3801287 47.2695858, 11.3796209 47.2694374)"
2061,6.0,,,9.0,102.54200000000002,,5,,6.000000000000001,"LINESTRING (11.380596 47.2697586, 11.3810389 47.269932, 11.381444 47.2700875, 11.3815636 47.2701373, 11.3817677 47.2702255)"
2062,6.0,,,,25.994,,5,,6.000000000000001,"LINESTRING (11.3744016 47.2684971, 11.3747424 47.2685313)"
2063,6.0,,,,101.523,,5,,6.000000000000001,"LINESTRING (11.3744016 47.2684971, 11.3737334 47.2684653, 11.3732779 47.2684108, 11.373068 47.2683857)"
2064,6.0,,,,37.789,,5,,4.0,"LINESTRING (11.3744016 47.2684971, 11.3743186 47.2687258, 11.3742706 47.2688249)"
2065,8.0,,10.0,,30.45,10.0,10,,4.0,"LINESTRING (11.3773085 47.2668357, 11.3776711 47.2669559)"
2066,5.0,,,,35.342,,5,,3.0000000000000004,"LINESTRING (11.3773085 47.2668357, 11.3772212 47.2668657, 11.3771257 47.2670417, 11.3770361 47.2670221)"
2067,5.0,,,,22.647,,5,1.0,7.000000000000001,"LINESTRING (11.3770903 47.2710283, 11.3772891 47.2708757)"
2068,5.0,,,,59.922,,5,1.0,7.000000000000001,"LINESTRING (11.3770903 47.2710283, 11.3769206 47.2710506, 11.3767897 47.2711342, 11.3763557 47.2711895)"
2069,8.0,,,,90.619,,5,,7.000000000000001,"LINESTRING (11.3770903 47.2710283, 11.3769406 47.2709689, 11.3765416 47.2709578, 11.376154 47.2710034, 11.3759224 47.2710301)"
2070,8.0,,,,137.55999999999997,,5,,7.000000000000001,"LINESTRING (11.3770903 47.2710283, 11.3771593 47.2711422, 11.3771875 47.2713273, 11.3771909 47.2713493, 11.3772214 47.2715003, 11.3772808 47.2715758, 11.3773853 47.271651, 11.3776149 47.271716, 11.3779195 47.2718459, 11.3779704 47.2718627, 11.378129 47.2718974)"
2071,8.0,,,,37.344,,5,,6.000000000000001,"LINESTRING (11.379813 47.272346, 11.3795546 47.2723335, 11.3794284 47.2723073, 11.3793449 47.2722653)"
2072,8.0,,,,114.801,,5,,6.000000000000001,"LINESTRING (11.379813 47.272346, 11.3800345 47.2723949, 11.3805548 47.2725573, 11.3807982 47.2725928, 11.3809662 47.2725678, 11.3812365 47.2724876)"
2073,6.0,,,,43.253,,5,,4.0,"LINESTRING (11.379813 47.272346, 11.379985 47.2724861, 11.3802113 47.2726244)"
2074,8.0,,,,64.715,,5,,6.000000000000001,"LINESTRING (11.3806346 47.2750179, 11.380737 47.2750827, 11.3808114 47.2752079, 11.3808249 47.2753379, 11.3807873 47.2755581)"
2075,8.0,,,9.0,208.763,,5,,6.000000000000001,"LINESTRING (11.3806346 47.2750179, 11.3805776 47.2751812, 11.3805145 47.2754168, 11.3803216 47.2757104, 11.3800963 47.2758881, 11.3797539 47.2761252, 11.3796581 47.2762287, 11.379626 47.2763118, 11.379637 47.2763678, 11.3797597 47.2765107, 11.3798135 47.2765859, 11.3798128 47.2766547)"
2076,8.0,,,9.0,58.999,,5,,6.000000000000001,"LINESTRING (11.3806346 47.2750179, 11.3805786 47.2746741, 11.3806131 47.2744909)"
2077,2.0,,10.0,7.0,10.343,5.0,5,,6.000000000000001,"LINESTRING (11.4072891 47.2812181, 11.4072212 47.2812329, 11.407158 47.2812453)"
2078,2.0,,10.0,,252.12200000000004,5.0,5,,6.000000000000001,"LINESTRING (11.4072891 47.2812181, 11.4074222 47.2811869, 11.4076135 47.2811396, 11.4078787 47.2810711, 11.4082027 47.2809872, 11.4085241 47.2809033, 11.4094248 47.2806762, 11.409741 47.2805958, 11.4104271 47.2804384)"
2079,6.0,,,,10.995,,5,,6.000000000000001,"LINESTRING (11.3712307 47.2581866, 11.3712465 47.2582849)"
2080,6.0,,10.0,,17.009,,5,,5.0,"LINESTRING (11.3712307 47.2581866, 11.3710152 47.2581418)"
2081,6.0,,10.0,,12.39,,5,,6.000000000000001,"LINESTRING (11.3712307 47.2581866, 11.3713891 47.2582159)"
2082,8.0,,10.0,,55.504,,5,,6.000000000000001,"LINESTRING (11.4129963 47.2836511, 11.4134806 47.2840269)"
2083,6.0,,,,16.05,,5,,4.0,"LINESTRING (11.4129963 47.2836511, 11.4128794 47.2837717)"
2084,8.0,,10.0,,38.314,,5,,7.000000000000001,"LINESTRING (11.4129963 47.2836511, 11.4128623 47.283571, 11.4128198 47.2835306, 11.4127932 47.2834853, 11.4127564 47.2833628)"
2085,8.0,,,,31.859,,5,,6.000000000000001,"LINESTRING (11.4131031 47.2818475, 11.4133102 47.2820972)"
2086,8.0,,,,250.31300000000002,,5,,6.000000000000001,"LINESTRING (11.4131031 47.2818475, 11.4128853 47.2817497, 11.4127355 47.2815905, 11.4126761 47.281295, 11.412633 47.2812378, 11.4125127 47.2811923, 11.4119373 47.281047, 11.4116424 47.280965, 11.4114325 47.2809722, 11.4106795 47.2805641)"
2087,8.0,,,,251.473,,5,,6.000000000000001,"LINESTRING (11.4131031 47.2818475, 11.4130833 47.2816806, 11.4132338 47.2811105, 11.4138728 47.2800884, 11.414006 47.2798937, 11.4139958 47.2798015, 11.4139668 47.2797059)"
2088,6.0,,,7.0,135.424,,5,,4.0,"LINESTRING (11.4109843 47.2811835, 11.4112279 47.2814018, 11.4112315 47.2815079, 11.4111306 47.2815964, 11.4110761 47.2816442, 11.4109663 47.2816961, 11.4102711 47.2820248)"
2089,10.0,,,,46.227000000000004,,5,,4.0,"LINESTRING (11.411267 47.2587909, 11.4113307 47.2588954, 11.411359 47.2589443, 11.4113652 47.258995, 11.4113451 47.2590425, 11.4112685 47.259183)"
2090,8.0,,10.0,7.0,134.732,,5,,7.000000000000001,"LINESTRING (11.4112685 47.259183, 11.4112259 47.2593617, 11.4106821 47.260324)"
2091,10.0,,,,46.227000000000004,,5,,4.0,"LINESTRING (11.4112685 47.259183, 11.4113451 47.2590425, 11.4113652 47.258995, 11.411359 47.2589443, 11.4113307 47.2588954, 11.411267 47.2587909)"
2092,6.0,,,,29.113,,5,,4.0,"LINESTRING (11.4112685 47.259183, 11.4113402 47.2591789, 11.4115049 47.2589976)"
2093,10.0,,,,18.091,,5,,6.000000000000001,"LINESTRING (11.4121522 47.2570541, 11.4119125 47.2570557)"
2094,10.0,,,,16.785,,5,,6.000000000000001,"LINESTRING (11.4121522 47.2570541, 11.4123746 47.2570524)"
2095,5.0,,10.0,,9.157,5.0,10,,5.0,"LINESTRING (11.4121522 47.2570541, 11.4122039 47.2569796)"
2096,8.0,,10.0,,92.81,,5,,5.0,"LINESTRING (11.4000086 47.2572665, 11.400002 47.2572829, 11.3998811 47.2575834, 11.3997915 47.2580859)"
2097,10.0,,,,20.335,,5,,7.000000000000001,"LINESTRING (11.4028651 47.2662272, 11.4026386 47.2663263)"
2098,10.0,,10.0,,143.969,,5,,7.000000000000001,"LINESTRING (11.4028651 47.2662272, 11.4029934 47.2663838, 11.4031733 47.2664705, 11.4032138 47.26649, 11.4032461 47.266495, 11.4035997 47.2664708, 11.4036272 47.2664725, 11.4036852 47.2665028, 11.4037307 47.266781, 11.4038218 47.2668769, 11.4039367 47.2669478, 11.4040755 47.2669834)"
2099,10.0,,,,18.555,,5,,7.000000000000001,"LINESTRING (11.4028651 47.2662272, 11.4028123 47.2661805, 11.4026644 47.2661406)"
2100,10.0,,10.0,,35.539,,5,,6.000000000000001,"LINESTRING (11.4040755 47.2669834, 11.4042664 47.2669807, 11.4045425 47.2669489)"
2101,10.0,,10.0,,143.969,,5,,6.000000000000001,"LINESTRING (11.4040755 47.2669834, 11.4039367 47.2669478, 11.4038218 47.2668769, 11.4037307 47.266781, 11.4036852 47.2665028, 11.4036272 47.2664725, 11.4035997 47.2664708, 11.4032461 47.266495, 11.4032138 47.26649, 11.4031733 47.2664705, 11.4029934 47.2663838, 11.4028651 47.2662272)"
2102,10.0,,10.0,,24.645000000000003,,5,,5.0,"LINESTRING (11.4040755 47.2669834, 11.4038703 47.2670334, 11.4037915 47.2670841)"
2103,10.0,,10.0,,38.185,,5,,7.000000000000001,"LINESTRING (11.4061325 47.2671686, 11.4061079 47.2668256)"
2104,10.0,,10.0,,70.547,,5,,6.000000000000001,"LINESTRING (11.4061325 47.2671686, 11.4069935 47.2674159)"
2105,10.0,,10.0,,640.3129999999999,,5,,7.000000000000001,"LINESTRING (11.4061325 47.2671686, 11.4061944 47.2673634, 11.4062712 47.2674675, 11.4062824 47.2675494, 11.4062149 47.2677164, 11.4062592 47.2679188, 11.4064631 47.2682828, 11.4072126 47.2689544, 11.4075942 47.2692533, 11.4076766 47.2692989, 11.4077354 47.2693286, 11.4080884 47.2696103, 11.4081684 47.26969, 11.4082531 47.2697443, 11.4086012 47.2701569, 11.4087937 47.2705784, 11.4087971 47.2709241, 11.4087409 47.2712689, 11.4087393 47.2714491, 11.4088531 47.2716638, 11.4089499 47.2717871, 11.4091856 47.2719907, 11.4095171 47.2721436)"
2106,2.0,,10.0,7.0,55.536,9.0,10,,4.0,"LINESTRING (11.3835093 47.2572484, 11.3842328 47.2571572)"
2107,8.0,,,,19.397,,5,,5.0,"LINESTRING (11.4106795 47.2805641, 11.4106062 47.2803969)"
2108,8.0,,10.0,,138.456,,10,,4.0,"LINESTRING (11.4106795 47.2805641, 11.4102821 47.2807166, 11.4096805 47.2808783, 11.4092354 47.2809763, 11.4089794 47.2810195)"
2109,8.0,,,,250.313,,5,,5.0,"LINESTRING (11.4106795 47.2805641, 11.4114325 47.2809722, 11.4116424 47.280965, 11.4119373 47.281047, 11.4125127 47.2811923, 11.412633 47.2812378, 11.4126761 47.281295, 11.4127355 47.2815905, 11.4128853 47.2817497, 11.4131031 47.2818475)"
2110,2.0,8.0,10.0,7.0,151.974,,5,,5.0,"LINESTRING (11.40526 47.2808675, 11.4051779 47.2807317, 11.4045756 47.2798743, 11.4044031 47.2796308)"
2111,5.0,,,,414.678,,5,,6.000000000000001,"LINESTRING (11.40526 47.2808675, 11.4053893 47.2808486, 11.4054642 47.2809114, 11.4056868 47.281015, 11.4058867 47.2810651, 11.4061076 47.2811214, 11.4063436 47.2811753, 11.4066488 47.2812014, 11.406911 47.2811994, 11.4073278 47.2811291, 11.4079684 47.2809361, 11.4086657 47.2807774, 11.408964 47.2806481, 11.4103826 47.2803434)"
2112,2.0,,10.0,7.0,27.299,3.0,5,,7.000000000000001,"LINESTRING (11.40526 47.2808675, 11.4052898 47.2809257, 11.4053098 47.2809544, 11.405333 47.2809816, 11.4053651 47.2810117, 11.4054094 47.2810402, 11.4054605 47.2810642)"
2113,6.0,9.0,10.0,7.0,47.351,,5,,6.000000000000001,"LINESTRING (11.4122701 47.2673002, 11.4120808 47.2677062)"
2114,6.0,,,,67.35900000000001,,5,,6.000000000000001,"LINESTRING (11.4122701 47.2673002, 11.4122312 47.2673058, 11.4120259 47.2673352, 11.4118983 47.2675797, 11.412057 47.2676897, 11.4120808 47.2677062)"
2115,6.0,9.0,10.0,7.0,29.387999999999998,,5,,7.000000000000001,"LINESTRING (11.4122701 47.2673002, 11.412275 47.2671722, 11.4122803 47.267036)"
2116,5.0,,,,12.902,,5,,6.000000000000001,"LINESTRING (11.3723888 47.2708784, 11.3724405 47.2707678)"
2117,5.0,,,,35.168,,5,,6.000000000000001,"LINESTRING (11.3723888 47.2708784, 11.3726377 47.2708784, 11.372832 47.2708125)"
2118,5.0,,,,636.7390000000001,,5,,6.000000000000001,"LINESTRING (11.3723888 47.2708784, 11.3721362 47.2710251, 11.3719806 47.2709814, 11.3717768 47.2710688, 11.3717338 47.2709232, 11.3714817 47.2709123, 11.3716051 47.2710906, 11.3714817 47.2711853, 11.3712403 47.2710652, 11.3711974 47.2713236, 11.3714978 47.2713309, 11.371648 47.2714401, 11.3718626 47.2717786, 11.3721576 47.2719496, 11.3726512 47.2721389, 11.3731661 47.27231, 11.3733163 47.2724155, 11.3736436 47.2728086, 11.3739708 47.2729215, 11.3742015 47.2729397, 11.3745072 47.272754, 11.3747111 47.273038, 11.3749833 47.2730817, 11.3751081 47.2729943, 11.3752583 47.2730416, 11.3755612 47.2733057)"
2119,2.0,,,7.0,65.838,10.0,10,,3.0000000000000004,"LINESTRING (11.4271167 47.2635999, 11.4271797 47.2634847, 11.4271912 47.263368, 11.4271455 47.2632582, 11.4270115 47.2631493, 11.4269136 47.2630796)"
2120,8.0,,,,40.095,,10,,4.0,"LINESTRING (11.4053356 47.2717825, 11.405717 47.2715314)"
2121,8.0,,,,7.875,,5,,4.0,"LINESTRING (11.4053356 47.2717825, 11.4054074 47.2718339)"
2122,8.0,,,,57.05200000000001,,5,,5.0,"LINESTRING (11.4053356 47.2717825, 11.404985 47.2715417, 11.4047833 47.2714333)"
2123,8.0,,10.0,,141.572,,5,,5.0,"LINESTRING (11.4061938 47.2712173, 11.4046571 47.2704867)"
2124,8.0,,10.0,9.0,50.14,,5,,5.0,"LINESTRING (11.4061938 47.2712173, 11.405717 47.2715314)"
2125,8.0,,10.0,9.0,6.682,,5,,5.0,"LINESTRING (11.4061938 47.2712173, 11.4062661 47.2711826)"
2126,8.0,,,,37.71,,10,,3.0000000000000004,"LINESTRING (11.407163 47.2661353, 11.4071896 47.2662099, 11.4072639 47.2662708, 11.407515 47.2663384)"
2127,10.0,,,,45.176,,5,,3.0000000000000004,"LINESTRING (11.407163 47.2661353, 11.4068075 47.2660801, 11.4067356 47.2660678, 11.4065789 47.2660463)"
2128,6.0,,,,10.986,,10,,5.0,"LINESTRING (11.4256902 47.2654335, 11.425624 47.2653455)"
2129,5.0,,,7.0,21.268,,5,,4.0,"LINESTRING (11.4256902 47.2654335, 11.4255064 47.2655785)"
2130,5.0,,,7.0,7.625,,5,,5.0,"LINESTRING (11.4256902 47.2654335, 11.4257523 47.2653794)"
2131,6.0,,,,16.554,,10,,5.0,"LINESTRING (11.4219122 47.2675862, 11.4221029 47.2675126)"
2132,10.0,,,,75.845,,10,,3.0000000000000004,"LINESTRING (11.4219122 47.2675862, 11.4218202 47.267497, 11.4210652 47.2672399)"
2133,8.0,,,,165.53,,5,,3.0000000000000004,"LINESTRING (11.4216985 47.2703774, 11.4231946 47.2692886)"
2134,8.0,,,,49.92,,10,,4.0,"LINESTRING (11.4216985 47.2703774, 11.421731 47.2704024, 11.4221358 47.2707143)"
2135,8.0,,,,13.36,,5,,4.0,"LINESTRING (11.4256163 47.2692253, 11.4254959 47.2693134)"
2136,8.0,,,,58.165,10.0,10,,5.0,"LINESTRING (11.4256163 47.2692253, 11.4256347 47.2691424, 11.4256296 47.2689747, 11.4255414 47.2688138, 11.4254679 47.2687273)"
2137,8.0,,,,37.469,,5,,5.0,"LINESTRING (11.4256163 47.2692253, 11.425866 47.2690671, 11.4259761 47.2689931)"
2138,5.0,,6.0,,211.454,,5,,7.000000000000001,"LINESTRING (11.4199192 47.2550149, 11.4187985 47.2567578)"
2139,5.0,,,,938.5470000000001,,5,,6.000000000000001,"LINESTRING (11.4199192 47.2550149, 11.4190552 47.254917, 11.4185288 47.2548681, 11.4174393 47.254783, 11.416991 47.2547545, 11.4164481 47.2547228, 11.4159126 47.2546897, 11.4148053 47.2545859, 11.4143977 47.2545198, 11.4139568 47.2544509, 11.4136362 47.2543939, 11.4130598 47.2542942, 11.4124919 47.2542313, 11.4117768 47.2542075, 11.4115656 47.2541802, 11.4109018 47.2540286, 11.4102591 47.2538595, 11.4092327 47.2537005, 11.4079273 47.2534981, 11.4077362 47.2534708)"
2140,5.0,,,,135.90800000000002,,5,,6.000000000000001,"LINESTRING (11.4199192 47.2550149, 11.4204628 47.2550992, 11.421664 47.2553166)"
2141,6.0,,,,28.18,,5,,5.0,"LINESTRING (11.3818649 47.2792121, 11.3817236 47.2794467)"
2142,5.0,,,,375.86199999999997,,5,,6.000000000000001,"LINESTRING (11.3818649 47.2792121, 11.3820311 47.2789314, 11.3820923 47.278868, 11.3822011 47.2787963, 11.3823378 47.2783528, 11.3823413 47.2782139, 11.3823233 47.2778989, 11.3821636 47.2777333, 11.3823053 47.2775443, 11.3824795 47.2774871, 11.3826602 47.2775112, 11.3827734 47.2774962, 11.3829758 47.2774684, 11.3831978 47.2773653, 11.3834835 47.2770438, 11.3837219 47.2768837, 11.3838279 47.2767892, 11.3840164 47.2766316)"
2143,6.0,,,,327.69800000000004,,5,,5.0,"LINESTRING (11.3818649 47.2792121, 11.3824228 47.2788569, 11.3826214 47.2786093, 11.3827973 47.2785217, 11.3830482 47.2785011, 11.3836097 47.2785177, 11.383892 47.2784898, 11.3841488 47.2784901, 11.3843536 47.2785097, 11.3846086 47.2785459, 11.3847731 47.2785283, 11.3850517 47.2784664, 11.3854554 47.278449, 11.3856023 47.2784023, 11.3856706 47.278358)"
2144,6.0,,,,48.876999999999995,,5,,4.0,"LINESTRING (11.3855004 47.2774056, 11.3854583 47.2777121, 11.3854914 47.2778419)"
2145,6.0,,,,295.93799999999993,,5,,5.0,"LINESTRING (11.3848127 47.2753201, 11.3848941 47.2753086, 11.3849376 47.2752721, 11.384924 47.2752106, 11.3847999 47.2751147, 11.384781 47.2750879, 11.3847955 47.2750553, 11.3848372 47.275047, 11.3848857 47.2750614, 11.3850686 47.2751473, 11.3851516 47.2751742, 11.3853782 47.2751834, 11.3855154 47.2752028, 11.3856418 47.2752469, 11.3858443 47.2753177, 11.3860786 47.2753716, 11.3862446 47.2753925, 11.3863876 47.2754431, 11.386516 47.2755271, 11.3866051 47.2756092, 11.3866628 47.2756548, 11.3866859 47.2757073, 11.3866778 47.2757737, 11.3866063 47.2758654, 11.3864345 47.2760337, 11.3862738 47.2761796, 11.3862136 47.2762728, 11.3862212 47.2763121, 11.3862776 47.2763353, 11.3863549 47.2763396)"
2146,5.0,,,,305.9289999999999,,5,,4.0,"LINESTRING (11.3917251 47.2778689, 11.3926843 47.278045, 11.3934334 47.2783935, 11.3935404 47.2784698, 11.3935618 47.2786322, 11.3935297 47.2787583, 11.3934781 47.2788077, 11.3935263 47.2788505, 11.3933949 47.2789288, 11.3934682 47.2789671, 11.3934093 47.2790179, 11.393305 47.2790706, 11.3931632 47.2791214, 11.3930481 47.2791432, 11.3929545 47.2791287, 11.3929037 47.2790724, 11.392909 47.2790034, 11.392893 47.2789399, 11.3928288 47.2789163, 11.3927993 47.2789145, 11.392715 47.2789862)"
2147,5.0,,,,39.54900000000001,,5,,6.000000000000001,"LINESTRING (11.4055839 47.2854483, 11.4055763 47.2853013, 11.4055612 47.2852914, 11.4054614 47.2852929, 11.4054547 47.2852726, 11.4054156 47.2852595, 11.4053034 47.2852551)"
2148,5.0,,,,21.455,,5,,6.000000000000001,"LINESTRING (11.4055839 47.2854483, 11.4053804 47.2853743, 11.4053406 47.28535)"
2149,5.0,,,,39.558,,5,,6.000000000000001,"LINESTRING (11.4055839 47.2854483, 11.4058273 47.2856031, 11.4058449 47.2856835, 11.4058316 47.2857308)"
2150,6.0,,,,35.919,,5,,4.0,"LINESTRING (11.3968404 47.2789908, 11.3972276 47.2791788)"
2151,6.0,,,,16.174,,5,,6.000000000000001,"LINESTRING (11.3968404 47.2789908, 11.3966468 47.2789283)"
2152,6.0,,,,32.806,,5,,4.0,"LINESTRING (11.3968404 47.2789908, 11.3969408 47.2789924, 11.3971908 47.2790158, 11.3972712 47.279027)"
2153,6.0,,,,35.919,,5,,4.0,"LINESTRING (11.3972276 47.2791788, 11.3968404 47.2789908)"
2154,6.0,,,,16.174,,5,,6.000000000000001,"LINESTRING (11.3966468 47.2789283, 11.3968404 47.2789908)"
2155,6.0,,,,25.903,,5,,6.000000000000001,"LINESTRING (11.3966468 47.2789283, 11.3965076 47.2788733, 11.3963293 47.2788476)"
2156,6.0,,,,108.62299999999999,,5,,4.0,"LINESTRING (11.3966468 47.2789283, 11.3967542 47.2790812, 11.3968814 47.2791687, 11.3972338 47.2793412, 11.3976052 47.2796386)"
2157,8.0,,10.0,7.0,74.053,,5,,6.000000000000001,"LINESTRING (11.3837839 47.2616514, 11.3829781 47.2620315)"
2158,5.0,,10.0,,114.122,9.0,5,,7.000000000000001,"LINESTRING (11.3837839 47.2616514, 11.3828488 47.2608448)"
2159,5.0,,10.0,,75.28999999999999,,5,,5.0,"LINESTRING (11.3837839 47.2616514, 11.384094 47.2619301, 11.3843287 47.2621213, 11.3844007 47.2621834)"
2160,8.0,,,,36.645,,5,,6.000000000000001,"LINESTRING (11.3789102 47.2558059, 11.3792578 47.2555758)"
2161,8.0,,,,10.485,,5,,6.000000000000001,"LINESTRING (11.3789102 47.2558059, 11.3789942 47.255881)"
2162,8.0,,,,131.087,,5,,6.000000000000001,"LINESTRING (11.3789102 47.2558059, 11.3781179 47.2561752, 11.3775298 47.2565186)"
2163,6.0,,,,19.862000000000002,,5,,5.0,"LINESTRING (11.3772949 47.2594623, 11.3773741 47.2593809, 11.3774797 47.259343)"
2164,6.0,,10.0,,49.986000000000004,3.0,5,,6.000000000000001,"LINESTRING (11.3772949 47.2594623, 11.3775725 47.2595699, 11.3778656 47.2596904)"
2165,6.0,,10.0,,31.855,,5,,6.000000000000001,"LINESTRING (11.3772949 47.2594623, 11.3770921 47.2593862, 11.3769222 47.2593279)"
2166,6.0,,,,29.209,,5,,7.000000000000001,"LINESTRING (11.3759302 47.2590858, 11.3759077 47.2591806, 11.3758405 47.2593409)"
2167,6.0,,,,25.198,,5,,7.000000000000001,"LINESTRING (11.3759302 47.2590858, 11.375938 47.2590034, 11.3759784 47.2589033, 11.3759649 47.2588641)"
2168,6.0,,10.0,,79.606,,5,,7.000000000000001,"LINESTRING (11.3759302 47.2590858, 11.376349 47.2591793, 11.3767116 47.2592657, 11.3769222 47.2593279)"
2169,6.0,,10.0,,71.69200000000001,,5,,8.0,"LINESTRING (11.3759302 47.2590858, 11.3758099 47.2590601, 11.375326 47.2589668, 11.3750174 47.2589073)"
2170,8.0,,,,30.57,,5,,6.000000000000001,"LINESTRING (11.3751937 47.2569187, 11.3748199 47.2568128)"
2171,6.0,,,,36.305,,5,,6.000000000000001,"LINESTRING (11.3751937 47.2569187, 11.3748815 47.2571671)"
2172,8.0,,,,27.668,,5,,6.000000000000001,"LINESTRING (11.3751937 47.2569187, 11.375318 47.2569689, 11.375472 47.2570774)"
2173,2.0,,10.0,,14.509,9.0,10,,5.0,"LINESTRING (11.3829564 47.2575823, 11.382782 47.2576372)"
2174,2.0,,,,16.454,5.0,5,,5.0,"LINESTRING (11.3829564 47.2575823, 11.3828681 47.257447)"
2175,8.0,,10.0,9.0,19.125,9.0,10,,5.0,"LINESTRING (11.3829564 47.2575823, 11.3830589 47.2577396)"
2176,8.0,,10.0,7.0,44.291,,5,,6.000000000000001,"LINESTRING (11.3824957 47.2622584, 11.3829781 47.2620315)"
2177,10.0,,,,11.551,,5,,6.000000000000001,"LINESTRING (11.3824957 47.2622584, 11.382352 47.2622942)"
2178,6.0,,10.0,,99.67,,5,,7.000000000000001,"LINESTRING (11.3824957 47.2622584, 11.3825408 47.2623715, 11.3828217 47.2626748, 11.3830134 47.2628988, 11.3831424 47.263035)"
2179,10.0,,,,71.742,,5,,6.000000000000001,"LINESTRING (11.3793787 47.2588499, 11.3795443 47.2590465, 11.3796216 47.2591383, 11.3796798 47.2591934, 11.3798963 47.2593897)"
2180,10.0,,,,398.985,,5,,5.0,"LINESTRING (11.3793787 47.2588499, 11.3787684 47.2582335, 11.378624 47.2581017, 11.3779766 47.2575111, 11.3774968 47.2570735, 11.3773108 47.2568501, 11.3772726 47.2568176, 11.3772204 47.2567733, 11.3768811 47.2564851, 11.3766538 47.2563142, 11.3762957 47.2559407)"
2181,10.0,,,,68.21300000000001,,5,,7.000000000000001,"LINESTRING (11.3793787 47.2588499, 11.3794497 47.2588513, 11.3795688 47.2589488, 11.3796191 47.2589602, 11.3796644 47.2589552, 11.3798091 47.258883, 11.3798393 47.2588678, 11.3797137 47.259075)"
2182,8.0,,10.0,,246.625,,5,,7.000000000000001,"LINESTRING (11.3898399 47.2562325, 11.3899094 47.2563814, 11.389928 47.2571842, 11.3899299 47.257299, 11.3899427 47.2576157, 11.3899458 47.2576501, 11.3900044 47.2582925, 11.3900231 47.2584411)"
2183,2.0,,10.0,,36.837,3.0,5,,6.000000000000001,"LINESTRING (11.3898399 47.2562325, 11.389561 47.2562943, 11.3893775 47.2563385)"
2184,2.0,,10.0,,66.398,5.0,10,,4.0,"LINESTRING (11.3898399 47.2562325, 11.3900409 47.2561291, 11.3904613 47.2560315, 11.390641 47.2560071)"
2185,8.0,,,9.0,41.444,,5,,6.000000000000001,"LINESTRING (11.3963499 47.2537325, 11.396899 47.2537349)"
2186,7.0,,,,35.484,,5,,6.000000000000001,"LINESTRING (11.3963499 47.2537325, 11.3964234 47.2537753, 11.396481 47.2538482, 11.3965105 47.2539556, 11.3965197 47.2540167)"
2187,8.0,,,9.0,140.624,,5,,6.000000000000001,"LINESTRING (11.3963499 47.2537325, 11.3962293 47.2537123, 11.3944903 47.2537123)"
2188,8.0,,10.0,,4.906,,5,,7.000000000000001,"LINESTRING (11.3997837 47.2581297, 11.3997915 47.2580859)"
2189,8.0,,10.0,,27.114,,5,,7.000000000000001,"LINESTRING (11.3997837 47.2581297, 11.3996704 47.2583611)"
2190,6.0,,,,67.702,,5,,6.000000000000001,"LINESTRING (11.3997837 47.2581297, 11.3999224 47.2582324, 11.3999462 47.2585716, 11.3997863 47.2586431)"
2191,8.0,,10.0,,14.572,,5,,7.000000000000001,"LINESTRING (11.3994776 47.2583682, 11.3996704 47.2583611)"
2192,8.0,,10.0,,68.706,,5,,5.0,"LINESTRING (11.3994776 47.2583682, 11.3994915 47.258506, 11.3995407 47.2589846)"
2193,2.0,,10.0,,53.631,9.0,10,,2.0,"LINESTRING (11.3755821 47.2538847, 11.3749184 47.2537124)"
2194,5.0,,,,54.117000000000004,10.0,10,,3.0000000000000004,"LINESTRING (11.3755821 47.2538847, 11.3754443 47.2538835, 11.3753421 47.2538922, 11.3752447 47.253927, 11.3751681 47.2539717, 11.37511 47.2540308, 11.3750376 47.254128)"
2195,8.0,,,,166.533,,10,,4.0,"LINESTRING (11.4255744 47.2556391, 11.4258295 47.2556641, 11.4259868 47.2556789, 11.4268675 47.2557553, 11.4274956 47.2558042, 11.4277654 47.255798)"
2196,8.0,,,,291.249,,5,,6.000000000000001,"LINESTRING (11.4255744 47.2556391, 11.4257112 47.2557531, 11.4266028 47.2560377, 11.4271925 47.2562061, 11.4276014 47.2563063, 11.4280643 47.2564429, 11.4286492 47.2566382, 11.4289044 47.2566915, 11.429055 47.2566567)"
2197,8.0,,,,145.624,,5,,5.0,"LINESTRING (11.4255744 47.2556391, 11.4253313 47.25562, 11.4251573 47.2556235, 11.4245607 47.2556973, 11.4239156 47.2558193, 11.4237358 47.2559216)"
2198,6.0,,,9.0,385.57400000000007,,5,,6.000000000000001,"LINESTRING (11.4286666 47.2577093, 11.4285033 47.2576369, 11.4283628 47.2575612, 11.4282788 47.257523, 11.4281694 47.25748, 11.4279397 47.2574208, 11.4278061 47.2573848, 11.4277143 47.2573353, 11.4276127 47.2572925, 11.4274889 47.2572501, 11.4273602 47.2572193, 11.4272215 47.2571874, 11.4270844 47.2571506, 11.4269873 47.2571143, 11.426908 47.2570714, 11.426643 47.256967, 11.4265786 47.2569364, 11.4265159 47.2569114, 11.4264523 47.2568961, 11.4261818 47.2568502, 11.426101 47.2568309, 11.4260534 47.256811, 11.4259371 47.2567402, 11.425881 47.2567135, 11.4257634 47.2566749, 11.4256361 47.2566363, 11.42558 47.2566167, 11.4255354 47.2565971, 11.4254892 47.2565806, 11.4254267 47.2565703, 11.4253659 47.2565556, 11.4252816 47.2565294, 11.4251587 47.2564882, 11.4250448 47.2564477, 11.4249494 47.2564104, 11.4248588 47.2563736, 11.4246197 47.2563025, 11.4242658 47.2562024, 11.4241657 47.2561328)"
2199,8.0,,,9.0,51.138999999999996,,5,,6.000000000000001,"LINESTRING (11.4286666 47.2577093, 11.4289619 47.2578254, 11.4292392 47.2579546)"
2200,6.0,,,,61.364999999999995,,5,,4.0,"LINESTRING (11.4286666 47.2577093, 11.4284201 47.2579877, 11.4282939 47.258198)"
2201,6.0,,10.0,7.0,23.894,9.0,5,,4.0,"LINESTRING (11.4345058 47.2600984, 11.4346474 47.2599062)"
2202,6.0,,,,13.379,,5,,6.000000000000001,"LINESTRING (11.4345058 47.2600984, 11.4343405 47.2600549)"
2203,6.0,,10.0,7.0,49.172,9.0,5,,6.000000000000001,"LINESTRING (11.4345058 47.2600984, 11.4343809 47.2603032, 11.4342788 47.2605126)"
2204,8.0,,10.0,9.0,35.291,,5,,4.0,"LINESTRING (11.4323813 47.2593971, 11.4328479 47.2593759)"
2205,8.0,,10.0,9.0,21.455,,5,,6.000000000000001,"LINESTRING (11.4323813 47.2593971, 11.4320975 47.2594085)"
2206,6.0,,,,29.984,,5,,4.0,"LINESTRING (11.4323813 47.2593971, 11.4324179 47.2593636, 11.4325751 47.2592522, 11.4326037 47.2591811)"
2207,2.0,,,7.0,19.229,9.0,10,,4.0,"LINESTRING (11.4254507 47.262572, 11.4252238 47.2624933)"
2208,8.0,,,,40.516000000000005,,10,,3.0000000000000004,"LINESTRING (11.4254507 47.262572, 11.4253432 47.2625823, 11.4252481 47.2626076, 11.4251679 47.2626684, 11.4250313 47.262773)"
2209,8.0,,,9.0,23.695,,5,,7.000000000000001,"LINESTRING (11.4125617 47.2570741, 11.412868 47.2571209)"
2210,10.0,,,,14.325,,5,,7.000000000000001,"LINESTRING (11.4125617 47.2570741, 11.4123746 47.2570524)"
2211,10.0,,,,65.296,,5,,7.000000000000001,"LINESTRING (11.4125617 47.2570741, 11.4125163 47.2571436, 11.4124706 47.2572285, 11.4122776 47.2575688, 11.4122008 47.2575897)"
2212,7.0,,,,20.192999999999998,10.0,10,,5.0,"LINESTRING (11.4125617 47.2570741, 11.4124338 47.2570952, 11.41231 47.2571333)"
2213,6.0,,,,55.55,,5,,6.000000000000001,"LINESTRING (11.4224168 47.2633091, 11.4227325 47.2628578)"
2214,8.0,,,,145.64,,5,,6.000000000000001,"LINESTRING (11.4224168 47.2633091, 11.423127 47.26366, 11.4239729 47.2640839)"
2215,8.0,,,,26.476999999999997,,5,,6.000000000000001,"LINESTRING (11.4224168 47.2633091, 11.4222101 47.2632277, 11.4221124 47.2631907)"
2216,8.0,,,,55.968,,5,,6.000000000000001,"LINESTRING (11.4204752 47.2627729, 11.4211845 47.26292)"
2217,6.0,,,,99.768,,5,,6.000000000000001,"LINESTRING (11.4204752 47.2627729, 11.4198578 47.2635663)"
2218,8.0,,,,83.19900000000001,,5,,6.000000000000001,"LINESTRING (11.4204752 47.2627729, 11.4199454 47.2626635, 11.4197033 47.2626038, 11.419445 47.2625126)"
2219,6.0,,,,99.768,,5,,6.000000000000001,"LINESTRING (11.4198578 47.2635663, 11.4204752 47.2627729)"
2220,8.0,,,,55.282,,5,,7.000000000000001,"LINESTRING (11.4198578 47.2635663, 11.420531 47.2637624)"
2221,8.0,,,,98.542,,5,,6.000000000000001,"LINESTRING (11.4198578 47.2635663, 11.4194282 47.2634365, 11.4192658 47.2633875, 11.4186831 47.2631802)"
2222,8.0,,10.0,9.0,19.616,,10,,5.0,"LINESTRING (11.4128759 47.2627177, 11.4128604 47.2626699, 11.4128201 47.2625454)"
2223,10.0,,,,7.989,,5,,6.000000000000001,"LINESTRING (11.4085603 47.2631943, 11.4086384 47.2632428)"
2224,8.0,,10.0,,47.741,,5,,7.000000000000001,"LINESTRING (11.4085603 47.2631943, 11.408528 47.2632381, 11.4084279 47.2632653, 11.4079782 47.2633004)"
2225,8.0,,10.0,,153.37300000000002,,5,,6.000000000000001,"LINESTRING (11.4085603 47.2631943, 11.408551 47.262843, 11.4085824 47.2624673, 11.4086798 47.2621744, 11.4088033 47.2619307, 11.4088384 47.2618401)"
2226,8.0,,,,11.875,,5,,7.000000000000001,"LINESTRING (11.4088384 47.2618401, 11.4086985 47.2617912)"
2227,8.0,,10.0,,153.373,,5,,6.000000000000001,"LINESTRING (11.4088384 47.2618401, 11.4088033 47.2619307, 11.4086798 47.2621744, 11.4085824 47.2624673, 11.408551 47.262843, 11.4085603 47.2631943)"
2228,8.0,,,,68.964,,5,,5.0,"LINESTRING (11.4088384 47.2618401, 11.4095226 47.2619576, 11.409723 47.2619957)"
2229,6.0,,10.0,7.0,18.734,5.0,5,,5.0,"LINESTRING (11.4042031 47.2647969, 11.4044108 47.2647046)"
2230,6.0,,10.0,7.0,26.499,,10,,5.0,"LINESTRING (11.4042031 47.2647969, 11.4039925 47.2649876)"
2231,6.0,,,,9.858,,5,,6.000000000000001,"LINESTRING (11.4025236 47.2658662, 11.402418 47.265814)"
2232,6.0,,10.0,,92.732,9.0,10,,4.0,"LINESTRING (11.4025236 47.2658662, 11.402637 47.2657499, 11.4027269 47.2656576, 11.40302 47.2654435, 11.4030544 47.2654256, 11.4031112 47.2653961, 11.4033612 47.2652662)"
2233,6.0,,10.0,7.0,25.938,,5,,7.000000000000001,"LINESTRING (11.4087549 47.2633151, 11.4090662 47.2632162)"
2234,10.0,,,,16.529,,5,,6.000000000000001,"LINESTRING (11.4087549 47.2633151, 11.4087935 47.2633378, 11.4089205 47.2634124)"
2235,10.0,,,,11.911999999999999,,5,,7.000000000000001,"LINESTRING (11.4087549 47.2633151, 11.4087079 47.2632859, 11.4086384 47.2632428)"
2236,6.0,,10.0,,33.986,,10,,8.0,"LINESTRING (11.4087549 47.2633151, 11.4087191 47.2633688, 11.4084957 47.2634652, 11.408397 47.2634622)"
2237,6.0,,,,57.285,,10,,4.0,"LINESTRING (11.4158777 47.2715972, 11.416474 47.2712783)"
2238,8.0,,10.0,,12.962,,5,,6.000000000000001,"LINESTRING (11.4139588 47.2698016, 11.4141306 47.2698016)"
2239,8.0,,10.0,,77.863,,5,,6.000000000000001,"LINESTRING (11.4139588 47.2698016, 11.4129522 47.2696473)"
2240,6.0,,10.0,,168.38400000000001,,5,,6.000000000000001,"LINESTRING (11.4139588 47.2698016, 11.4141858 47.2691523, 11.4142876 47.269112, 11.4153944 47.2692678)"
2241,8.0,,,,41.067,,5,,6.000000000000001,"LINESTRING (11.4149763 47.2703241, 11.4151447 47.2699729)"
2242,8.0,,,,114.062,,5,,5.0,"LINESTRING (11.4149763 47.2703241, 11.4143886 47.2712692)"
2243,6.0,,,,7.018,,5,,8.0,"LINESTRING (11.4125793 47.2733359, 11.4126504 47.2732952)"
2244,10.0,,,,8.625,,5,,7.000000000000001,"LINESTRING (11.4125793 47.2733359, 11.4126462 47.2733988)"
2245,10.0,,,,7.349,,5,,7.000000000000001,"LINESTRING (11.4125793 47.2733359, 11.4125188 47.2732841)"
2246,6.0,10.0,,,113.989,,5,,8.0,"LINESTRING (11.4125793 47.2733359, 11.4120992 47.2736529, 11.4117769 47.2738675, 11.4114989 47.2740525)"
2247,10.0,,,,163.419,,5,,6.000000000000001,"LINESTRING (11.4230174 47.2764983, 11.422766 47.2762538, 11.4227119 47.2761554, 11.4226677 47.2760749, 11.4227563 47.2759123, 11.4229123 47.2756262, 11.4229869 47.2754894, 11.4230874 47.2754124, 11.423206 47.2753556, 11.4232488 47.2752989, 11.4232484 47.2752076)"
2248,8.0,,,,494.448,,5,,6.000000000000001,"LINESTRING (11.4230174 47.2764983, 11.4232634 47.2764047, 11.4235406 47.2762174, 11.423766 47.2760258, 11.4238791 47.2759508, 11.4240002 47.2758613, 11.4248108 47.2755509, 11.4252447 47.2754257, 11.4256139 47.2752351, 11.4259092 47.2751106, 11.4261889 47.2750434, 11.4265356 47.2748338, 11.426842 47.274714, 11.4273107 47.2745456, 11.4279445 47.2745596, 11.4285745 47.2743704)"
2249,10.0,,,,455.39799999999997,,5,,6.000000000000001,"LINESTRING (11.4230174 47.2764983, 11.4217686 47.276831, 11.4210372 47.276992, 11.4206837 47.2770651, 11.4205455 47.2770803, 11.4198799 47.2772268, 11.4191953 47.2773944, 11.4188352 47.277486, 11.4185038 47.27755, 11.4181987 47.2775907, 11.417879 47.2776158, 11.4175961 47.2775911, 11.4173427 47.2775321, 11.4172744 47.2775132)"
2250,10.0,,,,3.045,,5,,4.0,"LINESTRING (11.4168337 47.2780038, 11.4168567 47.2779813)"
2251,9.0,,,,297.164,,5,,6.000000000000001,"LINESTRING (11.4168337 47.2780038, 11.4165 47.2778188, 11.4160832 47.2775806, 11.415794 47.277357, 11.4155098 47.2770922, 11.4153995 47.2770554, 11.4147594 47.2764701, 11.4142313 47.2760228)"
2252,10.0,,,,144.78300000000002,,5,,6.000000000000001,"LINESTRING (11.4168337 47.2780038, 11.4167174 47.2780986, 11.4166256 47.2781558, 11.4165332 47.2781778, 11.4153716 47.2784377, 11.4150992 47.2785085)"
2253,8.0,,,,93.94,,5,,6.000000000000001,"LINESTRING (11.4127117 47.2768868, 11.4135957 47.2774818)"
2254,8.0,,,,153.74200000000002,,5,,6.000000000000001,"LINESTRING (11.4127117 47.2768868, 11.4126296 47.2768294, 11.4112743 47.2759067)"
2255,6.0,,,,93.962,,5,,6.000000000000001,"LINESTRING (11.4127117 47.2768868, 11.4118791 47.277441, 11.4118049 47.2774596)"
2256,10.0,,,,138.867,,5,,4.0,"LINESTRING (11.4014574 47.2788072, 11.4014185 47.2787111, 11.4013646 47.2786318, 11.4012004 47.2786043, 11.4009191 47.2784879, 11.4006751 47.2783708, 11.4004636 47.2782149, 11.4003581 47.2780503, 11.4002237 47.2779584)"
2257,6.0,9.0,10.0,,10.201,,5,,7.000000000000001,"LINESTRING (11.4061728 47.2776539, 11.4062848 47.2776025)"
2258,8.0,,10.0,9.0,106.41,,5,,6.000000000000001,"LINESTRING (11.4061728 47.2776539, 11.4071599 47.2783375)"
2259,6.0,9.0,10.0,,79.384,,5,,7.000000000000001,"LINESTRING (11.4061728 47.2776539, 11.4060961 47.2776888, 11.4054116 47.2781454)"
2260,8.0,,10.0,,115.902,,5,,5.0,"LINESTRING (11.3889181 47.2716038, 11.3890208 47.2719212, 11.3890081 47.2720685, 11.3889605 47.2722057, 11.3888196 47.2724065, 11.3886355 47.2725709)"
2261,6.0,,,9.0,96.821,,10,,4.0,"LINESTRING (11.3889181 47.2716038, 11.3891067 47.2716725, 11.3893287 47.2718315, 11.3894436 47.2719671, 11.389567 47.2721548, 11.3896118 47.2722961)"
2262,6.0,,,,67.898,,5,,6.000000000000001,"LINESTRING (11.3877268 47.2785805, 11.3876447 47.2785894, 11.3871288 47.2786563, 11.386921 47.2786863, 11.3868458 47.2787032)"
2263,6.0,,,,35.312,,5,,5.0,"LINESTRING (11.3877268 47.2785805, 11.3876767 47.2786676, 11.387643 47.2787592, 11.3876296 47.2788053, 11.3876221 47.2788515, 11.3876181 47.2788876)"
2264,6.0,,,,185.081,,5,,6.000000000000001,"LINESTRING (11.3877268 47.2785805, 11.3878174 47.2784703, 11.3879377 47.2783235, 11.3880483 47.2781762, 11.3880885 47.2781199, 11.3881215 47.2780596, 11.3881451 47.2779963, 11.3881639 47.2779313, 11.3881727 47.2778908, 11.3881816 47.2778275, 11.3881866 47.2777756, 11.3881893 47.2777245, 11.3881861 47.2776606, 11.3881748 47.2776017, 11.3881578 47.2775267, 11.3881433 47.277476, 11.3881259 47.2774266, 11.3881048 47.2773772, 11.3880808 47.277325, 11.3880544 47.2772769, 11.388028 47.277233, 11.387998 47.277189, 11.3879598 47.2771415, 11.3878603 47.2770306)"
2265,5.0,,,,52.034,,5,,8.0,"LINESTRING (11.3863549 47.2763396, 11.3865135 47.2763332, 11.386659 47.276287, 11.3868767 47.2761261, 11.3869241 47.2761199)"
2266,6.0,,,,295.93800000000005,,5,,5.0,"LINESTRING (11.3863549 47.2763396, 11.3862776 47.2763353, 11.3862212 47.2763121, 11.3862136 47.2762728, 11.3862738 47.2761796, 11.3864345 47.2760337, 11.3866063 47.2758654, 11.3866778 47.2757737, 11.3866859 47.2757073, 11.3866628 47.2756548, 11.3866051 47.2756092, 11.386516 47.2755271, 11.3863876 47.2754431, 11.3862446 47.2753925, 11.3860786 47.2753716, 11.3858443 47.2753177, 11.3856418 47.2752469, 11.3855154 47.2752028, 11.3853782 47.2751834, 11.3851516 47.2751742, 11.3850686 47.2751473, 11.3848857 47.2750614, 11.3848372 47.275047, 11.3847955 47.2750553, 11.384781 47.2750879, 11.3847999 47.2751147, 11.384924 47.2752106, 11.3849376 47.2752721, 11.3848941 47.2753086, 11.3848127 47.2753201)"
2267,6.0,,,,8.137,,5,,7.000000000000001,"LINESTRING (11.3863549 47.2763396, 11.3863542 47.2763765, 11.3863595 47.2764126)"
2268,6.0,,,,77.215,,5,,7.000000000000001,"LINESTRING (11.3863549 47.2763396, 11.3863571 47.2763129, 11.3863641 47.276287, 11.3863883 47.2762501, 11.3864194 47.2762183, 11.3864425 47.2761961, 11.3864692 47.2761763, 11.3865504 47.2761292, 11.3866437 47.2760788, 11.3869212 47.275941, 11.3869642 47.2759133, 11.3869948 47.2758897, 11.3870148 47.2758697, 11.3870349 47.2758473)"
2269,6.0,,,,62.147999999999996,,5,,6.000000000000001,"LINESTRING (11.3871484 47.2766727, 11.3873548 47.2766718, 11.3874372 47.276682, 11.3874935 47.2766897, 11.3875529 47.2767034, 11.3876136 47.2767193, 11.3876719 47.2767382, 11.3878286 47.276805, 11.3878504 47.2768142, 11.3878713 47.2768211, 11.3878939 47.2768259, 11.38792 47.2768258)"
2270,6.0,,,,69.226,,5,,6.000000000000001,"LINESTRING (11.3871484 47.2766727, 11.3872106 47.2766794, 11.3872716 47.2766886, 11.3873371 47.2767029, 11.3874005 47.276723, 11.3874566 47.2767439, 11.3875065 47.2767678, 11.3875666 47.276797, 11.387622 47.2768295, 11.3876774 47.2768668, 11.387731 47.2769104, 11.3877735 47.2769469, 11.3878603 47.2770306)"
2271,6.0,,,,72.833,,5,,6.000000000000001,"LINESTRING (11.3871484 47.2766727, 11.3867601 47.2766501, 11.3866789 47.2766397, 11.3866098 47.276626, 11.3865499 47.2766057, 11.3864961 47.2765822, 11.3864512 47.2765503, 11.3864147 47.2765151, 11.3863931 47.2764871, 11.3863727 47.2764511, 11.3863595 47.2764126)"
2272,8.0,,10.0,,67.62299999999999,,5,,7.000000000000001,"LINESTRING (11.3870985 47.2750701, 11.3873056 47.2750988, 11.3876743 47.275233, 11.3877192 47.2752377, 11.3879213 47.2751768)"
2273,6.0,,,,130.274,,5,,5.0,"LINESTRING (11.3870985 47.2750701, 11.3872578 47.2749033, 11.3873255 47.2748406, 11.3873946 47.2748025, 11.3874689 47.2747778, 11.3876552 47.2747477, 11.3878728 47.2747018, 11.3882064 47.274601, 11.3882559 47.2745727, 11.3882741 47.2745347, 11.388278 47.2744569, 11.3882025 47.2743897)"
2274,6.0,,,,65.767,,5,,7.000000000000001,"LINESTRING (11.3870985 47.2750701, 11.386867 47.2748866, 11.3867049 47.2747624, 11.3866394 47.27472, 11.3865916 47.2746985, 11.3865294 47.2746821, 11.3864729 47.2746798)"
2275,6.0,,,,111.352,,5,,9.0,"LINESTRING (11.3870985 47.2750701, 11.3873627 47.2752851, 11.3874175 47.2753381, 11.3874617 47.2753873, 11.38762 47.2755775, 11.3876394 47.2756005, 11.3876749 47.2756373, 11.3877067 47.2756675, 11.387741 47.2756952, 11.3877859 47.2757238, 11.3878347 47.2757508, 11.3878884 47.2757761, 11.3879346 47.2757975, 11.3880252 47.2758312)"
2276,10.0,,,,30.291,,5,,6.000000000000001,"LINESTRING (11.3759131 47.2571547, 11.3762154 47.2573339)"
2277,10.0,,,,32.122,,5,,6.000000000000001,"LINESTRING (11.3759131 47.2571547, 11.3756404 47.2569329)"
2278,10.0,,,,35.567,,5,,6.000000000000001,"LINESTRING (11.3759131 47.2571547, 11.3755682 47.2571312, 11.375472 47.2570774)"
2279,6.0,,10.0,,4.189,3.0,5,,6.000000000000001,"LINESTRING (11.3779099 47.2597131, 11.3778656 47.2596904)"
2280,6.0,,10.0,,20.124,3.0,5,,7.000000000000001,"LINESTRING (11.3779099 47.2597131, 11.3781365 47.2598085)"
2281,10.0,,,,37.399,,5,,6.000000000000001,"LINESTRING (11.3779099 47.2597131, 11.3779846 47.2596248, 11.3781566 47.2594214)"
2282,8.0,,10.0,,46.64,,5,,5.0,"LINESTRING (11.369796 47.2618089, 11.3699959 47.261412)"
2283,6.0,,,,64.058,,5,,5.0,"LINESTRING (11.369796 47.2618089, 11.3699323 47.261843, 11.3703749 47.2619599, 11.370587 47.2620179)"
2284,6.0,,,,21.254,,5,,4.0,"LINESTRING (11.3706297 47.2602548, 11.3703871 47.2601577)"
2285,8.0,,10.0,,26.801,,5,,7.000000000000001,"LINESTRING (11.3706297 47.2602548, 11.3708193 47.260051)"
2286,8.0,,10.0,,22.617,,5,,6.000000000000001,"LINESTRING (11.3706297 47.2602548, 11.3704745 47.2604288)"
2287,8.0,,10.0,,26.801,,5,,7.000000000000001,"LINESTRING (11.3708193 47.260051, 11.3706297 47.2602548)"
2288,8.0,,7.0,,65.074,,5,,7.000000000000001,"LINESTRING (11.3708193 47.260051, 11.371622 47.2602648)"
2289,7.0,,10.0,,111.67699999999999,,5,,8.0,"LINESTRING (11.3708193 47.260051, 11.3706884 47.2599948, 11.3709878 47.25968, 11.3710167 47.2596663, 11.3710631 47.2596643, 11.3710979 47.2596771, 11.3711269 47.2597007, 11.3711269 47.2597253, 11.3708193 47.260051)"
2290,7.0,,10.0,,111.67699999999999,,5,,8.0,"LINESTRING (11.3708193 47.260051, 11.3711269 47.2597253, 11.3711269 47.2597007, 11.3710979 47.2596771, 11.3710631 47.2596643, 11.3710167 47.2596663, 11.3709878 47.25968, 11.3706884 47.2599948, 11.3708193 47.260051)"
2291,8.0,,,,20.724,,5,,4.0,"LINESTRING (11.4102306 47.285699, 11.4100111 47.2855869)"
2292,8.0,,10.0,,6.944,,5,,5.0,"LINESTRING (11.4143823 47.2853043, 11.4142907 47.2852981)"
2293,5.0,,10.0,,36.106,,5,,4.0,"LINESTRING (11.4143823 47.2853043, 11.414569 47.2851653, 11.4146805 47.2851173, 11.4147363 47.2850893)"
2294,10.0,,,,10.108,,5,,4.0,"LINESTRING (11.4062258 47.266451, 11.4061946 47.2665394)"
2295,10.0,,10.0,,38.185,,5,,7.000000000000001,"LINESTRING (11.4061079 47.2668256, 11.4061325 47.2671686)"
2296,10.0,,,,32.597,,5,,7.000000000000001,"LINESTRING (11.4061079 47.2668256, 11.4061426 47.2667498, 11.4061608 47.2666352, 11.4061946 47.2665394)"
2297,10.0,,10.0,,91.07600000000001,,5,,7.000000000000001,"LINESTRING (11.4061079 47.2668256, 11.4060811 47.2667801, 11.4060274 47.2667588, 11.405768 47.2667543, 11.4055199 47.2667319, 11.4054122 47.266746, 11.4051141 47.2667921, 11.4050368 47.2668038, 11.4049687 47.2668064)"
2298,5.0,,,,46.12,,5,,5.0,"LINESTRING (11.4061079 47.2668256, 11.4060476 47.2668587, 11.4059782 47.2669755, 11.4059239 47.2670226, 11.4058152 47.2670554, 11.4056763 47.2670718)"
2299,8.0,,10.0,,37.805,,5,,5.0,"LINESTRING (11.3960524 47.2686512, 11.3965411 47.2687262)"
2300,8.0,9.0,10.0,,135.794,,10,,4.0,"LINESTRING (11.3960524 47.2686512, 11.3960479 47.2686092, 11.3960128 47.2682793, 11.395978 47.2679516, 11.3958245 47.267714, 11.3958041 47.267454)"
2301,8.0,,10.0,,61.71999999999999,,5,,6.000000000000001,"LINESTRING (11.3960524 47.2686512, 11.3955475 47.2685818, 11.3955022 47.2685791, 11.3954607 47.2685791, 11.3954121 47.2685854, 11.3953662 47.2685955, 11.3953343 47.2686071, 11.3953024 47.2686213, 11.3952691 47.2686406)"
2302,8.0,9.0,10.0,9.0,37.721,,5,,6.000000000000001,"LINESTRING (11.3957398 47.2672355, 11.3962296 47.2671676)"
2303,8.0,,10.0,9.0,24.776,,5,,5.0,"LINESTRING (11.3957398 47.2672355, 11.3958041 47.267454)"
2304,8.0,9.0,10.0,9.0,66.417,9.0,5,,6.000000000000001,"LINESTRING (11.3957398 47.2672355, 11.3952612 47.2673017, 11.3949444 47.2673456, 11.3948773 47.2673548)"
2305,8.0,,10.0,,49.652,,5,,5.0,"LINESTRING (11.3860497 47.2655657, 11.3855412 47.2652823)"
2306,8.0,,10.0,,131.328,,10,,4.0,"LINESTRING (11.3860497 47.2655657, 11.3863909 47.2653266, 11.3873833 47.2648109)"
2307,8.0,,10.0,,217.135,,5,,5.0,"LINESTRING (11.3860497 47.2655657, 11.3879091 47.2665126, 11.3883484 47.2667404)"
2308,2.0,,10.0,,93.13499999999999,5.0,10,,4.0,"LINESTRING (11.3874452 47.2647787, 11.3868567 47.2642696, 11.3866834 47.2641197)"
2309,10.0,,,,328.63399999999996,,5,,6.000000000000001,"LINESTRING (11.3847308 47.2647036, 11.3847328 47.2646885, 11.3847319 47.2646764, 11.3847254 47.2646584, 11.3847081 47.2646336, 11.3846322 47.2645359, 11.3845817 47.2644916, 11.3845558 47.2644735, 11.3845037 47.2644441, 11.3844658 47.2644263, 11.3844261 47.2644122, 11.3842277 47.2643496, 11.3839464 47.2641168, 11.3838554 47.263957, 11.3836077 47.2637676, 11.3830134 47.2629556, 11.3827133 47.2627139, 11.382352 47.2622942)"
2310,10.0,,10.0,,97.262,,5,,6.000000000000001,"LINESTRING (11.3847308 47.2647036, 11.3847539 47.2647015, 11.3847776 47.2647028, 11.3848039 47.2647083, 11.3848379 47.2647253, 11.3850243 47.2648568, 11.38503 47.2648609, 11.385248 47.2650075, 11.3856077 47.2652354, 11.3855412 47.2652823)"
2311,10.0,,10.0,,35.058,,5,,5.0,"LINESTRING (11.3847308 47.2647036, 11.3847294 47.2647204, 11.384733 47.2647386, 11.3847456 47.2647597, 11.3847546 47.2647726, 11.3847654 47.2647852, 11.3847834 47.2648015, 11.3850012 47.264948)"
2312,10.0,,,,44.44,,5,,5.0,"LINESTRING (11.3847891 47.2658457, 11.3843605 47.2655716)"
2313,10.0,,10.0,,93.924,,5,,6.000000000000001,"LINESTRING (11.3847891 47.2658457, 11.384663 47.2658267, 11.384353 47.2656259, 11.3841364 47.2654837, 11.3839441 47.2653611, 11.3838999 47.2652841)"
2314,10.0,,10.0,,303.27,,5,,6.000000000000001,"LINESTRING (11.3847891 47.2658457, 11.3850896 47.2660069, 11.3856003 47.2662946, 11.3859807 47.2665047, 11.386229 47.2666577, 11.3864091 47.2667473, 11.3866451 47.2668446, 11.3869313 47.2669899, 11.3870662 47.2670885, 11.3872411 47.267182, 11.3872954 47.2672011, 11.3874583 47.2672663, 11.3879776 47.2674942)"
2315,2.0,,10.0,,28.669,10.0,10,,2.0,"LINESTRING (11.3842994 47.2655127, 11.384094 47.2657296)"
2316,6.0,,,,110.908,10.0,10,,4.0,"LINESTRING (11.3842994 47.2655127, 11.3837441 47.2658797, 11.3835157 47.2660503, 11.3831887 47.2661441)"
2317,8.0,,10.0,,21.168,,5,,6.000000000000001,"LINESTRING (11.3785314 47.2600358, 11.3786977 47.2601891)"
2318,10.0,,10.0,,18.478,,5,2.0,6.000000000000001,"LINESTRING (11.3785314 47.2600358, 11.3786924 47.2599106)"
2319,8.0,,10.0,,39.111000000000004,5.0,5,,7.000000000000001,"LINESTRING (11.3785314 47.2600358, 11.3783418 47.2599169, 11.3781365 47.2598085)"
2320,2.0,,10.0,,12.684,,10,,4.0,"LINESTRING (11.3823678 47.2565707, 11.3824505 47.25667)"
2321,8.0,,10.0,,18.269,10.0,10,,3.0000000000000004,"LINESTRING (11.3824505 47.25667, 11.3822298 47.2567375)"
2322,2.0,,10.0,,27.764,5.0,10,,3.0000000000000004,"LINESTRING (11.3824505 47.25667, 11.3826317 47.2568873)"
2323,6.0,,,,47.662,,5,,4.0,"LINESTRING (11.39882 47.2817224, 11.3986837 47.2815996, 11.3986292 47.2814887, 11.3986528 47.2813315)"
2324,10.0,,,,120.92899999999999,,5,,7.000000000000001,"LINESTRING (11.3829856 47.264679, 11.3827901 47.2647931, 11.3825278 47.2650018, 11.3819859 47.2654472, 11.381929 47.265494)"
2325,8.0,,10.0,,68.505,,5,,6.000000000000001,"LINESTRING (11.3829856 47.264679, 11.383413 47.2650232, 11.3835869 47.2651399)"
2326,8.0,,10.0,9.0,88.108,,5,,6.000000000000001,"LINESTRING (11.3829856 47.264679, 11.3827566 47.2644938, 11.3823911 47.2641023, 11.3822916 47.2640472)"
2327,6.0,,10.0,,6.964,,5,,7.000000000000001,"LINESTRING (11.381929 47.265494, 11.382004 47.2655305)"
2328,10.0,,,,120.929,,5,,7.000000000000001,"LINESTRING (11.381929 47.265494, 11.3819859 47.2654472, 11.3825278 47.2650018, 11.3827901 47.2647931, 11.3829856 47.264679)"
2329,10.0,,,,185.175,,5,,8.0,"LINESTRING (11.381929 47.265494, 11.3817746 47.265622, 11.381722 47.2656265, 11.3813203 47.2655548, 11.3806474 47.2654393, 11.3805272 47.2654187, 11.3804419 47.2653907, 11.3800784 47.2650937, 11.3798891 47.2649726)"
2330,6.0,,10.0,,75.613,,5,,6.000000000000001,"LINESTRING (11.381929 47.265494, 11.381871 47.2654665, 11.3817312 47.2654002, 11.3815533 47.2653115, 11.3811219 47.2650911)"
2331,8.0,,10.0,,40.923,,5,,7.000000000000001,"LINESTRING (11.3798891 47.2649726, 11.3800773 47.2647281, 11.3801453 47.2646483)"
2332,8.0,,10.0,,25.225,,5,,7.000000000000001,"LINESTRING (11.3798891 47.2649726, 11.3797862 47.2651197, 11.379759 47.265181)"
2333,10.0,,,,234.43200000000002,,5,,7.000000000000001,"LINESTRING (11.3798891 47.2649726, 11.3794649 47.2647598, 11.3790148 47.2645644, 11.3786323 47.2644291, 11.3780331 47.2643353, 11.3774084 47.2642466, 11.3771339 47.2641868, 11.3770624 47.2641931)"
2334,10.0,,,,185.17499999999998,,5,,8.0,"LINESTRING (11.3798891 47.2649726, 11.3800784 47.2650937, 11.3804419 47.2653907, 11.3805272 47.2654187, 11.3806474 47.2654393, 11.3813203 47.2655548, 11.381722 47.2656265, 11.3817746 47.265622, 11.381929 47.265494)"
2335,6.0,,,,17.917,,5,,6.000000000000001,"LINESTRING (11.3765703 47.2642219, 11.3763329 47.2642191)"
2336,6.0,,,,8.076,,5,,4.0,"LINESTRING (11.3765703 47.2642219, 11.3765732 47.2641493)"
2337,6.0,,,,31.018,,5,,4.0,"LINESTRING (11.3765703 47.2642219, 11.3769051 47.2642259, 11.3769806 47.2642329)"
2338,8.0,,10.0,,24.208,,5,,6.000000000000001,"LINESTRING (11.3948251 47.264059, 11.394827 47.2642767)"
2339,8.0,,10.0,,8.994,,5,,6.000000000000001,"LINESTRING (11.3948251 47.264059, 11.3948171 47.2639783)"
2340,7.0,,10.0,,83.465,,5,,6.000000000000001,"LINESTRING (11.3948251 47.264059, 11.3955224 47.2641058, 11.3959278 47.2641057)"
2341,7.0,,7.0,,37.958,,5,9.0,5.0,"LINESTRING (11.3947129 47.269813, 11.3945446 47.269675, 11.3945209 47.2695604, 11.3945098 47.2695145)"
2342,8.0,,10.0,,24.851,10.0,10,,4.0,"LINESTRING (11.3947129 47.269813, 11.3948207 47.2697987, 11.394904 47.2697894, 11.395037 47.2697733)"
2343,8.0,,,,50.644,,5,,7.000000000000001,"LINESTRING (11.4088521 47.2851234, 11.4083128 47.2848521)"
2344,6.0,,,,5.108,,5,,7.000000000000001,"LINESTRING (11.4088521 47.2851234, 11.4088237 47.2851651)"
2345,8.0,,,,84.248,,5,,7.000000000000001,"LINESTRING (11.4088521 47.2851234, 11.409041 47.2851551, 11.4093174 47.2852326, 11.4098153 47.2854869)"
2346,6.0,,,,186.361,,5,,6.000000000000001,"LINESTRING (11.4088521 47.2851234, 11.408922 47.2851859, 11.4088603 47.2853485, 11.4088011 47.2856655, 11.409028 47.2860304, 11.4088791 47.2861941, 11.4088667 47.2862804, 11.408876 47.2864257, 11.4088851 47.2866262, 11.4088969 47.2867148)"
2347,6.0,,10.0,,24.117000000000004,,10,,4.0,"LINESTRING (11.3949313 47.2624824, 11.3949635 47.262575, 11.3949707 47.2626267, 11.3949525 47.2626646, 11.3949141 47.2626794)"
2348,6.0,,,,45.078,,10,,3.0000000000000004,"LINESTRING (11.3949313 47.2624824, 11.3951008 47.2626121, 11.39522 47.2626753, 11.3952366 47.2626841, 11.3953963 47.2627228)"
2349,6.0,,10.0,,42.692,,5,,7.000000000000001,"LINESTRING (11.3953963 47.2627228, 11.3957938 47.2627831, 11.3959481 47.2628075)"
2350,6.0,,10.0,,36.706,,5,,6.000000000000001,"LINESTRING (11.3953963 47.2627228, 11.3950277 47.2626891, 11.3949141 47.2626794)"
2351,8.0,,10.0,,141.572,,5,,6.000000000000001,"LINESTRING (11.4046571 47.2704867, 11.4061938 47.2712173)"
2352,8.0,,10.0,,90.86699999999999,,5,,6.000000000000001,"LINESTRING (11.4046571 47.2704867, 11.4042084 47.2702722, 11.4040509 47.2702151, 11.4035934 47.2701238)"
2353,8.0,,10.0,,11.315,,5,,4.0,"LINESTRING (11.4052661 47.2701707, 11.4053869 47.270231)"
2354,8.0,,10.0,,29.534,,5,,5.0,"LINESTRING (11.4052661 47.2701707, 11.4049589 47.2700061)"
2355,8.0,,,,57.845,,10,,4.0,"LINESTRING (11.4052661 47.2701707, 11.4046571 47.2704867)"
2356,6.0,,10.0,7.0,25.097,5.0,10,,4.0,"LINESTRING (11.4282095 47.2734867, 11.4284033 47.2734243, 11.42851 47.2733899)"
2357,5.0,,10.0,,24.11,10.0,10,,4.0,"LINESTRING (11.4282095 47.2734867, 11.4283018 47.2733682, 11.4283588 47.273295)"
2358,6.0,,,,89.33700000000002,,5,,6.000000000000001,"LINESTRING (11.4285745 47.2743704, 11.4285031 47.2742654, 11.4285091 47.2741685, 11.4286311 47.2740393, 11.4283455 47.2736472)"
2359,5.0,,,,106.493,,5,,6.000000000000001,"LINESTRING (11.4285745 47.2743704, 11.4287875 47.2743614, 11.4292347 47.2742135, 11.4293967 47.2741175, 11.4298183 47.2739541)"
2360,8.0,,,,494.448,,5,,6.000000000000001,"LINESTRING (11.4285745 47.2743704, 11.4279445 47.2745596, 11.4273107 47.2745456, 11.426842 47.274714, 11.4265356 47.2748338, 11.4261889 47.2750434, 11.4259092 47.2751106, 11.4256139 47.2752351, 11.4252447 47.2754257, 11.4248108 47.2755509, 11.4240002 47.2758613, 11.4238791 47.2759508, 11.423766 47.2760258, 11.4235406 47.2762174, 11.4232634 47.2764047, 11.4230174 47.2764983)"
2361,6.0,,10.0,7.0,20.135,5.0,10,,6.000000000000001,"LINESTRING (11.42851 47.2733899, 11.4287759 47.2733744)"
2362,5.0,10.0,,,15.904,,5,,6.000000000000001,"LINESTRING (11.42851 47.2733899, 11.428445 47.2733284, 11.4283588 47.273295)"
2363,5.0,10.0,,,33.201,,5,,6.000000000000001,"LINESTRING (11.42851 47.2733899, 11.4285943 47.2734947, 11.4287263 47.2736499)"
2364,5.0,,10.0,,27.526,10.0,10,,5.0,"LINESTRING (11.4283588 47.273295, 11.428377 47.2731653, 11.4283517 47.2730493)"
2365,5.0,10.0,,,87.119,,5,,4.0,"LINESTRING (11.4283588 47.273295, 11.4282576 47.2732661, 11.4281996 47.2731227, 11.4277698 47.2726443)"
2366,5.0,10.0,,,15.904,,5,,6.000000000000001,"LINESTRING (11.4283588 47.273295, 11.428445 47.2733284, 11.42851 47.2733899)"
2367,5.0,10.0,,,87.119,,5,,4.0,"LINESTRING (11.4277698 47.2726443, 11.4281996 47.2731227, 11.4282576 47.2732661, 11.4283588 47.273295)"
2368,8.0,9.0,,,44.34,,5,,4.0,"LINESTRING (11.4224219 47.2715687, 11.4229743 47.2717048)"
2369,8.0,,,,106.561,,5,,6.000000000000001,"LINESTRING (11.4224219 47.2715687, 11.4216032 47.2723496)"
2370,8.0,,,,46.568,,5,,5.0,"LINESTRING (11.4224219 47.2715687, 11.4226123 47.2714088, 11.4228099 47.271243)"
2371,8.0,,,,118.023,,5,,3.0000000000000004,"LINESTRING (11.4235793 47.2729988, 11.424158 47.2720127)"
2372,8.0,,10.0,,166.977,,10,,5.0,"LINESTRING (11.4235793 47.2729988, 11.423382 47.2728806, 11.4229973 47.2727155, 11.4216032 47.2723496)"
2373,8.0,,,,118.023,,5,,3.0000000000000004,"LINESTRING (11.424158 47.2720127, 11.4235793 47.2729988)"
2374,5.0,10.0,10.0,,22.519,,5,,6.000000000000001,"LINESTRING (11.4287263 47.2736499, 11.4289693 47.2735323)"
2375,5.0,10.0,,,33.201,,5,,6.000000000000001,"LINESTRING (11.4287263 47.2736499, 11.4285943 47.2734947, 11.42851 47.2733899)"
2376,5.0,,10.0,,252.81799999999998,,5,,6.000000000000001,"LINESTRING (11.4287263 47.2736499, 11.4294662 47.2740339, 11.4295853 47.2741123, 11.4304872 47.2748084, 11.4305866 47.274905, 11.4306521 47.2749939, 11.4306523 47.2750212, 11.43065 47.2750429, 11.4306442 47.27506, 11.4306312 47.2750748, 11.4306129 47.2750865, 11.4305917 47.2750963, 11.4305666 47.2751023, 11.4305376 47.2751053, 11.4305085 47.2751042, 11.4304807 47.2751003, 11.4304542 47.2750937, 11.4304281 47.2750832, 11.4304029 47.2750673, 11.4303831 47.2750474, 11.4303656 47.2750205, 11.4303535 47.2749936, 11.4303332 47.2749507)"
2377,5.0,10.0,10.0,,6.213,,5,,6.000000000000001,"LINESTRING (11.4292061 47.2734186, 11.4291389 47.2734509)"
2378,8.0,,,,81.95299999999999,,5,,5.0,"LINESTRING (11.4292061 47.2734186, 11.4296919 47.2737811, 11.4297596 47.2738074, 11.4298026 47.2738188, 11.4298756 47.2738247, 11.4299072 47.2738265, 11.4299488 47.2738275, 11.429993 47.2738312, 11.4300387 47.2738424)"
2379,10.0,,,,54.875,,5,,6.000000000000001,"LINESTRING (11.4292061 47.2734186, 11.4292759 47.2733789, 11.429297 47.2733595, 11.4293272 47.2733374, 11.4294381 47.2733001, 11.4295723 47.2732555, 11.4296297 47.2732479, 11.4297281 47.2731109)"
2380,6.0,,,,14.748,5.0,5,,5.0,"LINESTRING (11.432578 47.2754789, 11.4325114 47.2756036)"
2381,6.0,,10.0,8.0,32.9,5.0,5,,5.0,"LINESTRING (11.432578 47.2754789, 11.4326347 47.2754134, 11.4327989 47.2752238)"
2382,5.0,,10.0,6.0,11.753,9.0,10,,4.0,"LINESTRING (11.4322869 47.2756583, 11.432132 47.275647)"
2383,5.0,,10.0,,252.818,,5,,6.000000000000001,"LINESTRING (11.4303332 47.2749507, 11.4303535 47.2749936, 11.4303656 47.2750205, 11.4303831 47.2750474, 11.4304029 47.2750673, 11.4304281 47.2750832, 11.4304542 47.2750937, 11.4304807 47.2751003, 11.4305085 47.2751042, 11.4305376 47.2751053, 11.4305666 47.2751023, 11.4305917 47.2750963, 11.4306129 47.2750865, 11.4306312 47.2750748, 11.4306442 47.27506, 11.43065 47.2750429, 11.4306523 47.2750212, 11.4306521 47.2749939, 11.4305866 47.274905, 11.4304872 47.2748084, 11.4295853 47.2741123, 11.4294662 47.2740339, 11.4287263 47.2736499)"
2384,5.0,,10.0,,45.507999999999996,,5,,6.000000000000001,"LINESTRING (11.4303332 47.2749507, 11.4305714 47.2748408, 11.4308483 47.2747387)"
2385,5.0,,10.0,,1336.314,,5,,6.000000000000001,"LINESTRING (11.4303332 47.2749507, 11.4292881 47.2753233, 11.4278819 47.2757629, 11.4263332 47.2763509, 11.4227698 47.2776825, 11.4219666 47.2779244, 11.4213674 47.278074, 11.4201482 47.2783145, 11.4167895 47.2790606, 11.4159828 47.2792204, 11.4159065 47.2791908, 11.4140944 47.2795609)"
2386,8.0,,,9.0,54.392,,5,,4.0,"LINESTRING (11.4297116 47.2755933, 11.4297518 47.2760817)"
2387,5.0,,10.0,6.0,213.285,9.0,10,,2.0,"LINESTRING (11.4297116 47.2755933, 11.4290909 47.2756865, 11.4284711 47.2758347, 11.4277961 47.2760447, 11.4270771 47.2762695)"
2388,8.0,,,9.0,54.392,,5,,4.0,"LINESTRING (11.4297518 47.2760817, 11.4297116 47.2755933)"
2389,6.0,,7.0,9.0,94.52799999999999,,5,,3.0000000000000004,"LINESTRING (11.4297518 47.2760817, 11.4296996 47.276145, 11.4296774 47.2761883, 11.4297033 47.2764122, 11.4292551 47.2764851, 11.4289769 47.2765318)"
2390,10.0,,,,83.761,,5,,6.000000000000001,"LINESTRING (11.4121717 47.2730611, 11.4123229 47.2731981, 11.4128371 47.2736641)"
2391,10.0,,,,226.51000000000002,,5,,7.000000000000001,"LINESTRING (11.4121717 47.2730611, 11.4120225 47.2729439, 11.4111377 47.2726285, 11.410644 47.2724918, 11.4098297 47.2722117, 11.4095787 47.272157, 11.4095171 47.2721436)"
2392,10.0,,,,36.405,,5,,6.000000000000001,"LINESTRING (11.4121717 47.2730611, 11.4122829 47.2731054, 11.4125188 47.2732841)"
2393,10.0,,,,554.662,,5,,6.000000000000001,"LINESTRING (11.4128371 47.2736641, 11.413021 47.2738035, 11.4131848 47.2740591, 11.4134622 47.2745792, 11.4136114 47.2747741, 11.4145657 47.2755792, 11.4161385 47.27704, 11.4163202 47.2771332, 11.4165537 47.2772132, 11.4166508 47.2772431, 11.4167903 47.277291, 11.4169852 47.2773922, 11.4172136 47.277488, 11.4172744 47.2775132)"
2394,10.0,,,,32.905,,5,,6.000000000000001,"LINESTRING (11.4128371 47.2736641, 11.4126818 47.2734323, 11.4126462 47.2733988)"
2395,10.0,,,,83.761,,5,,6.000000000000001,"LINESTRING (11.4128371 47.2736641, 11.4123229 47.2731981, 11.4121717 47.2730611)"
2396,6.0,,,9.0,9.084,,5,,8.0,"LINESTRING (11.4095171 47.2721436, 11.4095955 47.2720816)"
2397,10.0,,10.0,,640.3130000000001,,5,,7.000000000000001,"LINESTRING (11.4095171 47.2721436, 11.4091856 47.2719907, 11.4089499 47.2717871, 11.4088531 47.2716638, 11.4087393 47.2714491, 11.4087409 47.2712689, 11.4087971 47.2709241, 11.4087937 47.2705784, 11.4086012 47.2701569, 11.4082531 47.2697443, 11.4081684 47.26969, 11.4080884 47.2696103, 11.4077354 47.2693286, 11.4076766 47.2692989, 11.4075942 47.2692533, 11.4072126 47.2689544, 11.4064631 47.2682828, 11.4062592 47.2679188, 11.4062149 47.2677164, 11.4062824 47.2675494, 11.4062712 47.2674675, 11.4061944 47.2673634, 11.4061325 47.2671686)"
2398,10.0,,,,226.51,,5,,7.000000000000001,"LINESTRING (11.4095171 47.2721436, 11.4095787 47.272157, 11.4098297 47.2722117, 11.410644 47.2724918, 11.4111377 47.2726285, 11.4120225 47.2729439, 11.4121717 47.2730611)"
2399,6.0,,10.0,,62.209,,5,,7.000000000000001,"LINESTRING (11.4095171 47.2721436, 11.4091715 47.2723828, 11.408915 47.2725246)"
2400,2.0,,10.0,,82.383,10.0,10,,4.0,"LINESTRING (11.4075073 47.2581767, 11.4074076 47.2581876, 11.407319 47.258175, 11.4071971 47.2581581, 11.4070854 47.2581669, 11.4069711 47.258233, 11.4069097 47.2582731, 11.4068006 47.2582978, 11.4066551 47.2582777, 11.4065345 47.2582019)"
2401,2.0,,10.0,7.0,60.400999999999996,,10,,1.0,"LINESTRING (11.4075073 47.2581767, 11.4068617 47.2580124, 11.406755 47.257992)"
2402,8.0,,,9.0,23.437,,5,,5.0,"LINESTRING (11.3735879 47.2549801, 11.3733873 47.2548192)"
2403,8.0,,,9.0,30.207,,5,,6.000000000000001,"LINESTRING (11.3735879 47.2549801, 11.3738192 47.2552018)"
2404,6.0,,,,42.515,,5,,6.000000000000001,"LINESTRING (11.3735879 47.2549801, 11.3733998 47.2553405)"
2405,8.0,,,,31.817,,5,,5.0,"LINESTRING (11.3870736 47.2708253, 11.3867439 47.2706469)"
2406,6.0,,10.0,9.0,70.05199999999999,10.0,10,,5.0,"LINESTRING (11.3870736 47.2708253, 11.3867946 47.2710081, 11.3865205 47.2712453, 11.3864709 47.2713014)"
2407,8.0,,,,71.02,,5,,4.0,"LINESTRING (11.3871327 47.2700936, 11.3867068 47.2706268, 11.3867439 47.2706469)"
2408,6.0,,,,8.692,,5,,6.000000000000001,"LINESTRING (11.3879213 47.2751768, 11.3879023 47.2752539)"
2409,8.0,,10.0,,67.623,,5,,7.000000000000001,"LINESTRING (11.3879213 47.2751768, 11.3877192 47.2752377, 11.3876743 47.275233, 11.3873056 47.2750988, 11.3870985 47.2750701)"
2410,8.0,,,,125.686,,5,,7.000000000000001,"LINESTRING (11.3879213 47.2751768, 11.3886235 47.274932, 11.3894036 47.2746609)"
2411,8.0,,10.0,,73.322,,5,,6.000000000000001,"LINESTRING (11.3984077 47.2590602, 11.398336 47.2584026)"
2412,8.0,,10.0,,27.246,,10,,5.0,"LINESTRING (11.3984077 47.2590602, 11.3980476 47.2590778)"
2413,6.0,,,,106.68900000000001,,5,,6.000000000000001,"LINESTRING (11.3984077 47.2590602, 11.3984105 47.2591544, 11.3984145 47.2593002, 11.3982622 47.2597192, 11.3980512 47.2598387, 11.3979509 47.2599138)"
2414,10.0,,10.0,,148.261,,5,,5.0,"LINESTRING (11.3911853 47.2694156, 11.391271 47.2694633, 11.3914771 47.2696691, 11.3915974 47.2698242, 11.391697 47.2699845, 11.3919033 47.2702053, 11.3922223 47.270481, 11.3922119 47.2705286)"
2415,10.0,,10.0,,67.251,,5,,6.000000000000001,"LINESTRING (11.3911853 47.2694156, 11.3911466 47.2694131, 11.3911079 47.2694156, 11.3910764 47.2694167, 11.3910497 47.2694133, 11.3910239 47.2694045, 11.3909888 47.2693803, 11.3909002 47.2693075, 11.3908115 47.2692413, 11.390659 47.2691788, 11.3905745 47.2690742, 11.3905644 47.2690403)"
2416,10.0,,10.0,,122.112,,5,,6.000000000000001,"LINESTRING (11.3911853 47.2694156, 11.3908248 47.2691059, 11.3903958 47.2687844, 11.3901216 47.268589)"
2417,8.0,,,,36.498999999999995,,10,,4.0,"LINESTRING (11.4062487 47.2614207, 11.4060553 47.2613811, 11.4058862 47.2613472, 11.4057856 47.261326)"
2418,8.0,,,,103.691,,10,,4.0,"LINESTRING (11.4071511 47.2614352, 11.4082508 47.2616141, 11.4084115 47.261738)"
2419,8.0,,10.0,,15.537999999999998,,5,,5.0,"LINESTRING (11.4071511 47.2614352, 11.4071087 47.2615406, 11.407098 47.2615702)"
2420,6.0,,,,25.226,,5,,4.0,"LINESTRING (11.3965956 47.2634693, 11.3962643 47.2634996)"
2421,8.0,9.0,10.0,,72.202,,5,,6.000000000000001,"LINESTRING (11.3965956 47.2634693, 11.3967692 47.2640415, 11.3967885 47.2641053)"
2422,8.0,9.0,10.0,,66.685,,5,,7.000000000000001,"LINESTRING (11.3965956 47.2634693, 11.3964657 47.2630413, 11.3964174 47.2628819)"
2423,8.0,,10.0,,25.697000000000003,,5,,8.0,"LINESTRING (11.3947808 47.2629006, 11.3947839 47.26281, 11.3947872 47.2627505, 11.3947906 47.2626696)"
2424,8.0,,10.0,,119.868,,5,,7.000000000000001,"LINESTRING (11.3947808 47.2629006, 11.3947825 47.2629565, 11.3948078 47.2637893, 11.3948171 47.2639783)"
2425,5.0,,9.0,,15.331,,5,,6.000000000000001,"LINESTRING (11.4273434 47.2546795, 11.4271933 47.2545866)"
2426,5.0,,9.0,,212.48700000000002,,5,,6.000000000000001,"LINESTRING (11.4273434 47.2546795, 11.4283588 47.2550702, 11.4284337 47.2551379, 11.4285132 47.2552828, 11.428595 47.2553685, 11.4287727 47.2554559, 11.4291986 47.2555496, 11.4293962 47.255572, 11.4295893 47.255571, 11.4295929 47.2556284)"
2427,5.0,,,,252.866,,5,,6.000000000000001,"LINESTRING (11.4273434 47.2546795, 11.427564 47.2545883, 11.4277048 47.2544208, 11.4278846 47.2543044, 11.4281258 47.2542087, 11.4284464 47.2541542, 11.4287669 47.2540467, 11.4290297 47.2539976, 11.4292614 47.2539166, 11.4295126 47.2538765, 11.4298157 47.2537846, 11.4300034 47.253749, 11.4301883 47.2537604, 11.4302136 47.2537442, 11.4302525 47.2537192)"
2428,8.0,,10.0,,90.06099999999999,,10,,5.0,"LINESTRING (11.3992676 47.2815548, 11.3992021 47.2815614, 11.3991522 47.2815622, 11.3991013 47.2815549, 11.3990485 47.2815359, 11.3990036 47.2815111, 11.3989826 47.281493, 11.3989658 47.2814744, 11.398956 47.281455, 11.3989504 47.2814337, 11.3989473 47.2814143, 11.3989506 47.2813924, 11.3989996 47.2812958, 11.3990329 47.2812132, 11.3990342 47.2811811, 11.3990297 47.2811508, 11.3990152 47.2811149, 11.3989288 47.2810324, 11.3988379 47.2809553)"
2429,8.0,,10.0,9.0,108.923,,5,,5.0,"LINESTRING (11.3992676 47.2815548, 11.3994939 47.281718, 11.3996067 47.2819395, 11.3997032 47.2820642, 11.3997454 47.2821188, 11.399812 47.2821595, 11.399902 47.2821844, 11.3999758 47.2821901, 11.4000938 47.2821991, 11.4001765 47.282223)"
2430,8.0,,10.0,9.0,6.061,,5,,6.000000000000001,"LINESTRING (11.4002561 47.2822304, 11.4001765 47.282223)"
2431,8.0,,10.0,9.0,93.93199999999999,,5,,6.000000000000001,"LINESTRING (11.4002561 47.2822304, 11.4005029 47.2821632, 11.4005673 47.282137, 11.4006499 47.2820842, 11.4008307 47.2817569, 11.4008984 47.2816856, 11.4010361 47.2816445)"
2432,6.0,,,,94.584,,5,,4.0,"LINESTRING (11.4002561 47.2822304, 11.4001628 47.2823269, 11.4001761 47.2824394, 11.4002308 47.2825205, 11.4002853 47.2825933, 11.4003065 47.2826605, 11.4003038 47.2827366, 11.4002906 47.2828142, 11.400264 47.2828559, 11.4002109 47.2828806, 11.4001313 47.2828638, 11.4000334 47.2828142)"
2433,8.0,,10.0,9.0,15.011,,5,,6.000000000000001,"LINESTRING (11.403582 47.2817463, 11.4033833 47.281739)"
2434,8.0,,10.0,9.0,123.795,,5,,7.000000000000001,"LINESTRING (11.403582 47.2817463, 11.4036852 47.2817292, 11.4038522 47.2817508, 11.404176 47.2818888, 11.4048723 47.282359)"
2435,5.0,,7.0,,87.309,,5,,6.000000000000001,"LINESTRING (11.403582 47.2817463, 11.4036189 47.2817858, 11.4037171 47.2818042, 11.4037576 47.2818876, 11.4039554 47.2821172, 11.4040742 47.282259, 11.404156 47.282401)"
2436,6.0,9.0,,,44.327,,5,,6.000000000000001,"LINESTRING (11.413808 47.2623922, 11.4143651 47.2622658)"
2437,6.0,,,,76.473,,5,,6.000000000000001,"LINESTRING (11.413808 47.2623922, 11.4132211 47.2624859, 11.4130636 47.2625079, 11.4128201 47.2625454)"
2438,6.0,,,,81.841,,10,,6.000000000000001,"LINESTRING (11.413808 47.2623922, 11.4136678 47.2624618, 11.4134165 47.262516, 11.4128971 47.2626013, 11.4128201 47.2625454)"
2439,6.0,,,,102.264,,5,,3.0000000000000004,"LINESTRING (11.4070532 47.2500568, 11.4063968 47.2496973, 11.4062914 47.2496482, 11.4061785 47.2496091, 11.4060517 47.2495966, 11.4059237 47.2496059)"
2440,5.0,,9.0,,90.75699999999999,,5,,5.0,"LINESTRING (11.4236728 47.252744, 11.4235579 47.2528973, 11.4235565 47.2529663, 11.423797 47.253286, 11.4239362 47.2534805)"
2441,5.0,,,,97.262,,5,,4.0,"LINESTRING (11.4236728 47.252744, 11.4237909 47.2527089, 11.424081 47.2526404, 11.4245793 47.2526746, 11.4249291 47.2526495)"
2442,6.0,,10.0,9.0,19.298,,5,,6.000000000000001,"LINESTRING (11.3877605 47.2679419, 11.3880161 47.2679359)"
2443,10.0,,10.0,,53.003,,5,,6.000000000000001,"LINESTRING (11.3877605 47.2679419, 11.3877533 47.267885, 11.3878623 47.2676785, 11.3879776 47.2674942)"
2444,6.0,,10.0,9.0,16.483,,5,,6.000000000000001,"LINESTRING (11.3877605 47.2679419, 11.3876589 47.2679421, 11.3875421 47.2679396)"
2445,10.0,,10.0,,53.00300000000001,,5,,6.000000000000001,"LINESTRING (11.3879776 47.2674942, 11.3878623 47.2676785, 11.3877533 47.267885, 11.3877605 47.2679419)"
2446,10.0,,10.0,,303.27,,5,,6.000000000000001,"LINESTRING (11.3879776 47.2674942, 11.3874583 47.2672663, 11.3872954 47.2672011, 11.3872411 47.267182, 11.3870662 47.2670885, 11.3869313 47.2669899, 11.3866451 47.2668446, 11.3864091 47.2667473, 11.386229 47.2666577, 11.3859807 47.2665047, 11.3856003 47.2662946, 11.3850896 47.2660069, 11.3847891 47.2658457)"
2447,10.0,,10.0,,204.37400000000002,,5,,6.000000000000001,"LINESTRING (11.3879776 47.2674942, 11.3881125 47.2675733, 11.3882709 47.2676575, 11.388584 47.2678232, 11.3886919 47.2678663, 11.388803 47.2678689, 11.389979 47.2684816, 11.3901216 47.268589)"
2448,8.0,,10.0,,152.088,,5,,6.000000000000001,"LINESTRING (11.4125648 47.2556805, 11.4122981 47.2565464, 11.4120453 47.2567957, 11.4120344 47.2568865, 11.4120848 47.2569691)"
2449,10.0,,,,35.866,,5,,6.000000000000001,"LINESTRING (11.4125648 47.2556805, 11.4126177 47.2556582, 11.4126914 47.2554115, 11.4127004 47.2553836)"
2450,6.0,,,,58.825,,5,,4.0,"LINESTRING (11.4125648 47.2556805, 11.4126259 47.255494, 11.4126178 47.2554654, 11.4125898 47.2554427, 11.4125399 47.2554328, 11.4121887 47.2553809)"
2451,10.0,,,,9.53,,5,,5.0,"LINESTRING (11.4113582 47.2580379, 11.4114362 47.2579705)"
2452,10.0,,,,67.924,,5,,4.0,"LINESTRING (11.4113582 47.2580379, 11.4112415 47.2582105, 11.4111172 47.2583115, 11.410952 47.2583902, 11.411061 47.2585234)"
2453,10.0,,,,9.771,,5,,6.000000000000001,"LINESTRING (11.4113582 47.2580379, 11.4113297 47.2579917, 11.4113031 47.2579585)"
2454,6.0,,,,83.87700000000001,,5,,4.0,"LINESTRING (11.3993585 47.2496619, 11.3990659 47.2496144, 11.3988924 47.249581, 11.3986484 47.2495068, 11.3985578 47.24947, 11.3984483 47.2494403, 11.3983997 47.24943, 11.3983145 47.2494143)"
2455,5.0,,,,151.57800000000003,,5,,6.000000000000001,"LINESTRING (11.3897873 47.2523648, 11.389717 47.2524544, 11.3896288 47.2524993, 11.3893409 47.2526457, 11.3889823 47.2527994, 11.3887945 47.2528437, 11.3886199 47.2528465, 11.3883478 47.2528095, 11.3881818 47.2527816, 11.3880493 47.2527457)"
2456,2.0,,10.0,5.0,716.382,9.0,5,,6.000000000000001,"LINESTRING (11.3897873 47.2523648, 11.3896911 47.2523696, 11.3896192 47.2523576, 11.389556 47.2523365, 11.3894972 47.2523057, 11.3894533 47.2522694, 11.3894321 47.2522229, 11.3894199 47.2521723, 11.3894246 47.252127, 11.3894397 47.2520858, 11.3894915 47.2520268, 11.3895527 47.2519859, 11.3896098 47.2519603, 11.3897148 47.2519236, 11.3899669 47.2518432, 11.3903107 47.2517599, 11.3904571 47.2517259, 11.39061 47.2516994, 11.3908482 47.2516672, 11.3909983 47.2516539, 11.3911179 47.2516381, 11.3912129 47.2516171, 11.3912902 47.251598, 11.3913636 47.2515759, 11.3914353 47.2515471, 11.3915118 47.2515153, 11.391573 47.2514853, 11.3916367 47.251449, 11.3917061 47.2513986, 11.3917805 47.2513344, 11.3918346 47.2512726, 11.3918836 47.2512073, 11.3919234 47.2511371, 11.3919521 47.2510607, 11.39197 47.2509824, 11.3919752 47.2508557, 11.3919673 47.2507723, 11.3919449 47.2506922, 11.391919 47.250621, 11.391885 47.2505509, 11.3918503 47.250497, 11.3918089 47.2504397, 11.3917404 47.2503691, 11.391657 47.2503025, 11.3915821 47.250256, 11.3915027 47.2502125, 11.3914202 47.2501758, 11.3913363 47.2501442, 11.3912368 47.2501114, 11.3911372 47.2500868, 11.3910105 47.2500678, 11.3908838 47.2500548, 11.3893693 47.2499514, 11.3890936 47.2499285, 11.3889851 47.2499199, 11.3888856 47.2499026, 11.3887831 47.2498732, 11.388691 47.2498326, 11.388623 47.2497904, 11.3885624 47.2497359, 11.3885152 47.2496804, 11.3884866 47.2496212, 11.3884686 47.2495578, 11.3884704 47.249504, 11.3884842 47.249446, 11.3885089 47.2493823, 11.3885443 47.2493314, 11.3885791 47.2492871, 11.3886821 47.2491776, 11.3888708 47.2489863)"
2457,2.0,,10.0,5.0,323.9030000000001,9.0,5,,6.000000000000001,"LINESTRING (11.3897873 47.2523648, 11.3898732 47.2523393, 11.3899962 47.2522773, 11.3903185 47.2520982, 11.390444 47.2520414, 11.3905782 47.2519924, 11.3907139 47.251957, 11.390852 47.2519289, 11.3910446 47.2519084, 11.3912321 47.2518959, 11.3915129 47.2518781, 11.3917209 47.2518572, 11.3918309 47.2518418, 11.3919296 47.2518241, 11.3920258 47.2518029, 11.3922024 47.2517533, 11.3923718 47.2516927, 11.3925348 47.2516173, 11.3928675 47.2514318, 11.3934961 47.2510602)"
2458,6.0,,,7.0,9.327,,10,,4.0,"LINESTRING (11.4339945 47.2632246, 11.433949 47.2631962, 11.4339186 47.2631597)"
2459,5.0,,,,47.658,5.0,5,,4.0,"LINESTRING (11.3750376 47.254128, 11.375033 47.253991, 11.3750042 47.253853, 11.3749184 47.2537124)"
2460,5.0,,10.0,,182.84500000000003,5.0,5,,6.000000000000001,"LINESTRING (11.3750376 47.254128, 11.375041 47.2542798, 11.3750505 47.2543647, 11.3750637 47.2544215, 11.375095 47.2544918, 11.3751443 47.2545548, 11.3752968 47.2547158, 11.3761188 47.2554702, 11.3761983 47.2555229)"
2461,5.0,,,,11.249,,5,,4.0,"LINESTRING (11.4128711 47.285501, 11.4129831 47.2854342)"
2462,6.0,,,,68.93,,5,,5.0,"LINESTRING (11.4128711 47.285501, 11.412866 47.2854163, 11.4128719 47.285381, 11.4128859 47.2853406, 11.4130122 47.2851698, 11.4130597 47.2851111, 11.4132196 47.284943)"
2463,6.0,,,,16.083,,5,,6.000000000000001,"LINESTRING (11.4132957 47.2848832, 11.4133795 47.2847502)"
2464,6.0,,,,8.784,,5,,6.000000000000001,"LINESTRING (11.4132957 47.2848832, 11.4132196 47.284943)"
2465,6.0,,,,66.05,,5,,5.0,"LINESTRING (11.4132957 47.2848832, 11.4132488 47.2849894, 11.4131769 47.2850991, 11.4130374 47.2852908, 11.4130061 47.2853421, 11.4129902 47.2853812, 11.4129831 47.2854342)"
2466,8.0,9.0,10.0,9.0,141.177,,10,,5.0,"LINESTRING (11.4074334 47.2717819, 11.4081617 47.2720098, 11.408915 47.2725246)"
2467,6.0,,,,119.58400000000002,,5,,4.0,"LINESTRING (11.4074334 47.2717819, 11.4073728 47.2716852, 11.407216 47.2716054, 11.4070164 47.271424, 11.4066208 47.2711629, 11.4063428 47.2710202)"
2468,6.0,,10.0,,38.30499999999999,,5,,6.000000000000001,"LINESTRING (11.4077159 47.2731201, 11.4079708 47.273066, 11.4080819 47.2730177, 11.4081734 47.2729779)"
2469,6.0,,10.0,,30.586,,5,,7.000000000000001,"LINESTRING (11.4077159 47.2731201, 11.4076786 47.2731274, 11.4074436 47.2731684, 11.4073236 47.2731894)"
2470,8.0,,,,275.178,,5,,7.000000000000001,"LINESTRING (11.4077159 47.2731201, 11.4101523 47.274817, 11.4102608 47.2748929)"
2471,6.0,,10.0,,9.383,,5,,7.000000000000001,"LINESTRING (11.3949141 47.2626794, 11.3947906 47.2626696)"
2472,6.0,,,,26.607,,10,,5.0,"LINESTRING (11.3949141 47.2626794, 11.3948624 47.2627533, 11.3948458 47.262777, 11.3947808 47.2629006)"
2473,6.0,,10.0,,36.706,,5,,5.0,"LINESTRING (11.3949141 47.2626794, 11.3950277 47.2626891, 11.3953963 47.2627228)"
2474,6.0,,,,31.018,,5,,5.0,"LINESTRING (11.3769806 47.2642329, 11.3769051 47.2642259, 11.3765703 47.2642219)"
2475,10.0,,10.0,,14.431,,5,,6.000000000000001,"LINESTRING (11.3749098 47.2648203, 11.375099 47.2648392)"
2476,10.0,,,,92.72,,5,,6.000000000000001,"LINESTRING (11.3749098 47.2648203, 11.3749306 47.2647904, 11.3749511 47.264756, 11.3749539 47.2647279, 11.3748341 47.2643733, 11.3748189 47.264313, 11.3747874 47.2640032)"
2477,10.0,,10.0,,119.106,,5,,7.000000000000001,"LINESTRING (11.3749098 47.2648203, 11.3746622 47.264821, 11.3733314 47.2648276)"
2478,2.0,,10.0,7.0,71.112,5.0,5,,6.000000000000001,"LINESTRING (11.4028375 47.2786418, 11.4021351 47.2782153)"
2479,10.0,,,,74.705,,10,,5.0,"LINESTRING (11.4028375 47.2786418, 11.4026395 47.2786279, 11.4020455 47.2782733)"
2480,2.0,,10.0,7.0,41.075,,5,,5.0,"LINESTRING (11.4028375 47.2786418, 11.4031392 47.2788288, 11.4032397 47.2788908)"
2481,10.0,,,,128.098,,10,,5.0,"LINESTRING (11.4020455 47.2782733, 11.4007821 47.2775036)"
2482,6.0,,,,9.343,,5,,7.000000000000001,"LINESTRING (11.4020455 47.2782733, 11.4021351 47.2782153)"
2483,6.0,,,,87.814,,5,,4.0,"LINESTRING (11.4020455 47.2782733, 11.4017692 47.278499, 11.4016889 47.2785207, 11.40147 47.27871, 11.4015002 47.2787365, 11.4016908 47.2788367)"
2484,6.0,,10.0,,41.801,,5,,6.000000000000001,"LINESTRING (11.4007821 47.2775036, 11.4004288 47.2777932)"
2485,6.0,,10.0,,11.724,,5,,7.000000000000001,"LINESTRING (11.4007821 47.2775036, 11.4008085 47.2773997)"
2486,8.0,,10.0,9.0,82.26400000000001,,5,,6.000000000000001,"LINESTRING (11.4010361 47.2816445, 11.4012865 47.2816099, 11.4016655 47.2816275, 11.4021202 47.2816407)"
2487,5.0,,,,200.32000000000002,,5,,6.000000000000001,"LINESTRING (11.4010361 47.2816445, 11.4013854 47.28167, 11.4021891 47.2817833, 11.4024706 47.2818502, 11.4026296 47.2818988, 11.4027391 47.2819941, 11.4028518 47.2821061, 11.4032252 47.2823613, 11.4033119 47.2823986)"
2488,8.0,,10.0,9.0,93.93199999999999,,5,,6.000000000000001,"LINESTRING (11.4010361 47.2816445, 11.4008984 47.2816856, 11.4008307 47.2817569, 11.4006499 47.2820842, 11.4005673 47.282137, 11.4005029 47.2821632, 11.4002561 47.2822304)"
2489,8.0,,10.0,,47.059,,5,,7.000000000000001,"LINESTRING (11.3988379 47.2809553, 11.3987882 47.2810737, 11.3988079 47.2811574, 11.3987779 47.2812593, 11.3986528 47.2813315)"
2490,6.0,,,,37.74,,5,,5.0,"LINESTRING (11.3988379 47.2809553, 11.3986974 47.2809677, 11.3983446 47.2809241)"
2491,8.0,,10.0,,30.993000000000002,,5,,7.000000000000001,"LINESTRING (11.3988379 47.2809553, 11.3989049 47.2808681, 11.3989217 47.280845, 11.3989273 47.2808188, 11.3989272 47.2807921, 11.3989223 47.2807678, 11.3989101 47.28074, 11.398878 47.2806973)"
2492,8.0,,10.0,,55.504,,5,,6.000000000000001,"LINESTRING (11.4134806 47.2840269, 11.4129963 47.2836511)"
2493,8.0,,10.0,,81.896,,5,,6.000000000000001,"LINESTRING (11.4134806 47.2840269, 11.4135066 47.2840875, 11.4135133 47.2841381, 11.4135044 47.2843588, 11.4134933 47.2844379, 11.4134753 47.2845034, 11.4134482 47.2845764, 11.4134022 47.2846785, 11.4133837 47.2847204, 11.4133795 47.2847502)"
2494,6.0,,,,131.811,,5,,8.0,"LINESTRING (11.4134806 47.2840269, 11.4135961 47.2840931, 11.4136828 47.2841689, 11.4138751 47.284213, 11.4139883 47.2841861, 11.4141092 47.2841495, 11.4141551 47.2841017, 11.4141597 47.2838887, 11.4142087 47.2835421, 11.4142801 47.2835071)"
2495,8.0,,10.0,,210.00100000000003,,5,,6.000000000000001,"LINESTRING (11.370587 47.2620179, 11.3706604 47.2618929, 11.3709085 47.2614733, 11.3714411 47.2605688, 11.371622 47.2602648)"
2496,6.0,,,,64.058,,5,,5.0,"LINESTRING (11.370587 47.2620179, 11.3703749 47.2619599, 11.3699323 47.261843, 11.369796 47.2618089)"
2497,6.0,,,,69.68199999999999,,5,,6.000000000000001,"LINESTRING (11.370587 47.2620179, 11.3707005 47.2620495, 11.3708117 47.2620804, 11.3710003 47.2621328, 11.3714415 47.2622554)"
2498,8.0,9.0,10.0,,108.967,9.0,10,,3.0000000000000004,"LINESTRING (11.3953115 47.2698881, 11.3953281 47.2700104, 11.3953351 47.2700619, 11.3954739 47.2708618)"
2499,7.0,,,,14.606000000000002,,5,,6.000000000000001,"LINESTRING (11.3953115 47.2698881, 11.3953938 47.2698834, 11.3955044 47.2698771)"
2500,8.0,,10.0,,17.657,,5,,6.000000000000001,"LINESTRING (11.4062802 47.281952, 11.406483 47.2820313)"
2501,8.0,,10.0,,44.488,,5,,7.000000000000001,"LINESTRING (11.4062802 47.281952, 11.4061666 47.2819674, 11.4060043 47.2819036, 11.4058031 47.2817654)"
2502,8.0,,10.0,,65.47,,5,,6.000000000000001,"LINESTRING (11.4062802 47.281952, 11.405975 47.2816766, 11.4059166 47.2814356)"
2503,8.0,,10.0,,65.47,,5,,6.000000000000001,"LINESTRING (11.4059166 47.2814356, 11.405975 47.2816766, 11.4062802 47.281952)"
2504,5.0,,10.0,8.0,113.19899999999998,,5,,6.000000000000001,"LINESTRING (11.4059166 47.2814356, 11.4059807 47.2814926, 11.4062213 47.281726, 11.4064863 47.2819003, 11.4068044 47.2820026, 11.4070575 47.282017)"
2505,5.0,,10.0,8.0,53.773,5.0,5,,7.000000000000001,"LINESTRING (11.4059166 47.2814356, 11.4057758 47.2813109, 11.4054605 47.2810642)"
2506,10.0,,,,12.435,,5,,7.000000000000001,"LINESTRING (11.3914081 47.268284, 11.3915138 47.2683698)"
2507,6.0,,10.0,,9.199,5.0,5,,7.000000000000001,"LINESTRING (11.3914081 47.268284, 11.3914922 47.2682241)"
2508,10.0,,,,11.52,,5,,7.000000000000001,"LINESTRING (11.3914081 47.268284, 11.3913102 47.2682045)"
2509,6.0,,10.0,,10.948,5.0,5,,5.0,"LINESTRING (11.3914081 47.268284, 11.391358 47.2683196, 11.3913079 47.2683552)"
2510,6.0,,,,112.654,,5,,6.000000000000001,"LINESTRING (11.3894434 47.2760156, 11.3894379 47.2762094, 11.3894432 47.2762537, 11.3894515 47.2762926, 11.38946 47.2763299, 11.3894746 47.2763688, 11.3894964 47.2764156, 11.389525 47.2764613, 11.3895596 47.2765063, 11.3896147 47.276567, 11.3896486 47.2765974, 11.389685 47.2766278, 11.3898286 47.2767288, 11.3898677 47.2767608, 11.3898848 47.2767999, 11.3898862 47.2768332, 11.38988 47.2768597, 11.3898671 47.2768843, 11.3898481 47.2769061, 11.3898245 47.2769257)"
2511,6.0,,,,78.92200000000001,,5,,7.000000000000001,"LINESTRING (11.3894434 47.2760156, 11.3894494 47.2758751, 11.3894483 47.2758089, 11.3894413 47.2757682, 11.3894272 47.2757291, 11.3893941 47.2756677, 11.3893453 47.2755792, 11.3892621 47.2754555, 11.3891909 47.2753392)"
2512,6.0,,,,90.39899999999999,,5,,6.000000000000001,"LINESTRING (11.3894434 47.2760156, 11.3893242 47.2760575, 11.3892585 47.2760393, 11.3890904 47.2757774, 11.3889122 47.2754963, 11.3889373 47.275416)"
2513,5.0,,7.0,,28.059,,5,,4.0,"LINESTRING (11.4286382 47.2636718, 11.4282828 47.2635976)"
2514,5.0,,7.0,,42.334,,5,,6.000000000000001,"LINESTRING (11.4286382 47.2636718, 11.4286898 47.2636827, 11.4291738 47.2637851)"
2515,5.0,,,,80.577,,5,,7.000000000000001,"LINESTRING (11.4286382 47.2636718, 11.4286652 47.2636452, 11.4287161 47.2635992, 11.4288134 47.2635132, 11.4288856 47.2634182, 11.4289278 47.2633182, 11.4289732 47.2631591, 11.4289749 47.2631458, 11.4289818 47.2630717, 11.4289914 47.2630062)"
2516,5.0,,,,9.309,,5,,5.0,"LINESTRING (11.4291738 47.2637851, 11.4291365 47.2638649)"
2517,5.0,,7.0,,42.334,,5,,6.000000000000001,"LINESTRING (11.4291738 47.2637851, 11.4286898 47.2636827, 11.4286382 47.2636718)"
2518,5.0,,,,10.445,,5,,5.0,"LINESTRING (11.4291738 47.2637851, 11.4292162 47.2637907, 11.4293097 47.2638029)"
2519,2.0,,10.0,7.0,31.130999999999997,9.0,10,,3.0000000000000004,"LINESTRING (11.4105358 47.2585262, 11.4107513 47.2585275, 11.4108471 47.258512, 11.4109429 47.2584964)"
2520,8.0,,,,56.797,,5,,4.0,"LINESTRING (11.4053323 47.2595024, 11.4060582 47.2596373)"
2521,6.0,,,,49.175,,5,,4.0,"LINESTRING (11.4053323 47.2595024, 11.405469 47.25907)"
2522,8.0,,,,78.12500000000001,,5,,6.000000000000001,"LINESTRING (11.4053323 47.2595024, 11.4045391 47.2593488, 11.4044791 47.2593434, 11.4044268 47.2593506, 11.4043934 47.2593656, 11.4043572 47.259395)"
2523,6.0,,,,91.80000000000001,,5,,6.000000000000001,"LINESTRING (11.404215 47.2585752, 11.40428 47.2589438, 11.4043363 47.2593075, 11.4043572 47.259395)"
2524,6.0,,,,87.622,,5,,6.000000000000001,"LINESTRING (11.404215 47.2585752, 11.4040947 47.2578927, 11.4040996 47.2578316, 11.4041361 47.2578009)"
2525,7.0,,10.0,,198.411,,5,,6.000000000000001,"LINESTRING (11.404215 47.2585752, 11.4043762 47.258591, 11.4052129 47.2587077, 11.405562 47.2587561, 11.4062397 47.2588546, 11.4062891 47.258848, 11.4063405 47.2588155, 11.406425 47.258521)"
2526,6.0,,,,14.431,,5,,6.000000000000001,"LINESTRING (11.3995264 47.2618392, 11.3993357 47.2618295)"
2527,6.0,,,,14.46,,5,,6.000000000000001,"LINESTRING (11.3995264 47.2618392, 11.3997143 47.2618647)"
2528,6.0,,,,123.26700000000001,,10,,5.0,"LINESTRING (11.3995264 47.2618392, 11.3996933 47.262387, 11.3997907 47.2627056, 11.4000698 47.2628248)"
2529,5.0,,,,14.259,,5,,6.000000000000001,"LINESTRING (11.4034905 47.2824406, 11.4033119 47.2823986)"
2530,5.0,,7.0,,62.702,,5,1.0,6.000000000000001,"LINESTRING (11.4034905 47.2824406, 11.4035967 47.2824425, 11.4036892 47.282523, 11.4038166 47.2825908, 11.4039333 47.2826258, 11.4041702 47.2826595, 11.4042024 47.2826788)"
2531,5.0,,,,102.077,,5,,6.000000000000001,"LINESTRING (11.4034905 47.2824406, 11.4035954 47.2825307, 11.4036557 47.2826262, 11.4037125 47.2826687, 11.4039618 47.282766, 11.4040473 47.2828082, 11.4040997 47.2828725, 11.4042269 47.2831615)"
2532,5.0,,,,39.558,,5,,6.000000000000001,"LINESTRING (11.4058316 47.2857308, 11.4058449 47.2856835, 11.4058273 47.2856031, 11.4055839 47.2854483)"
2533,5.0,,,,110.833,,5,5.0,6.000000000000001,"LINESTRING (11.4058316 47.2857308, 11.4057404 47.2856579, 11.4056359 47.285586, 11.4052678 47.2854333, 11.4049478 47.2853793, 11.4045358 47.2853301)"
2534,5.0,,,,165.80800000000002,,5,,5.0,"LINESTRING (11.4058316 47.2857308, 11.4058879 47.2857891, 11.4062109 47.2858803, 11.4063678 47.2859056, 11.4066143 47.2859018, 11.4075772 47.2860096, 11.4077515 47.286083, 11.4077907 47.2861392, 11.4078185 47.2861791)"
2535,8.0,,,,142.256,,5,,6.000000000000001,"LINESTRING (11.3807873 47.2755581, 11.3808824 47.2756444, 11.3809724 47.275663, 11.3810646 47.2756504, 11.3811296 47.2756019, 11.3811778 47.2755363, 11.3812846 47.2751173, 11.3815106 47.2746626)"
2536,8.0,,,,64.715,,5,,6.000000000000001,"LINESTRING (11.3807873 47.2755581, 11.3808249 47.2753379, 11.3808114 47.2752079, 11.380737 47.2750827, 11.3806346 47.2750179)"
2537,6.0,,,,71.82000000000001,,5,,4.0,"LINESTRING (11.3807873 47.2755581, 11.380578 47.2758488, 11.3804785 47.276081, 11.3803665 47.2761077)"
2538,8.0,,,,39.341,,5,,6.000000000000001,"LINESTRING (11.3816847 47.2744994, 11.3817314 47.2744869, 11.3817738 47.2745093, 11.381821 47.2746072, 11.3818837 47.2746637, 11.382018 47.2747245)"
2539,8.0,,,,23.342,,5,,6.000000000000001,"LINESTRING (11.3816847 47.2744994, 11.3816194 47.2746071, 11.3815622 47.2746273, 11.3815106 47.2746626)"
2540,5.0,,7.0,,120.441,,5,,8.0,"LINESTRING (11.3816847 47.2744994, 11.3817307 47.2744418, 11.3817879 47.2743907, 11.3819756 47.2742719, 11.3821511 47.2742428, 11.3823478 47.2742394, 11.3825038 47.2742055, 11.3826396 47.274153, 11.3827542 47.2740729, 11.3827788 47.2740371, 11.3829011 47.2740072, 11.3829962 47.2740241)"
2541,6.0,,,,8.865,,5,,4.0,"LINESTRING (11.3977241 47.2683519, 11.397609 47.2683359)"
2542,6.0,,,,23.275,,5,,6.000000000000001,"LINESTRING (11.3971642 47.2670382, 11.3972181 47.2672443)"
2543,8.0,9.0,10.0,9.0,71.973,,5,,6.000000000000001,"LINESTRING (11.3971642 47.2670382, 11.3962296 47.2671676)"
2544,8.0,9.0,10.0,9.0,37.604,,5,,5.0,"LINESTRING (11.3971642 47.2670382, 11.3975269 47.266988, 11.3976525 47.2669706)"
2545,7.0,,4.0,,3.949,,5,,4.0,"LINESTRING (11.3978946 47.2695307, 11.3978427 47.2695353)"
2546,7.0,,,,22.281,,5,,6.000000000000001,"LINESTRING (11.3978946 47.2695307, 11.3979409 47.2693328)"
2547,7.0,,4.0,,83.368,,5,,6.000000000000001,"LINESTRING (11.3978946 47.2695307, 11.3980855 47.2696685, 11.3983203 47.2697818, 11.3988178 47.2696427)"
2548,7.0,,,,22.281,,5,,6.000000000000001,"LINESTRING (11.3979409 47.2693328, 11.3978946 47.2695307)"
2549,7.0,,,,31.964,,5,,4.0,"LINESTRING (11.3979409 47.2693328, 11.3980342 47.2690524)"
2550,7.0,,,,72.398,,5,,6.000000000000001,"LINESTRING (11.3979409 47.2693328, 11.3988769 47.2694761)"
2551,7.0,,4.0,,32.118,,5,,4.0,"LINESTRING (11.3988769 47.2694761, 11.3990048 47.2692006)"
2552,7.0,,4.0,,19.054,,5,,6.000000000000001,"LINESTRING (11.3988769 47.2694761, 11.3988178 47.2696427)"
2553,7.0,,,,72.398,,5,,6.000000000000001,"LINESTRING (11.3988769 47.2694761, 11.3979409 47.2693328)"
2554,7.0,,4.0,,19.054,,5,,6.000000000000001,"LINESTRING (11.3988178 47.2696427, 11.3988769 47.2694761)"
2555,7.0,,4.0,,83.368,,5,,6.000000000000001,"LINESTRING (11.3988178 47.2696427, 11.3983203 47.2697818, 11.3980855 47.2696685, 11.3978946 47.2695307)"
2556,7.0,,,,28.07,,5,,4.0,"LINESTRING (11.3988178 47.2696427, 11.3990675 47.2697089, 11.3991333 47.2697635)"
2557,6.0,,,,18.399,,5,,4.0,"LINESTRING (11.399654 47.2697559, 11.3998865 47.269706)"
2558,8.0,,10.0,,41.96,,5,,6.000000000000001,"LINESTRING (11.399654 47.2697559, 11.3996986 47.2698571, 11.3997563 47.2699879, 11.399811 47.2701179)"
2559,8.0,,10.0,,67.468,,5,,5.0,"LINESTRING (11.399654 47.2697559, 11.3995012 47.2694127, 11.3994552 47.2693227, 11.3994343 47.2692848, 11.3994123 47.2692526, 11.3993814 47.2692227, 11.399341 47.2691929)"
2560,7.0,,,,28.07,,5,,4.0,"LINESTRING (11.3991333 47.2697635, 11.3990675 47.2697089, 11.3988178 47.2696427)"
2561,6.0,,10.0,7.0,35.994,9.0,5,,6.000000000000001,"LINESTRING (11.3997863 47.2586431, 11.3998723 47.2589615)"
2562,6.0,,10.0,7.0,32.58,9.0,5,,7.000000000000001,"LINESTRING (11.3997863 47.2586431, 11.3997328 47.2584911, 11.399714 47.2584513, 11.3996704 47.2583611)"
2563,6.0,,,,67.702,,5,,6.000000000000001,"LINESTRING (11.3997863 47.2586431, 11.3999462 47.2585716, 11.3999224 47.2582324, 11.3997837 47.2581297)"
2564,6.0,,,,5.101,,5,,4.0,"LINESTRING (11.4011917 47.2586652, 11.4012113 47.2587091)"
2565,6.0,,,,61.56899999999999,,5,,6.000000000000001,"LINESTRING (11.4030824 47.2573212, 11.4029589 47.2573212, 11.4028024 47.2573168, 11.4027808 47.2573133, 11.4027101 47.2572977, 11.4026753 47.2572944, 11.4026609 47.2572987, 11.4025787 47.2573235, 11.402493 47.2573381, 11.4024059 47.2573551, 11.4023312 47.2573549, 11.402287 47.257359)"
2566,6.0,,,,8.096,,5,,6.000000000000001,"LINESTRING (11.4030824 47.2573212, 11.4030818 47.2573045, 11.4030813 47.2572484)"
2567,6.0,,,,713.1150000000001,,5,,6.000000000000001,"LINESTRING (11.4030824 47.2573212, 11.4031019 47.2573722, 11.4031645 47.2575363, 11.4032008 47.2576185, 11.4033144 47.2578046, 11.4033507 47.257911, 11.4034353 47.2583461, 11.4034418 47.2584749, 11.4033555 47.2585625, 11.4031783 47.2587935, 11.4031213 47.2588773, 11.4030825 47.2589166, 11.403036 47.2589809, 11.4030173 47.2592031, 11.4030106 47.2593165, 11.4030329 47.2594767, 11.4030574 47.2595812, 11.40354 47.2612027, 11.4035667 47.2612449, 11.4036735 47.2613762, 11.4037136 47.2614436, 11.4037569 47.2615909, 11.4037893 47.261761, 11.4038903 47.2624421, 11.4039315 47.2628842, 11.4039337 47.2630154, 11.4038917 47.2633624, 11.4038969 47.2634215, 11.4038992 47.263447, 11.4039295 47.2635558)"
2568,5.0,,,,36.751,,5,,7.000000000000001,"LINESTRING (11.3870238 47.2508376, 11.3870904 47.2505102)"
2569,5.0,,,,35.362,,5,,7.000000000000001,"LINESTRING (11.3870238 47.2508376, 11.3873842 47.2506344)"
2570,5.0,,,,108.51200000000001,,5,,6.000000000000001,"LINESTRING (11.3870238 47.2508376, 11.3869501 47.2512037, 11.3867245 47.2514567, 11.3865578 47.2516164, 11.386419 47.2516822)"
2571,5.0,,,,125.76500000000001,,5,,5.0,"LINESTRING (11.3870238 47.2508376, 11.3866246 47.2510672, 11.3855192 47.2512646)"
2572,5.0,,,,36.751,,5,,7.000000000000001,"LINESTRING (11.3870904 47.2505102, 11.3870238 47.2508376)"
2573,5.0,,,,26.124,,5,,6.000000000000001,"LINESTRING (11.3870904 47.2505102, 11.3873842 47.2506344)"
2574,5.0,,,,574.4189999999999,,5,,6.000000000000001,"LINESTRING (11.3870904 47.2505102, 11.3871625 47.2502994, 11.3871514 47.2502429, 11.3868298 47.2501601, 11.3867189 47.2500397, 11.3868765 47.2498518, 11.3870516 47.2496709, 11.387168 47.2494413, 11.3871419 47.2491209, 11.3871561 47.2488718, 11.3873836 47.2487535, 11.3880366 47.2485547, 11.3885673 47.2482356, 11.3889161 47.2479628, 11.3892725 47.2477981, 11.3896516 47.2477055, 11.39041 47.24751, 11.3912931 47.247311)"
2575,5.0,,,,36.338,,5,,6.000000000000001,"LINESTRING (11.3933945 47.2469346, 11.3929372 47.2468325)"
2576,5.0,,,,46.905,,5,,6.000000000000001,"LINESTRING (11.3933945 47.2469346, 11.3930568 47.2465805)"
2577,5.0,,,,13.907,,5,,6.000000000000001,"LINESTRING (11.3933945 47.2469346, 11.3935169 47.2469974, 11.3935415 47.24701)"
2578,5.0,,,,35.362,,5,,7.000000000000001,"LINESTRING (11.3873842 47.2506344, 11.3870238 47.2508376)"
2579,5.0,,,,26.124,,5,,6.000000000000001,"LINESTRING (11.3873842 47.2506344, 11.3870904 47.2505102)"
2580,5.0,,,,348.7949999999999,,5,,6.000000000000001,"LINESTRING (11.3873842 47.2506344, 11.3875741 47.2506907, 11.38782 47.25066, 11.38806 47.25059, 11.3881062 47.2505532, 11.3881579 47.2504848, 11.388105 47.2503333, 11.3878278 47.2502279, 11.3875228 47.2501564, 11.3872783 47.2499753, 11.38727 47.24983, 11.38777 47.24954, 11.3881048 47.2493011, 11.3883005 47.249015, 11.3883597 47.2489549, 11.3884403 47.248916, 11.3885684 47.2489052, 11.3886881 47.2489182, 11.3888708 47.2489863)"
2581,5.0,,,,125.76500000000001,,5,,5.0,"LINESTRING (11.3855192 47.2512646, 11.3866246 47.2510672, 11.3870238 47.2508376)"
2582,5.0,,,,277.392,,5,,5.0,"LINESTRING (11.393802 47.2463021, 11.392755 47.245301, 11.3917954 47.2442988, 11.3917036 47.244334)"
2583,6.0,,,,15.222999999999999,,5,,6.000000000000001,"LINESTRING (11.393802 47.2463021, 11.3937602 47.2462806, 11.3937183 47.2462673, 11.3936186 47.2462498)"
2584,6.0,,,,56.411,,5,,6.000000000000001,"LINESTRING (11.393802 47.2463021, 11.393841 47.2463356, 11.3938784 47.2463834, 11.3939117 47.2464712, 11.3939211 47.2465376, 11.393913 47.2467123, 11.3939111 47.2467539, 11.3938972 47.2467894)"
2585,2.0,,10.0,6.0,257.605,9.0,5,,5.0,"LINESTRING (11.3936186 47.2462498, 11.393515 47.2461303, 11.3925137 47.2451805, 11.3922802 47.2449536, 11.3920981 47.2447734, 11.3919448 47.2446147, 11.3917036 47.244334)"
2586,6.0,,,,15.222999999999999,,5,,6.000000000000001,"LINESTRING (11.3936186 47.2462498, 11.3937183 47.2462673, 11.3937602 47.2462806, 11.393802 47.2463021)"
2587,2.0,,10.0,8.0,66.821,9.0,5,,6.000000000000001,"LINESTRING (11.3936186 47.2462498, 11.393665 47.2463176, 11.3936982 47.2463816, 11.393727 47.2464476, 11.3937502 47.2465321, 11.3937638 47.2466216, 11.3937642 47.2466922, 11.3937616 47.2467607, 11.3937497 47.2468347)"
2588,5.0,,,,36.495000000000005,,5,,6.000000000000001,"LINESTRING (11.3755612 47.2733057, 11.3754815 47.2730574, 11.3754737 47.2729835)"
2589,5.0,,,,81.312,,5,,5.0,"LINESTRING (11.3755612 47.2733057, 11.3760422 47.2736511, 11.3760672 47.2739066)"
2590,5.0,,,,636.7390000000001,,5,,6.000000000000001,"LINESTRING (11.3755612 47.2733057, 11.3752583 47.2730416, 11.3751081 47.2729943, 11.3749833 47.2730817, 11.3747111 47.273038, 11.3745072 47.272754, 11.3742015 47.2729397, 11.3739708 47.2729215, 11.3736436 47.2728086, 11.3733163 47.2724155, 11.3731661 47.27231, 11.3726512 47.2721389, 11.3721576 47.2719496, 11.3718626 47.2717786, 11.371648 47.2714401, 11.3714978 47.2713309, 11.3711974 47.2713236, 11.3712403 47.2710652, 11.3714817 47.2711853, 11.3716051 47.2710906, 11.3714817 47.2709123, 11.3717338 47.2709232, 11.3717768 47.2710688, 11.3719806 47.2709814, 11.3721362 47.2710251, 11.3723888 47.2708784)"
2591,6.0,,,,312.284,,5,,6.000000000000001,"LINESTRING (11.3754737 47.2729835, 11.3756507 47.2730162, 11.3761781 47.2731432, 11.3763045 47.2731525, 11.3764816 47.2730449, 11.3766177 47.2729304, 11.376756 47.2727582, 11.3768282 47.2726198, 11.3768586 47.2724545, 11.3769075 47.2724156, 11.3769694 47.2724108, 11.3770427 47.2724333, 11.3770677 47.2724734, 11.3771012 47.2727251, 11.377148 47.2727646, 11.3771996 47.2727824, 11.3772607 47.272764, 11.3775388 47.2724636, 11.3777749 47.2722499, 11.3779906 47.2721155)"
2592,5.0,,,,216.30800000000002,,5,,6.000000000000001,"LINESTRING (11.3754737 47.2729835, 11.3754868 47.2728352, 11.3756736 47.2725141, 11.3757118 47.2723146, 11.3759164 47.271866, 11.3760636 47.2716586, 11.3760874 47.2713535, 11.3763557 47.2711895)"
2593,5.0,,,,36.495000000000005,,5,,6.000000000000001,"LINESTRING (11.3754737 47.2729835, 11.3754815 47.2730574, 11.3755612 47.2733057)"
2594,8.0,,,,55.04900000000001,,5,,6.000000000000001,"LINESTRING (11.3826497 47.2722922, 11.3828937 47.2719282, 11.3829457 47.2718398)"
2595,8.0,,,,39.649,,5,,7.000000000000001,"LINESTRING (11.3826497 47.2722922, 11.3826008 47.2724734, 11.3826582 47.2726413)"
2596,6.0,,,,29.366999999999997,,5,,4.0,"LINESTRING (11.3826497 47.2722922, 11.3824253 47.2722192, 11.3823745 47.2721885, 11.3823407 47.2721451)"
2597,8.0,,,,55.04900000000001,,5,,6.000000000000001,"LINESTRING (11.3829457 47.2718398, 11.3828937 47.2719282, 11.3826497 47.2722922)"
2598,8.0,,,,60.555,,5,,6.000000000000001,"LINESTRING (11.3829457 47.2718398, 11.3831751 47.2720572, 11.3831958 47.2721205, 11.3832215 47.2722894, 11.3832663 47.2723192)"
2599,8.0,,,,22.211999999999996,,5,,7.000000000000001,"LINESTRING (11.3829457 47.2718398, 11.382934 47.2718, 11.3828378 47.2717177, 11.3828119 47.2716665)"
2600,8.0,,10.0,9.0,92.893,,5,,4.0,"LINESTRING (11.3836053 47.2721171, 11.38384 47.2720248, 11.3839455 47.2719245, 11.3840828 47.2718453, 11.3844094 47.2717681, 11.3846515 47.27172)"
2601,8.0,9.0,10.0,,20.908,,5,,6.000000000000001,"LINESTRING (11.3912228 47.2674655, 11.3913038 47.2674307, 11.3914569 47.2673649)"
2602,8.0,,10.0,,17.214,,5,,6.000000000000001,"LINESTRING (11.3912228 47.2674655, 11.3911149 47.2674791, 11.3910392 47.2674652, 11.3910005 47.2674584)"
2603,8.0,,10.0,,23.238999999999997,,5,,8.0,"LINESTRING (11.3912228 47.2674655, 11.3910833 47.2675512, 11.3910036 47.2676119)"
2604,6.0,,,,135.32100000000003,9.0,5,,6.000000000000001,"LINESTRING (11.3896265 47.2661902, 11.3900271 47.2664846, 11.3903198 47.2667222, 11.3904482 47.2668417, 11.3905564 47.2669613, 11.3907077 47.267154)"
2605,6.0,,,,36.29900000000001,,5,,7.000000000000001,"LINESTRING (11.3896265 47.2661902, 11.389549 47.2661117, 11.3894972 47.266043, 11.3894899 47.2659731, 11.3895182 47.2658906)"
2606,6.0,,,,34.885999999999996,10.0,5,,5.0,"LINESTRING (11.3896265 47.2661902, 11.389398 47.2661043, 11.3892214 47.266039)"
2607,6.0,,,,135.32100000000003,9.0,5,,6.000000000000001,"LINESTRING (11.3907077 47.267154, 11.3905564 47.2669613, 11.3904482 47.2668417, 11.3903198 47.2667222, 11.3900271 47.2664846, 11.3896265 47.2661902)"
2608,7.0,,,,7.654999999999999,10.0,10,,5.0,"LINESTRING (11.3907077 47.267154, 11.3906904 47.2671622, 11.3906245 47.2671934)"
2609,6.0,,,,33.456,9.0,5,,7.000000000000001,"LINESTRING (11.3907077 47.267154, 11.3907642 47.2672293, 11.3909072 47.2674227)"
2610,6.0,,,,289.406,,5,,6.000000000000001,"LINESTRING (11.3921098 47.2560837, 11.3941414 47.2562061, 11.3946984 47.2562397, 11.3954829 47.2562838, 11.3959306 47.2563043)"
2611,6.0,,,,18.46,,5,,6.000000000000001,"LINESTRING (11.3921098 47.2560837, 11.392088 47.2560744, 11.3919072 47.2559907)"
2612,6.0,,,,18.911,,5,,7.000000000000001,"LINESTRING (11.3921098 47.2560837, 11.3919719 47.2560896, 11.3918654 47.256114)"
2613,5.0,,,,214.07399999999998,,5,,6.000000000000001,"LINESTRING (11.373556 47.2707361, 11.373626 47.2708265, 11.3736669 47.2711459, 11.3735646 47.271321, 11.3735904 47.2714084, 11.3739483 47.2715942, 11.3742924 47.2715627, 11.3745987 47.2715824, 11.3748718 47.2716699, 11.3749905 47.2716927, 11.3751343 47.2716915, 11.375257 47.271661)"
2614,5.0,,,,57.57,,5,,6.000000000000001,"LINESTRING (11.373556 47.2707361, 11.3734187 47.2707095, 11.3731612 47.2707095, 11.3730153 47.2707503, 11.372832 47.2708125)"
2615,5.0,,,,99.21600000000001,,5,,7.000000000000001,"LINESTRING (11.373556 47.2707361, 11.3737449 47.2705614, 11.3740968 47.2702935, 11.374274 47.2702162, 11.3743306 47.2701394, 11.3744353 47.2700876)"
2616,5.0,,,,22.647,,5,1.0,7.000000000000001,"LINESTRING (11.3772891 47.2708757, 11.3770903 47.2710283)"
2617,6.0,,,,139.79600000000002,,5,,6.000000000000001,"LINESTRING (11.3772891 47.2708757, 11.3773922 47.2710019, 11.3774817 47.2712042, 11.3775427 47.2712892, 11.3774913 47.2714121, 11.3775064 47.2715088, 11.3775669 47.2715619, 11.3778042 47.2716512, 11.3780465 47.2718226, 11.378129 47.2718974)"
2618,5.0,,,,207.97399999999996,,5,,6.000000000000001,"LINESTRING (11.3772891 47.2708757, 11.3772105 47.2707791, 11.377076 47.2706526, 11.3769937 47.2706129, 11.3768972 47.2705875, 11.3765748 47.2705594, 11.376407 47.2705564, 11.3761176 47.2705657, 11.3758452 47.2705918, 11.3755057 47.270597, 11.37539 47.2706193, 11.3751948 47.2707028, 11.3749637 47.2707361, 11.3748398 47.2706989, 11.3748256 47.270674)"
2619,5.0,,,,216.30800000000002,,5,,6.000000000000001,"LINESTRING (11.3763557 47.2711895, 11.3760874 47.2713535, 11.3760636 47.2716586, 11.3759164 47.271866, 11.3757118 47.2723146, 11.3756736 47.2725141, 11.3754868 47.2728352, 11.3754737 47.2729835)"
2620,5.0,,,,105.31500000000001,,5,2.0,6.000000000000001,"LINESTRING (11.3763557 47.2711895, 11.3760142 47.271233, 11.3758894 47.2712886, 11.3757298 47.271427, 11.3755658 47.2715064, 11.375401 47.2716449, 11.3753485 47.2716809, 11.3753109 47.2716841, 11.375257 47.271661)"
2621,5.0,,,,59.922000000000004,,5,1.0,7.000000000000001,"LINESTRING (11.3763557 47.2711895, 11.3767897 47.2711342, 11.3769206 47.2710506, 11.3770903 47.2710283)"
2622,6.0,,,,51.903,,5,,4.0,"LINESTRING (11.4112472 47.2842531, 11.4110247 47.2838114)"
2623,5.0,,5.0,,77.282,,5,,3.0000000000000004,"LINESTRING (11.4027711 47.2844203, 11.402612 47.2843381, 11.4023924 47.284254, 11.4020207 47.2841638, 11.401845 47.2841462)"
2624,6.0,,,,51.352,,5,,3.0000000000000004,"LINESTRING (11.3964843 47.2674692, 11.3958041 47.267454)"
2625,6.0,,,,51.352,,5,,4.0,"LINESTRING (11.3958041 47.267454, 11.3964843 47.2674692)"
2626,8.0,,10.0,9.0,24.776,,5,,6.000000000000001,"LINESTRING (11.3958041 47.267454, 11.3957398 47.2672355)"
2627,6.0,,,,12.044,,5,,6.000000000000001,"LINESTRING (11.4078977 47.2522401, 11.407782 47.2523147)"
2628,5.0,,10.0,,28.315,,5,,6.000000000000001,"LINESTRING (11.4078977 47.2522401, 11.4075438 47.2521556)"
2629,5.0,,10.0,,287.583,,5,,6.000000000000001,"LINESTRING (11.4078977 47.2522401, 11.4085045 47.2524073, 11.4088003 47.2524633, 11.4092025 47.2525076, 11.4094061 47.252529, 11.4096077 47.2525573, 11.4097448 47.2525827, 11.4098669 47.2526102, 11.4101674 47.2526933, 11.4105348 47.2528061, 11.4109065 47.2529349, 11.4110518 47.252977, 11.4111983 47.2530139, 11.4114849 47.2530715)"
2630,6.0,,,,102.264,,5,,3.0000000000000004,"LINESTRING (11.4059237 47.2496059, 11.4060517 47.2495966, 11.4061785 47.2496091, 11.4062914 47.2496482, 11.4063968 47.2496973, 11.4070532 47.2500568)"
2631,6.0,,,,269.928,,5,,5.0,"LINESTRING (11.4059237 47.2496059, 11.4057923 47.2496485, 11.4056806 47.2497053, 11.4055993 47.2497835, 11.4055287 47.2498847, 11.4055118 47.2499853, 11.4055395 47.2500914, 11.405606 47.2501878, 11.4057091 47.2502783, 11.4059158 47.2504169, 11.4061176 47.2505405, 11.4062791 47.2506247, 11.4064554 47.2506972, 11.4068265 47.250838, 11.4068887 47.2508754, 11.4069036 47.250909, 11.4069073 47.2509552, 11.406879 47.2509989, 11.4068236 47.2510258, 11.406745 47.2510398, 11.4066589 47.2510319, 11.4065288 47.2510129, 11.4062299 47.2509523)"
2632,6.0,,,,274.993,,5,,6.000000000000001,"LINESTRING (11.4017546 47.2606078, 11.4016652 47.26065, 11.4013051 47.2607043, 11.4012577 47.2607742, 11.4017969 47.2628135)"
2633,6.0,,,,215.47900000000004,,5,,6.000000000000001,"LINESTRING (11.4017546 47.2606078, 11.401704 47.2604525, 11.4016282 47.2602104, 11.4015137 47.259875, 11.4014151 47.2593505, 11.4013492 47.2590182, 11.4012113 47.2587091)"
2634,6.0,,,,418.11499999999995,,5,,6.000000000000001,"LINESTRING (11.4017546 47.2606078, 11.4019253 47.2606209, 11.4019824 47.2608071, 11.4019653 47.2609681, 11.4028201 47.2639206, 11.402821 47.2639569, 11.402781 47.2640093, 11.4026857 47.2640989, 11.4026081 47.2641554)"
2635,2.0,,10.0,7.0,51.254,,5,,6.000000000000001,"LINESTRING (11.3983414 47.2553877, 11.3981419 47.2558283)"
2636,6.0,,,,65.525,,5,,6.000000000000001,"LINESTRING (11.3983414 47.2553877, 11.3981349 47.2554226, 11.3980115 47.2556938, 11.3981419 47.2558283)"
2637,2.0,,10.0,7.0,74.73,,5,,5.0,"LINESTRING (11.3983414 47.2553877, 11.3985525 47.254931, 11.3986371 47.2547463)"
2638,2.0,,10.0,7.0,51.254,,5,,6.000000000000001,"LINESTRING (11.3981419 47.2558283, 11.3983414 47.2553877)"
2639,6.0,,,,65.525,,5,,6.000000000000001,"LINESTRING (11.3981419 47.2558283, 11.3980115 47.2556938, 11.3981349 47.2554226, 11.3983414 47.2553877)"
2640,2.0,,10.0,7.0,13.279,,5,,7.000000000000001,"LINESTRING (11.3981419 47.2558283, 11.3980789 47.2559398)"
2641,10.0,,10.0,,14.431,,5,,7.000000000000001,"LINESTRING (11.375099 47.2648392, 11.3749098 47.2648203)"
2642,10.0,,10.0,,14.003,,5,,7.000000000000001,"LINESTRING (11.375099 47.2648392, 11.3751859 47.2648542, 11.3752818 47.2648546)"
2643,2.0,,10.0,,94.518,,10,,6.000000000000001,"LINESTRING (11.375099 47.2648392, 11.375095 47.2648106, 11.3750866 47.2647507, 11.3750264 47.2645537, 11.3749525 47.2643293, 11.3749248 47.2642129, 11.3749015 47.2640014)"
2644,2.0,,10.0,,12.771,10.0,10,,4.0,"LINESTRING (11.3754318 47.2648351, 11.37548 47.2648697, 11.3755665 47.2649025)"
2645,10.0,,10.0,,11.732,,5,,6.000000000000001,"LINESTRING (11.3754318 47.2648351, 11.3753542 47.2648552, 11.3752818 47.2648546)"
2646,10.0,,10.0,,107.57600000000001,,5,,7.000000000000001,"LINESTRING (11.3754318 47.2648351, 11.3755096 47.2648033, 11.3756316 47.2648349, 11.3756982 47.2648422, 11.3759106 47.2648489, 11.3768347 47.2648444)"
2647,2.0,,10.0,,97.752,10.0,10,,4.0,"LINESTRING (11.3755665 47.2649025, 11.375724 47.2649076, 11.3768616 47.264921)"
2648,8.0,9.0,10.0,,6.641,,10,,4.0,"LINESTRING (11.3916382 47.265645, 11.3916544 47.2655863)"
2649,7.0,,7.0,,33.428,,5,,5.0,"LINESTRING (11.3916382 47.265645, 11.3916756 47.2656512, 11.3916968 47.265655, 11.3918577 47.265684, 11.3918891 47.2656974, 11.3919243 47.2657425, 11.3919747 47.2657676, 11.3919918 47.2657931)"
2650,5.0,,,,16.44,,5,,3.0000000000000004,"LINESTRING (11.4040659 47.248346, 11.4041229 47.2482033)"
2651,6.0,,10.0,,60.823,,5,,4.0,"LINESTRING (11.3826588 47.2658495, 11.382004 47.2655305)"
2652,6.0,,,,42.418,,10,,3.0000000000000004,"LINESTRING (11.3826588 47.2658495, 11.38276 47.265891, 11.382973 47.2660054, 11.3830288 47.266116)"
2653,8.0,,10.0,,20.418,,5,,7.000000000000001,"LINESTRING (11.3978093 47.2559245, 11.3980789 47.2559398)"
2654,8.0,,10.0,,35.003,,5,,6.000000000000001,"LINESTRING (11.3978093 47.2559245, 11.3976895 47.2557689, 11.3975754 47.2556532)"
2655,6.0,,,,289.406,,5,,6.000000000000001,"LINESTRING (11.3959306 47.2563043, 11.3954829 47.2562838, 11.3946984 47.2562397, 11.3941414 47.2562061, 11.3921098 47.2560837)"
2656,6.0,,,,23.966,,5,,7.000000000000001,"LINESTRING (11.3959306 47.2563043, 11.39599 47.2563179, 11.3962314 47.2563734)"
2657,6.0,,,,20.161,,5,,5.0,"LINESTRING (11.3959306 47.2563043, 11.3960508 47.256291, 11.396147 47.2562546, 11.3961733 47.2562387)"
2658,6.0,,,,129.48399999999998,,5,,7.000000000000001,"LINESTRING (11.3984797 47.2517571, 11.3985612 47.2515433, 11.3986671 47.2515253, 11.3992118 47.2515374, 11.3994717 47.2516051, 11.3995967 47.2516751, 11.399721 47.251715, 11.3997902 47.2516991, 11.3998675 47.251675)"
2659,8.0,,,,137.839,,5,,4.0,"LINESTRING (11.3984797 47.2517571, 11.3981184 47.2515006, 11.3979679 47.2514197, 11.3978384 47.251358, 11.3977225 47.2513222, 11.3976042 47.2512964, 11.3974823 47.2512693, 11.396926 47.2511751)"
2660,8.0,,,,223.81299999999996,,5,,7.000000000000001,"LINESTRING (11.3984797 47.2517571, 11.3984377 47.2519898, 11.398332 47.2523414, 11.3980703 47.2532122, 11.397984 47.2534996, 11.3979675 47.2535544, 11.3979444 47.2536371, 11.3979205 47.2537331)"
2661,8.0,,,,137.839,,5,,4.0,"LINESTRING (11.396926 47.2511751, 11.3974823 47.2512693, 11.3976042 47.2512964, 11.3977225 47.2513222, 11.3978384 47.251358, 11.3979679 47.2514197, 11.3981184 47.2515006, 11.3984797 47.2517571)"
2662,6.0,,,,117.248,,5,,5.0,"LINESTRING (11.3876635 47.2713809, 11.3876919 47.2714115, 11.3878317 47.2714475, 11.3878588 47.271472, 11.3878725 47.2715187, 11.3878262 47.2717237, 11.3876672 47.2721175, 11.3878583 47.2721705, 11.3878482 47.272253)"
2663,6.0,,,9.0,31.101,,10,,4.0,"LINESTRING (11.3876635 47.2713809, 11.3879603 47.2714145, 11.387987 47.2714175, 11.3880701 47.2714269)"
2664,6.0,,,,17.542,,5,,6.000000000000001,"LINESTRING (11.3878482 47.272253, 11.3877681 47.2724011)"
2665,6.0,,,,30.937,,5,,4.0,"LINESTRING (11.3878482 47.272253, 11.3882434 47.2723272)"
2666,6.0,,,,117.248,,5,,5.0,"LINESTRING (11.3878482 47.272253, 11.3878583 47.2721705, 11.3876672 47.2721175, 11.3878262 47.2717237, 11.3878725 47.2715187, 11.3878588 47.271472, 11.3878317 47.2714475, 11.3876919 47.2714115, 11.3876635 47.2713809)"
2667,6.0,,,,5.801,,5,,6.000000000000001,"LINESTRING (11.3768634 47.2648928, 11.3768347 47.2648444)"
2668,6.0,,,,3.139,,5,,4.0,"LINESTRING (11.3768634 47.2648928, 11.3768616 47.264921)"
2669,6.0,,,,6.845,,10,,5.0,"LINESTRING (11.3768634 47.2648928, 11.3768912 47.2648342)"
2670,6.0,,,,9.813,,5,,6.000000000000001,"LINESTRING (11.4077617 47.2580217, 11.4077982 47.257937)"
2671,6.0,,,,217.392,,10,,3.0000000000000004,"LINESTRING (11.4077617 47.2580217, 11.4080765 47.2580844, 11.4084114 47.2581511, 11.4093669 47.2583136, 11.4103706 47.25846, 11.4105358 47.2585262)"
2672,6.0,,,,55.549,,5,,4.0,"LINESTRING (11.3981524 47.2669047, 11.398298 47.2673944)"
2673,8.0,9.0,10.0,9.0,38.425,,5,,5.0,"LINESTRING (11.3981524 47.2669047, 11.3976525 47.2669706)"
2674,8.0,9.0,10.0,9.0,81.161,,5,,7.000000000000001,"LINESTRING (11.3981524 47.2669047, 11.3986335 47.2668408, 11.3990398 47.2667842, 11.3992063 47.2667589)"
2675,6.0,,,,55.549,,5,,4.0,"LINESTRING (11.398298 47.2673944, 11.3981524 47.2669047)"
2676,10.0,,10.0,,219.668,,10,,1.0,"LINESTRING (11.3954908 47.2710953, 11.3955538 47.2711249, 11.3956181 47.2715508, 11.3957898 47.2728066, 11.3958693 47.2730345)"
2677,8.0,9.0,10.0,,25.737,5.0,10,,3.0000000000000004,"LINESTRING (11.3954908 47.2710953, 11.3954387 47.2712048, 11.3953902 47.2712588, 11.395352 47.2713052)"
2678,5.0,,,,82.55,,5,,5.0,"LINESTRING (11.3978984 47.2457968, 11.3977033 47.2455138, 11.3977235 47.2454289, 11.3975167 47.245492, 11.397244 47.2455348)"
2679,5.0,,,,89.643,,5,,3.0000000000000004,"LINESTRING (11.3978984 47.2457968, 11.3978172 47.2460962, 11.3975718 47.2461608, 11.3974062 47.2461888, 11.3972948 47.246166, 11.3973619 47.2461296, 11.3972855 47.2460827)"
2680,5.0,,,,59.702000000000005,,5,,5.0,"LINESTRING (11.3969166 47.2456234, 11.3965664 47.2455023, 11.3964048 47.2454345, 11.3962107 47.2453839)"
2681,5.0,,,,26.906,,5,,6.000000000000001,"LINESTRING (11.3969166 47.2456234, 11.3971205 47.2455497, 11.397244 47.2455348)"
2682,5.0,,,,19.21,,5,,4.0,"LINESTRING (11.3969166 47.2456234, 11.3970011 47.2456971, 11.3969817 47.2457194, 11.3969046 47.2457085)"
2683,5.0,,,,59.702,,5,,5.0,"LINESTRING (11.3962107 47.2453839, 11.3964048 47.2454345, 11.3965664 47.2455023, 11.3969166 47.2456234)"
2684,5.0,,6.0,,43.79,,5,,3.0000000000000004,"LINESTRING (11.3962107 47.2453839, 11.3963561 47.2451351, 11.3964721 47.2451234, 11.3965337 47.245103)"
2685,6.0,,,,12.779,,5,,6.000000000000001,"LINESTRING (11.3759649 47.2588641, 11.3758167 47.2588085)"
2686,6.0,,,,112.93099999999998,,5,,6.000000000000001,"LINESTRING (11.3759649 47.2588641, 11.3762573 47.2586195, 11.3767532 47.258193, 11.376758 47.2581683, 11.3767503 47.2581431, 11.376697 47.2580988, 11.3766388 47.258069)"
2687,6.0,,,,25.198,,5,,7.000000000000001,"LINESTRING (11.3759649 47.2588641, 11.3759784 47.2589033, 11.375938 47.2590034, 11.3759302 47.2590858)"
2688,6.0,,10.0,,2.874,,5,,6.000000000000001,"LINESTRING (11.4002237 47.2779584, 11.4002469 47.2779379)"
2689,10.0,,,,361.339,,5,,6.000000000000001,"LINESTRING (11.4002237 47.2779584, 11.3999743 47.2778825, 11.39972 47.2777179, 11.3994857 47.2775395, 11.3992715 47.2773769, 11.3991304 47.2772641, 11.3989905 47.2771423, 11.3987341 47.276875, 11.3986664 47.2768481, 11.3985615 47.2767469, 11.3984147 47.2765413, 11.398079 47.2762439, 11.3978528 47.2760209, 11.3977511 47.2758728, 11.397706 47.275771, 11.3975591 47.275635, 11.3975125 47.2755037, 11.3974297 47.2753939)"
2690,10.0,,,,138.867,,5,,4.0,"LINESTRING (11.4002237 47.2779584, 11.4003581 47.2780503, 11.4004636 47.2782149, 11.4006751 47.2783708, 11.4009191 47.2784879, 11.4012004 47.2786043, 11.4013646 47.2786318, 11.4014185 47.2787111, 11.4014574 47.2788072)"
2691,6.0,,,,381.471,,5,,6.000000000000001,"LINESTRING (11.4035702 47.2806438, 11.4033582 47.2805607, 11.401859 47.2799447, 11.4014024 47.2798168, 11.4012436 47.2797629, 11.4008489 47.2795596, 11.4002126 47.2792825, 11.3998356 47.2791015, 11.3993468 47.2787865)"
2692,6.0,,,,150.31900000000002,,5,,7.000000000000001,"LINESTRING (11.4035702 47.2806438, 11.4039163 47.2807513, 11.4039635 47.2807617, 11.4043172 47.2808399, 11.4044785 47.2808699, 11.4050873 47.2809831, 11.4054605 47.2810642)"
2693,6.0,,,,189.03999999999996,,5,,4.0,"LINESTRING (11.4035702 47.2806438, 11.4035457 47.2806742, 11.4035366 47.2806789, 11.403525 47.2806823, 11.4035078 47.2806828, 11.4034862 47.2806808, 11.4034646 47.2806765, 11.4030303 47.2805771, 11.4027171 47.280541, 11.4020339 47.2803093, 11.4020076 47.2803064, 11.4019943 47.2803114, 11.4019884 47.2803216, 11.401994 47.2803334, 11.4020077 47.2803421, 11.402026 47.2803497, 11.4021761 47.2804124, 11.4025979 47.2806375)"
2694,5.0,,9.0,,9.852,,5,,7.000000000000001,"LINESTRING (11.426298 47.2543024, 11.4261723 47.2543263)"
2695,5.0,,6.0,,44.319,,5,,7.000000000000001,"LINESTRING (11.426298 47.2543024, 11.426705 47.2540151)"
2696,5.0,,9.0,,209.982,,5,,7.000000000000001,"LINESTRING (11.426298 47.2543024, 11.4259317 47.254229, 11.4256581 47.2541937, 11.4253574 47.2541929, 11.4249309 47.2540864, 11.4247151 47.253903, 11.424383 47.253791, 11.4241894 47.2535999, 11.4239362 47.2534805)"
2697,5.0,,9.0,,59.116,,5,,7.000000000000001,"LINESTRING (11.426298 47.2543024, 11.4264008 47.2543075, 11.4266314 47.2543893, 11.4270275 47.2544841)"
2698,5.0,,10.0,,28.315,,5,,6.000000000000001,"LINESTRING (11.4075438 47.2521556, 11.4078977 47.2522401)"
2699,5.0,,9.0,,449.45799999999997,,5,,6.000000000000001,"LINESTRING (11.4075438 47.2521556, 11.4076624 47.2520928, 11.4087968 47.2519167, 11.4095682 47.2517469, 11.4104874 47.251673, 11.410778 47.2516887, 11.4110321 47.2517695, 11.4111937 47.2518687, 11.4114882 47.2518989, 11.4119354 47.2518687, 11.4121942 47.2518063, 11.4123394 47.251798, 11.412495 47.2518328, 11.4126923 47.2519296, 11.4132061 47.252041)"
2700,5.0,,10.0,,346.6089999999999,,5,,5.0,"LINESTRING (11.4075438 47.2521556, 11.4072441 47.2521, 11.4069493 47.2520553, 11.4066691 47.2520106, 11.406382 47.2519531, 11.4061724 47.2518984, 11.4059638 47.2518339, 11.4057299 47.2517401, 11.4055381 47.2516462, 11.4054262 47.251581, 11.4053217 47.2515127, 11.4052251 47.2514448, 11.4050964 47.2513433, 11.4049425 47.2511903, 11.4048669 47.2511033, 11.4048018 47.2510154, 11.404752 47.2509374, 11.4047097 47.2508559, 11.4046366 47.2506618, 11.4046182 47.2505927, 11.404608 47.2505236, 11.4046055 47.2504465, 11.4046097 47.2503801, 11.4046244 47.2503137, 11.4046483 47.250252, 11.4046753 47.2502031)"
2701,6.0,,,,17.308,,5,,7.000000000000001,"LINESTRING (11.4143714 47.2836499, 11.4142801 47.2835071)"
2702,6.0,,,,39.835,,5,,7.000000000000001,"LINESTRING (11.4143714 47.2836499, 11.4144655 47.2836474, 11.4144962 47.2836303, 11.4145226 47.2836156, 11.4145308 47.2835851, 11.4145267 47.2835547, 11.4144859 47.2835242, 11.4143981 47.283509, 11.4142801 47.2835071)"
2703,5.0,,,,17.587,,5,,2.0,"LINESTRING (11.3987182 47.2800128, 11.3987529 47.2798564)"
2704,8.0,,10.0,,6.482,,5,,6.000000000000001,"LINESTRING (11.3985673 47.2813266, 11.3986107 47.2813307, 11.3986528 47.2813315)"
2705,6.0,,,,74.362,,5,,6.000000000000001,"LINESTRING (11.3985673 47.2813266, 11.3982641 47.2812576, 11.3982381 47.2812403, 11.3982284 47.2812202, 11.3982314 47.2811991, 11.3982451 47.2811771, 11.3982741 47.2811609, 11.3983258 47.2811534, 11.3983792 47.2811543, 11.3985007 47.28117, 11.3985311 47.2811759, 11.3985508 47.2811862, 11.3985556 47.2811994, 11.3985673 47.2813266)"
2706,6.0,,,,74.362,,5,,6.000000000000001,"LINESTRING (11.3985673 47.2813266, 11.3985556 47.2811994, 11.3985508 47.2811862, 11.3985311 47.2811759, 11.3985007 47.28117, 11.3983792 47.2811543, 11.3983258 47.2811534, 11.3982741 47.2811609, 11.3982451 47.2811771, 11.3982314 47.2811991, 11.3982284 47.2812202, 11.3982381 47.2812403, 11.3982641 47.2812576, 11.3985673 47.2813266)"
2707,8.0,,10.0,9.0,27.413,,5,,6.000000000000001,"LINESTRING (11.4313112 47.2586001, 11.4309856 47.2584908)"
2708,8.0,,10.0,9.0,22.197,,5,,6.000000000000001,"LINESTRING (11.4313112 47.2586001, 11.4315132 47.2587452)"
2709,8.0,,10.0,9.0,69.499,,5,,6.000000000000001,"LINESTRING (11.4313112 47.2586001, 11.4311655 47.2586448, 11.4310304 47.2587552, 11.4306794 47.2590422)"
2710,6.0,,,,56.629999999999995,,10,,3.0000000000000004,"LINESTRING (11.3807297 47.254983, 11.3809627 47.2549306, 11.3811536 47.2550192, 11.3813538 47.2551458)"
2711,2.0,,10.0,7.0,53.366,5.0,10,,3.0000000000000004,"LINESTRING (11.3807297 47.254983, 11.3809051 47.2550286, 11.3809944 47.2550737, 11.3811115 47.255144, 11.3812075 47.2552147, 11.3812648 47.2552784)"
2712,8.0,,10.0,,496.22800000000007,,5,,5.0,"LINESTRING (11.3807297 47.254983, 11.3808539 47.2548467, 11.3809033 47.2546529, 11.3808985 47.2545884, 11.3807784 47.2544145, 11.3806956 47.254296, 11.3807623 47.2542273, 11.380898 47.254156, 11.381048 47.2540924, 11.3811092 47.2539918, 11.3811328 47.2538845, 11.3811619 47.2536667, 11.3811638 47.2536174, 11.3811378 47.2535896, 11.3810914 47.2535715, 11.380994 47.2535625, 11.3806637 47.2535928, 11.3803041 47.2536549, 11.380249 47.2536572, 11.3802124 47.2536474, 11.3800356 47.2533763, 11.379984 47.2533598, 11.379918 47.2533531, 11.3797417 47.2533634, 11.3795673 47.2533658, 11.3790142 47.2533066, 11.3782167 47.2531746, 11.3781312 47.2531506, 11.3780605 47.2531184, 11.3780351 47.2530747, 11.3780633 47.2530226, 11.378132 47.2530048, 11.3782192 47.2530174, 11.3784178 47.2530676, 11.3787097 47.253107)"
2713,6.0,9.0,10.0,,109.84200000000001,,5,,6.000000000000001,"LINESTRING (11.40438 47.2788423, 11.4044257 47.278806, 11.4054116 47.2781454)"
2714,6.0,,10.0,,22.442,,10,,4.0,"LINESTRING (11.40438 47.2788423, 11.404305 47.2789482, 11.4042619 47.2789992, 11.4042458 47.2790223)"
2715,10.0,,,,45.782,,5,,5.0,"LINESTRING (11.3766492 47.255755, 11.3765104 47.2556429, 11.3765126 47.2556048, 11.3763133 47.2554223)"
2716,10.0,,,,22.593,,5,,3.0000000000000004,"LINESTRING (11.3762957 47.2559407, 11.3765395 47.2558228)"
2717,10.0,,,,398.985,,5,,5.0,"LINESTRING (11.3762957 47.2559407, 11.3766538 47.2563142, 11.3768811 47.2564851, 11.3772204 47.2567733, 11.3772726 47.2568176, 11.3773108 47.2568501, 11.3774968 47.2570735, 11.3779766 47.2575111, 11.378624 47.2581017, 11.3787684 47.2582335, 11.3793787 47.2588499)"
2718,8.0,,10.0,9.0,36.401,,10,,4.0,"LINESTRING (11.3836125 47.2710332, 11.3834077 47.2713296)"
2719,6.0,,10.0,9.0,22.397,,5,,4.0,"LINESTRING (11.3836125 47.2710332, 11.3833549 47.2709331)"
2720,6.0,,10.0,9.0,70.48499999999999,,5,,5.0,"LINESTRING (11.3836125 47.2710332, 11.3836846 47.2710583, 11.3838374 47.2711051, 11.3840811 47.2711482, 11.384512 47.2711815)"
2721,6.0,,,,167.92000000000002,,5,,7.000000000000001,"LINESTRING (11.3840164 47.2766316, 11.3841534 47.2765677, 11.3842476 47.2766635, 11.3843867 47.2767249, 11.3844433 47.276773, 11.3844475 47.2768236, 11.3843341 47.2769297, 11.3843513 47.2769904, 11.3844572 47.2770248, 11.3846204 47.2769594, 11.3847 47.2769492, 11.3847656 47.2769636, 11.3848058 47.2769333, 11.3848508 47.2768993, 11.3849926 47.2768155, 11.3851836 47.276733, 11.3854387 47.2766626)"
2722,5.0,,,,375.8620000000001,,5,,6.000000000000001,"LINESTRING (11.3840164 47.2766316, 11.3838279 47.2767892, 11.3837219 47.2768837, 11.3834835 47.2770438, 11.3831978 47.2773653, 11.3829758 47.2774684, 11.3827734 47.2774962, 11.3826602 47.2775112, 11.3824795 47.2774871, 11.3823053 47.2775443, 11.3821636 47.2777333, 11.3823233 47.2778989, 11.3823413 47.2782139, 11.3823378 47.2783528, 11.3822011 47.2787963, 11.3820923 47.278868, 11.3820311 47.2789314, 11.3818649 47.2792121)"
2723,5.0,,,,256.223,,5,,6.000000000000001,"LINESTRING (11.3840164 47.2766316, 11.384006 47.2765289, 11.3841457 47.2764259, 11.3844323 47.2762876, 11.3846298 47.2760939, 11.3847261 47.2759331, 11.3847354 47.2758024, 11.3847192 47.2757397, 11.384642 47.2756167, 11.3845356 47.275554, 11.3844629 47.2754938, 11.3843517 47.2753344, 11.3842003 47.2752445, 11.3840434 47.2751173, 11.3839123 47.275044, 11.3837256 47.274999, 11.3835414 47.2749924, 11.3834719 47.2749579)"
2724,8.0,,10.0,,36.432,,5,,6.000000000000001,"LINESTRING (11.406425 47.258521, 11.4065345 47.2582019)"
2725,10.0,,,,48.875,,5,,6.000000000000001,"LINESTRING (11.406425 47.258521, 11.4070611 47.2586036)"
2726,7.0,,10.0,,198.411,,5,,6.000000000000001,"LINESTRING (11.406425 47.258521, 11.4063405 47.2588155, 11.4062891 47.258848, 11.4062397 47.2588546, 11.405562 47.2587561, 11.4052129 47.2587077, 11.4043762 47.258591, 11.404215 47.2585752)"
2727,6.0,,,,49.175,,5,,4.0,"LINESTRING (11.405469 47.25907, 11.4053323 47.2595024)"
2728,2.0,,10.0,7.0,261.411,10.0,10,,1.0,"LINESTRING (11.40717 47.2579794, 11.4073576 47.2580005, 11.4077604 47.258079, 11.4084876 47.25823, 11.4105358 47.2585262)"
2729,6.0,,,,116.03999999999999,9.0,10,,2.0,"LINESTRING (11.4062785 47.2578201, 11.4063614 47.2577907, 11.406497 47.2577963, 11.4068933 47.2578553, 11.4073197 47.2579311, 11.4077617 47.2580217)"
2730,5.0,,,,10.583,,5,,2.0,"LINESTRING (11.4074549 47.257828, 11.407496 47.257737)"
2731,10.0,,,,48.875,,5,,6.000000000000001,"LINESTRING (11.4070611 47.2586036, 11.406425 47.258521)"
2732,10.0,,,,9.247,,5,,6.000000000000001,"LINESTRING (11.4070611 47.2586036, 11.4071806 47.258622)"
2733,10.0,,10.0,,256.0539999999999,,5,,7.000000000000001,"LINESTRING (11.4070611 47.2586036, 11.4071258 47.2582196, 11.4072202 47.2577989, 11.407227 47.2577544, 11.4072083 47.2576191, 11.4072072 47.2574794, 11.4071987 47.2573433, 11.407201 47.2572851, 11.40721 47.2572245, 11.4072274 47.2571684, 11.4072771 47.2570786, 11.4073243 47.2570012, 11.4074197 47.2568661, 11.4075467 47.2567017, 11.4076801 47.2565272, 11.4077775 47.2563971)"
2734,10.0,,,,9.247,,5,,6.000000000000001,"LINESTRING (11.4071806 47.258622, 11.4070611 47.2586036)"
2735,10.0,,,,256.398,,5,,6.000000000000001,"LINESTRING (11.4071806 47.258622, 11.4105027 47.2591051)"
2736,10.0,,,,208.814,,5,,5.0,"LINESTRING (11.4071806 47.258622, 11.4068714 47.2595336, 11.4067909 47.2597949, 11.4067046 47.2601161, 11.4066104 47.2604592)"
2737,5.0,,,,46.102000000000004,,5,,4.0,"LINESTRING (11.391781 47.2455871, 11.3916576 47.2454855, 11.391395 47.2452658)"
2738,5.0,,,,22.939,,5,,6.000000000000001,"LINESTRING (11.391781 47.2455871, 11.3919474 47.2456436, 11.392025 47.2457038)"
2739,5.0,,,,22.939,,5,,6.000000000000001,"LINESTRING (11.392025 47.2457038, 11.3919474 47.2456436, 11.391781 47.2455871)"
2740,5.0,,,,265.064,,5,,7.000000000000001,"LINESTRING (11.392025 47.2457038, 11.3919751 47.245892, 11.3918351 47.2459548, 11.391526 47.24602, 11.3911378 47.2461915, 11.3908884 47.2463889, 11.3908329 47.2465921, 11.3907408 47.2467122, 11.3906434 47.2469274, 11.3907545 47.2472632, 11.3908745 47.2472981, 11.3912931 47.247311)"
2741,5.0,,,,65.246,,5,,7.000000000000001,"LINESTRING (11.392025 47.2457038, 11.3923355 47.2458092, 11.3926663 47.2460791)"
2742,5.0,,,,65.294,,5,,7.000000000000001,"LINESTRING (11.392025 47.2457038, 11.3922246 47.2458527, 11.3925601 47.2460671, 11.3926663 47.2460791)"
2743,5.0,,,,13.925,,5,,6.000000000000001,"LINESTRING (11.3929565 47.2464754, 11.3930568 47.2465805)"
2744,5.0,,,,29.938000000000002,,5,,6.000000000000001,"LINESTRING (11.3929565 47.2464754, 11.3928929 47.246264, 11.3928425 47.2462229)"
2745,5.0,,,,38.423,,5,,6.000000000000001,"LINESTRING (11.3929565 47.2464754, 11.3927822 47.2464189, 11.392755 47.2463201, 11.3928425 47.2462229)"
2746,5.0,,,,67.13699999999999,,5,,4.0,"LINESTRING (11.3880493 47.2527457, 11.3879866 47.252696, 11.3879471 47.2526404, 11.3879485 47.2525858, 11.3879674 47.2525311, 11.3879766 47.2524621, 11.3880004 47.2523852, 11.3880212 47.2523122, 11.3880466 47.252279, 11.3880841 47.2522624, 11.3881308 47.2522637, 11.3881862 47.2522867)"
2747,5.0,,,,151.57800000000003,,5,,6.000000000000001,"LINESTRING (11.3880493 47.2527457, 11.3881818 47.2527816, 11.3883478 47.2528095, 11.3886199 47.2528465, 11.3887945 47.2528437, 11.3889823 47.2527994, 11.3893409 47.2526457, 11.3896288 47.2524993, 11.389717 47.2524544, 11.3897873 47.2523648)"
2748,5.0,,,,223.28499999999997,,5,,5.0,"LINESTRING (11.3880493 47.2527457, 11.3877978 47.2526706, 11.3876578 47.2527142, 11.3875762 47.2526825, 11.387512 47.2525914, 11.3872613 47.2524212, 11.387512 47.2523896, 11.3875062 47.2522392, 11.3872613 47.2522154, 11.3870572 47.2521046, 11.3866373 47.2519779, 11.386419 47.2516822)"
2749,5.0,,,,67.137,,5,,4.0,"LINESTRING (11.3881862 47.2522867, 11.3881308 47.2522637, 11.3880841 47.2522624, 11.3880466 47.252279, 11.3880212 47.2523122, 11.3880004 47.2523852, 11.3879766 47.2524621, 11.3879674 47.2525311, 11.3879485 47.2525858, 11.3879471 47.2526404, 11.3879866 47.252696, 11.3880493 47.2527457)"
2750,6.0,,,,59.434,,5,,4.0,"LINESTRING (11.4000109 47.2672137, 11.3997651 47.2670716, 11.3996051 47.2670464, 11.3993092 47.267082)"
2751,10.0,,,,45.176,,5,,3.0000000000000004,"LINESTRING (11.4065789 47.2660463, 11.4067356 47.2660678, 11.4068075 47.2660801, 11.407163 47.2661353)"
2752,6.0,,,,14.647,,5,,5.0,"LINESTRING (11.3752823 47.2642204, 11.3751715 47.2642421, 11.3750958 47.2642569)"
2753,6.0,,,,13.044,,5,,6.000000000000001,"LINESTRING (11.3752823 47.2642204, 11.3753487 47.2642073, 11.3754524 47.2642085)"
2754,6.0,,,,81.395,,5,,6.000000000000001,"LINESTRING (11.3752823 47.2642204, 11.3752577 47.2641707, 11.3752607 47.2640998, 11.3752738 47.2640728, 11.3753176 47.2640589, 11.3759142 47.2640717, 11.3759098 47.264214)"
2755,10.0,,10.0,,8.029,,5,,6.000000000000001,"LINESTRING (11.3905778 47.2688933, 11.3905876 47.2689652)"
2756,6.0,,10.0,,20.245,5.0,5,,7.000000000000001,"LINESTRING (11.3905778 47.2688933, 11.3903375 47.2689743)"
2757,10.0,,,,19.319000000000003,,5,,6.000000000000001,"LINESTRING (11.3783271 47.2592969, 11.3782219 47.2593473, 11.3781566 47.2594214)"
2758,10.0,,,,274.015,,5,,6.000000000000001,"LINESTRING (11.3783271 47.2592969, 11.378187 47.2592081, 11.378042 47.2590416, 11.3774463 47.2584898, 11.3772093 47.2583753, 11.3769859 47.2581446, 11.3766626 47.2578732, 11.3764729 47.2577139, 11.3763811 47.257599, 11.3763534 47.2574538, 11.3762772 47.2573829, 11.3762154 47.2573339)"
2759,10.0,,10.0,,76.363,,5,2.0,6.000000000000001,"LINESTRING (11.3783271 47.2592969, 11.378504 47.2594851, 11.3786611 47.2596551, 11.3787995 47.2598093, 11.3787904 47.2598503, 11.3787604 47.2598857)"
2760,10.0,,,,30.291,,5,,6.000000000000001,"LINESTRING (11.3762154 47.2573339, 11.3759131 47.2571547)"
2761,10.0,,,,211.75199999999998,,5,,7.000000000000001,"LINESTRING (11.3762154 47.2573339, 11.3760737 47.2574186, 11.3758761 47.2575397, 11.3755339 47.2576997, 11.3752463 47.2579022, 11.37495 47.2582233, 11.3746473 47.2587365, 11.374586 47.258828)"
2762,10.0,,,,274.015,,5,,6.000000000000001,"LINESTRING (11.3762154 47.2573339, 11.3762772 47.2573829, 11.3763534 47.2574538, 11.3763811 47.257599, 11.3764729 47.2577139, 11.3766626 47.2578732, 11.3769859 47.2581446, 11.3772093 47.2583753, 11.3774463 47.2584898, 11.378042 47.2590416, 11.378187 47.2592081, 11.3783271 47.2592969)"
2763,10.0,,,,37.399,,5,,6.000000000000001,"LINESTRING (11.3781566 47.2594214, 11.3779846 47.2596248, 11.3779099 47.2597131)"
2764,10.0,,,,19.319000000000003,,5,,6.000000000000001,"LINESTRING (11.3781566 47.2594214, 11.3782219 47.2593473, 11.3783271 47.2592969)"
2765,10.0,,10.0,,37.991,,5,2.0,7.000000000000001,"LINESTRING (11.3781566 47.2594214, 11.3781884 47.2595429, 11.3784892 47.2596201)"
2766,10.0,,10.0,,5.831,,5,2.0,6.000000000000001,"LINESTRING (11.3786924 47.2599106, 11.3787604 47.2598857)"
2767,10.0,,10.0,,18.478,,5,2.0,6.000000000000001,"LINESTRING (11.3786924 47.2599106, 11.3785314 47.2600358)"
2768,10.0,,10.0,,42.501000000000005,,5,2.0,7.000000000000001,"LINESTRING (11.3786924 47.2599106, 11.3785728 47.2598927, 11.3785018 47.259852, 11.3784927 47.2598234, 11.3784821 47.25979, 11.378507 47.2597183, 11.3784892 47.2596201)"
2769,10.0,,10.0,,5.831,,5,2.0,6.000000000000001,"LINESTRING (11.3787604 47.2598857, 11.3786924 47.2599106)"
2770,10.0,,,,535.209,,5,,6.000000000000001,"LINESTRING (11.3787604 47.2598857, 11.3788495 47.2600028, 11.3790466 47.260251, 11.3795699 47.260907, 11.3804026 47.2618541, 11.3808824 47.262503, 11.3813703 47.2628965, 11.3819531 47.2636565, 11.3820676 47.2638063, 11.3822916 47.2640472)"
2771,10.0,,10.0,,76.363,,5,2.0,6.000000000000001,"LINESTRING (11.3787604 47.2598857, 11.3787904 47.2598503, 11.3787995 47.2598093, 11.3786611 47.2596551, 11.378504 47.2594851, 11.3783271 47.2592969)"
2772,10.0,,,,272.72499999999997,,5,,6.000000000000001,"LINESTRING (11.3798963 47.2593897, 11.3800195 47.2594316, 11.3801883 47.2597118, 11.3804455 47.2600176, 11.3810188 47.2607036, 11.3811008 47.260793, 11.3818083 47.2614458)"
2773,10.0,,,,71.742,,5,,6.000000000000001,"LINESTRING (11.3798963 47.2593897, 11.3796798 47.2591934, 11.3796216 47.2591383, 11.3795443 47.2590465, 11.3793787 47.2588499)"
2774,10.0,,,,67.204,,5,,7.000000000000001,"LINESTRING (11.3798963 47.2593897, 11.3798502 47.2592276, 11.3800386 47.2590516, 11.3797137 47.259075)"
2775,5.0,,7.0,,6.333,,5,1.0,6.000000000000001,"LINESTRING (11.4048549 47.2830708, 11.4047921 47.283033)"
2776,5.0,,7.0,,45.866,,5,1.0,6.000000000000001,"LINESTRING (11.4048549 47.2830708, 11.4048264 47.2832912, 11.405022 47.2834289)"
2777,5.0,,7.0,,93.90099999999998,,5,1.0,7.000000000000001,"LINESTRING (11.4048549 47.2830708, 11.4048579 47.2829944, 11.4048355 47.2828535, 11.4048327 47.2827886, 11.4048196 47.2827477, 11.4048317 47.2827314, 11.4048554 47.2827327, 11.4048679 47.282754, 11.4048816 47.2827738, 11.4049091 47.2827791, 11.4049103 47.2827326, 11.4049004 47.2826348, 11.4048871 47.2825045, 11.4048723 47.282359)"
2778,10.0,,10.0,,8.532,,5,,6.000000000000001,"LINESTRING (11.3905876 47.2689652, 11.3905644 47.2690403)"
2779,10.0,,10.0,,8.029,,5,,5.0,"LINESTRING (11.3905876 47.2689652, 11.3905778 47.2688933)"
2780,10.0,,10.0,,98.26799999999999,,5,,6.000000000000001,"LINESTRING (11.3905876 47.2689652, 11.3906358 47.2689297, 11.3906865 47.2688924, 11.3913665 47.2683919, 11.3914413 47.2683713, 11.3915138 47.2683698)"
2781,10.0,,10.0,,6.871,,10,,4.0,"LINESTRING (11.390491 47.2688746, 11.3905778 47.2688933)"
2782,10.0,,7.0,,97.197,,5,,5.0,"LINESTRING (11.390491 47.2688746, 11.3905377 47.2688389, 11.3905658 47.2688175, 11.3912329 47.2683083, 11.3912816 47.2682481, 11.3913102 47.2682045)"
2783,10.0,,10.0,,8.532,,5,,6.000000000000001,"LINESTRING (11.3905644 47.2690403, 11.3905876 47.2689652)"
2784,10.0,,10.0,,10.806,,5,,6.000000000000001,"LINESTRING (11.3905644 47.2690403, 11.3904409 47.2690895)"
2785,10.0,,10.0,,67.251,,5,,6.000000000000001,"LINESTRING (11.3905644 47.2690403, 11.3905745 47.2690742, 11.390659 47.2691788, 11.3908115 47.2692413, 11.3909002 47.2693075, 11.3909888 47.2693803, 11.3910239 47.2694045, 11.3910497 47.2694133, 11.3910764 47.2694167, 11.3911079 47.2694156, 11.3911466 47.2694131, 11.3911853 47.2694156)"
2786,10.0,,,,486.92399999999986,,5,,6.000000000000001,"LINESTRING (11.3974297 47.2753939, 11.397406 47.275356, 11.397237 47.2750451, 11.3969752 47.2747627, 11.3965789 47.2742858, 11.3962972 47.2739557, 11.3961121 47.2737221, 11.3960775 47.2736516, 11.3957029 47.2730879, 11.3956622 47.2730331, 11.3956117 47.2728215, 11.395626 47.2726798, 11.3953937 47.2714644, 11.3953455 47.2713942, 11.3952775 47.271348)"
2787,10.0,,,,361.33900000000006,,5,,6.000000000000001,"LINESTRING (11.3974297 47.2753939, 11.3975125 47.2755037, 11.3975591 47.275635, 11.397706 47.275771, 11.3977511 47.2758728, 11.3978528 47.2760209, 11.398079 47.2762439, 11.3984147 47.2765413, 11.3985615 47.2767469, 11.3986664 47.2768481, 11.3987341 47.276875, 11.3989905 47.2771423, 11.3991304 47.2772641, 11.3992715 47.2773769, 11.3994857 47.2775395, 11.39972 47.2777179, 11.3999743 47.2778825, 11.4002237 47.2779584)"
2788,10.0,,10.0,,29.125,,5,,7.000000000000001,"LINESTRING (11.3974297 47.2753939, 11.3976928 47.275372, 11.3978126 47.2753606)"
2789,5.0,,,,195.53,,5,,2.0,"LINESTRING (11.4298434 47.253048, 11.4299897 47.2530493, 11.4300882 47.2530857, 11.430226 47.2531959, 11.4302646 47.2532268, 11.4305462 47.2533953, 11.4306053 47.2534789, 11.4306447 47.2534162, 11.4306835 47.2533877, 11.4307124 47.2533665, 11.4308817 47.2535195, 11.4310129 47.2535782, 11.4312248 47.2535789, 11.4315077 47.2537916, 11.4317453 47.2538846)"
2790,5.0,,,,47.657,,5,,2.0,"LINESTRING (11.4147473 47.2517777, 11.4147037 47.2515808, 11.4144784 47.2514097)"
2791,5.0,,,,101.347,,5,,6.000000000000001,"LINESTRING (11.4132061 47.252041, 11.4134405 47.2520118, 11.4135518 47.2519521, 11.4135303 47.2518593, 11.4135003 47.2518076, 11.4130368 47.2516091, 11.4128601 47.2515543)"
2792,5.0,,9.0,,449.458,,5,,6.000000000000001,"LINESTRING (11.4132061 47.252041, 11.4126923 47.2519296, 11.412495 47.2518328, 11.4123394 47.251798, 11.4121942 47.2518063, 11.4119354 47.2518687, 11.4114882 47.2518989, 11.4111937 47.2518687, 11.4110321 47.2517695, 11.410778 47.2516887, 11.4104874 47.251673, 11.4095682 47.2517469, 11.4087968 47.2519167, 11.4076624 47.2520928, 11.4075438 47.2521556)"
2793,5.0,,9.0,,395.762,,5,,6.000000000000001,"LINESTRING (11.4132061 47.252041, 11.4139642 47.2522075, 11.4142676 47.2521809, 11.4150056 47.2523798, 11.4153818 47.2524345, 11.4158745 47.2525448, 11.4162748 47.2525487, 11.4170622 47.2525475, 11.4178911 47.25264, 11.4182186 47.252639, 11.4183042 47.2526528)"
2794,5.0,,,,273.68399999999997,,5,,4.0,"LINESTRING (11.4097055 47.250619, 11.4100754 47.2506347, 11.4107171 47.2507564, 11.4111935 47.2507457, 11.411704 47.2510279, 11.4120656 47.2511587, 11.4123888 47.2511861, 11.4125435 47.251303, 11.4128601 47.2515543)"
2795,5.0,,9.0,,57.7,,5,,6.000000000000001,"LINESTRING (11.4254361 47.2544662, 11.4261723 47.2543263)"
2796,5.0,,9.0,,228.389,,5,,6.000000000000001,"LINESTRING (11.4254361 47.2544662, 11.4253508 47.2544602, 11.4250689 47.2543685, 11.424578 47.254377, 11.4240428 47.2541165, 11.423654 47.2540823, 11.4230165 47.2538649, 11.4226943 47.2537379)"
2797,5.0,,5.0,,72.10300000000001,,5,,6.000000000000001,"LINESTRING (11.4254361 47.2544662, 11.4254644 47.2545236, 11.4262952 47.2546899)"
2798,5.0,,6.0,,42.808,,5,,6.000000000000001,"LINESTRING (11.4280673 47.2556408, 11.4285959 47.2557804)"
2799,5.0,,,,115.322,,5,,7.000000000000001,"LINESTRING (11.4280673 47.2556408, 11.4282069 47.25565, 11.4287308 47.2556624, 11.4290857 47.2556477, 11.4295929 47.2556284)"
2800,5.0,,,2.0,140.417,,5,,7.000000000000001,"LINESTRING (11.4280673 47.2556408, 11.4278427 47.2556155, 11.4269346 47.2554822, 11.4262459 47.2553839)"
2801,5.0,,6.0,,177.223,,5,,7.000000000000001,"LINESTRING (11.4280673 47.2556408, 11.4273147 47.2552085, 11.4271024 47.2550679, 11.4269859 47.2550147, 11.4268721 47.2548876, 11.4268165 47.2548195, 11.4265894 47.2548345, 11.4262952 47.2546899)"
2802,10.0,,,,11.551,,5,,6.000000000000001,"LINESTRING (11.382352 47.2622942, 11.3824957 47.2622584)"
2803,10.0,,,,328.6339999999999,,5,,6.000000000000001,"LINESTRING (11.382352 47.2622942, 11.3827133 47.2627139, 11.3830134 47.2629556, 11.3836077 47.2637676, 11.3838554 47.263957, 11.3839464 47.2641168, 11.3842277 47.2643496, 11.3844261 47.2644122, 11.3844658 47.2644263, 11.3845037 47.2644441, 11.3845558 47.2644735, 11.3845817 47.2644916, 11.3846322 47.2645359, 11.3847081 47.2646336, 11.3847254 47.2646584, 11.3847319 47.2646764, 11.3847328 47.2646885, 11.3847308 47.2647036)"
2804,10.0,,,,104.26000000000002,,5,,6.000000000000001,"LINESTRING (11.382352 47.2622942, 11.3822693 47.2620669, 11.3821534 47.2619012, 11.3820366 47.2617641, 11.3820129 47.2616638, 11.3819364 47.2615549, 11.3818083 47.2614458)"
2805,6.0,,10.0,,54.247,,10,,4.0,"LINESTRING (11.3854425 47.2630672, 11.3853074 47.2631422, 11.3851454 47.2632319, 11.384885 47.2633752)"
2806,5.0,,10.0,,83.46600000000001,,5,,4.0,"LINESTRING (11.3854425 47.2630672, 11.3851907 47.262855, 11.3847487 47.2624826)"
2807,5.0,,10.0,,132.343,5.0,5,,6.000000000000001,"LINESTRING (11.3854425 47.2630672, 11.3854799 47.2630997, 11.3859647 47.2634809, 11.3863329 47.2637643, 11.3864625 47.2638616, 11.3865988 47.2639619)"
2808,6.0,,10.0,,30.865,,5,,7.000000000000001,"LINESTRING (11.3834625 47.2628622, 11.3831424 47.263035)"
2809,6.0,,10.0,,30.865,,5,,7.000000000000001,"LINESTRING (11.3834625 47.2628622, 11.3831424 47.263035)"
2810,6.0,,,,16.245,,5,,6.000000000000001,"LINESTRING (11.3834625 47.2628622, 11.3836023 47.2629733)"
2811,6.0,,,,37.646,,5,,6.000000000000001,"LINESTRING (11.4026081 47.2641554, 11.402551 47.2640908, 11.402311 47.263884)"
2812,6.0,,,,201.24499999999995,,5,,7.000000000000001,"LINESTRING (11.4026081 47.2641554, 11.4026349 47.2642077, 11.4026524 47.2642599, 11.4026641 47.2643121, 11.4026686 47.2643706, 11.4026661 47.2644322, 11.40266 47.2644877, 11.4026493 47.2645368, 11.4026325 47.2645922, 11.4026082 47.2646699, 11.4025853 47.2647206, 11.402553 47.2647838, 11.4025184 47.2648391, 11.4024807 47.2648959, 11.4024311 47.264965, 11.402304 47.2651336, 11.4022469 47.2652056, 11.4021836 47.2652817, 11.4021319 47.2653603, 11.4021112 47.2654229, 11.4021121 47.2654884, 11.4021262 47.265539, 11.4021567 47.2655875, 11.4023268 47.2657556, 11.402418 47.265814)"
2813,6.0,,,,418.115,,5,,6.000000000000001,"LINESTRING (11.4026081 47.2641554, 11.4026857 47.2640989, 11.402781 47.2640093, 11.402821 47.2639569, 11.4028201 47.2639206, 11.4019653 47.2609681, 11.4019824 47.2608071, 11.4019253 47.2606209, 11.4017546 47.2606078)"
2814,6.0,,,,274.99300000000005,,5,,6.000000000000001,"LINESTRING (11.4017969 47.2628135, 11.4012577 47.2607742, 11.4013051 47.2607043, 11.4016652 47.26065, 11.4017546 47.2606078)"
2815,6.0,,,,123.77199999999999,,5,,6.000000000000001,"LINESTRING (11.4017969 47.2628135, 11.4020124 47.2635726, 11.4020974 47.2636934, 11.40228 47.2638582)"
2816,6.0,,,,34.625,,5,,6.000000000000001,"LINESTRING (11.4017969 47.2628135, 11.4018619 47.2626931, 11.4019547 47.2625211)"
2817,5.0,,,,47.778,,5,,4.0,"LINESTRING (11.3979424 47.2824517, 11.3980013 47.2824273, 11.3983532 47.2824228, 11.3985656 47.2824228)"
2818,5.0,,,,3.005,,5,,4.0,"LINESTRING (11.3985673 47.2823958, 11.3985656 47.2824228)"
2819,6.0,,10.0,,29.109,,10,5.0,4.0,"LINESTRING (11.3863274 47.2618116, 11.3859502 47.2617568)"
2820,6.0,,10.0,,3.45,,5,5.0,5.0,"LINESTRING (11.3863274 47.2618116, 11.3863725 47.2618167)"
2821,6.0,,10.0,,117.36200000000001,,10,5.0,2.0,"LINESTRING (11.3859502 47.2617568, 11.3852112 47.2616526, 11.3851933 47.2616356, 11.3851839 47.2616147, 11.3852054 47.2615601, 11.3852308 47.2615437, 11.3852724 47.261541, 11.3857793 47.2616283, 11.3858335 47.2616311)"
2822,6.0,,10.0,,17.601,,10,5.0,2.0,"LINESTRING (11.3859502 47.2617568, 11.3858961 47.261732, 11.3858695 47.2617127, 11.3858499 47.2616943, 11.3858349 47.2616633, 11.3858335 47.2616311)"
2823,6.0,,10.0,,3.45,,5,5.0,4.0,"LINESTRING (11.3863725 47.2618167, 11.3863274 47.2618116)"
2824,6.0,,10.0,,60.711999999999996,,10,5.0,4.0,"LINESTRING (11.3863725 47.2618167, 11.3864512 47.2618255, 11.3871664 47.2619052)"
2825,6.0,,10.0,,98.73400000000002,,5,5.0,4.0,"LINESTRING (11.3863725 47.2618167, 11.3863836 47.261787, 11.3863948 47.2617572, 11.3864479 47.2616135, 11.38649 47.2614678, 11.3865632 47.2611728, 11.3866049 47.2610146, 11.3866117 47.2609447)"
2826,6.0,,10.0,,36.934,,5,5.0,4.0,"LINESTRING (11.3866049 47.2633055, 11.3864621 47.2632405, 11.386307 47.2631405, 11.3862319 47.2630921)"
2827,6.0,,10.0,,52.519,,10,5.0,4.0,"LINESTRING (11.3866049 47.2633055, 11.3867502 47.2633929, 11.3868711 47.2634313, 11.3869452 47.2634538, 11.3870156 47.2634702, 11.3870701 47.2634828, 11.3871343 47.2635447, 11.3871457 47.2635557, 11.3871594 47.2635689)"
2828,6.0,9.0,10.0,,29.063,,10,5.0,4.0,"LINESTRING (11.3871664 47.2619052, 11.38723 47.2618907, 11.3875451 47.26192)"
2829,6.0,,10.0,,131.15099999999998,,10,5.0,4.0,"LINESTRING (11.3871664 47.2619052, 11.3871526 47.2619529, 11.3871155 47.2620811, 11.3870544 47.2622971, 11.3870358 47.2623223, 11.3870127 47.2623411, 11.3869803 47.2623662, 11.3869529 47.2623926, 11.3869307 47.2624262, 11.3869179 47.262466, 11.3868904 47.2625584, 11.3868347 47.262736, 11.3867835 47.262899, 11.3867432 47.2630382)"
2830,6.0,,,,17.542,,5,,6.000000000000001,"LINESTRING (11.3877681 47.2724011, 11.3878482 47.272253)"
2831,6.0,,,,14.701,,5,,4.0,"LINESTRING (11.3877681 47.2724011, 11.3876978 47.2725244)"
2832,6.0,,,,68.116,,5,,6.000000000000001,"LINESTRING (11.3877681 47.2724011, 11.3882047 47.2724834, 11.3886355 47.2725709)"
2833,8.0,,10.0,,115.902,,5,,5.0,"LINESTRING (11.3886355 47.2725709, 11.3888196 47.2724065, 11.3889605 47.2722057, 11.3890081 47.2720685, 11.3890208 47.2719212, 11.3889181 47.2716038)"
2834,6.0,,,,68.116,,5,,6.000000000000001,"LINESTRING (11.3886355 47.2725709, 11.3882047 47.2724834, 11.3877681 47.2724011)"
2835,6.0,,,,55.786,,5,,4.0,"LINESTRING (11.3886355 47.2725709, 11.3885384 47.2728185, 11.3885439 47.272885, 11.3886105 47.2728684, 11.3887011 47.2727983, 11.3887171 47.2727624)"
2836,8.0,,10.0,,36.246,,5,,7.000000000000001,"LINESTRING (11.3935661 47.2720808, 11.3931908 47.2722843)"
2837,8.0,,10.0,,171.115,,5,,4.0,"LINESTRING (11.3935661 47.2720808, 11.3939369 47.2725475, 11.394143 47.272807, 11.3944269 47.2731643, 11.3946423 47.2734354)"
2838,8.0,,10.0,,111.60499999999999,,5,,5.0,"LINESTRING (11.3935661 47.2720808, 11.3928937 47.2712513, 11.392833 47.2712119)"
2839,5.0,,9.0,,79.942,,5,2.0,6.000000000000001,"LINESTRING (11.4276537 47.253837, 11.4275824 47.2538437, 11.4275215 47.2538727, 11.4270901 47.2538554, 11.4268901 47.2538826, 11.4267737 47.253934, 11.426705 47.2540151)"
2840,5.0,,9.0,,112.47800000000001,,5,2.0,5.0,"LINESTRING (11.4276537 47.253837, 11.4278678 47.2538856, 11.4280001 47.2538824, 11.4280727 47.2538447, 11.4281494 47.2536303, 11.4281354 47.253553, 11.4279027 47.2532584, 11.4278653 47.2531893)"
2841,5.0,,,,77.25200000000001,,5,,5.0,"LINESTRING (11.4276537 47.253837, 11.4277393 47.2537879, 11.4277688 47.2537164, 11.4277339 47.2534242, 11.4278653 47.2531893)"
2842,6.0,,10.0,,122.56700000000001,,5,,4.0,"LINESTRING (11.3868946 47.269458, 11.3875648 47.2686776, 11.38765 47.2686019, 11.3877289 47.268513)"
2843,6.0,,,,20.326,,5,,7.000000000000001,"LINESTRING (11.4079922 47.2791244, 11.4077984 47.2789974)"
2844,6.0,,,,22.305,,5,,7.000000000000001,"LINESTRING (11.4079922 47.2791244, 11.4081813 47.2789702)"
2845,6.0,,,,14.918,,5,,7.000000000000001,"LINESTRING (11.4079922 47.2791244, 11.4079956 47.2791692, 11.4079777 47.2792139, 11.4079465 47.2792513)"
2846,6.0,,,,84.368,,5,,5.0,"LINESTRING (11.4079922 47.2791244, 11.4081432 47.2792394, 11.4081545 47.27927, 11.4081239 47.2793797, 11.408288 47.2798276)"
2847,6.0,,,,38.495000000000005,,5,,6.000000000000001,"LINESTRING (11.4079465 47.2792513, 11.4078135 47.279219, 11.4077343 47.2791592, 11.407734 47.2791409, 11.4077336 47.2791118, 11.4077984 47.2789974)"
2848,6.0,,,,14.918,,5,,7.000000000000001,"LINESTRING (11.4079465 47.2792513, 11.4079777 47.2792139, 11.4079956 47.2791692, 11.4079922 47.2791244)"
2849,6.0,,,,78.42999999999999,,5,,6.000000000000001,"LINESTRING (11.4079465 47.2792513, 11.4079127 47.2793039, 11.4079053 47.2793741, 11.4080161 47.2796932, 11.4080235 47.2797436, 11.4080016 47.2797924, 11.407865 47.2799079)"
2850,6.0,,,,20.326,,5,,7.000000000000001,"LINESTRING (11.4077984 47.2789974, 11.4079922 47.2791244)"
2851,6.0,,,,62.466,,5,,5.0,"LINESTRING (11.4077984 47.2789974, 11.4076092 47.2788635, 11.4074375 47.2787421, 11.4073907 47.2786784, 11.4074127 47.2786118, 11.4074646 47.2785529)"
2852,6.0,,,,38.495000000000005,,5,,6.000000000000001,"LINESTRING (11.4077984 47.2789974, 11.4077336 47.2791118, 11.407734 47.2791409, 11.4077343 47.2791592, 11.4078135 47.279219, 11.4079465 47.2792513)"
2853,5.0,,,,83.02499999999999,,5,,8.0,"LINESTRING (11.3889373 47.275416, 11.3886257 47.2755527, 11.3880833 47.2758167, 11.3880252 47.2758312)"
2854,5.0,,,,21.009,,5,,7.000000000000001,"LINESTRING (11.3889373 47.275416, 11.3891061 47.2753722, 11.3891909 47.2753392)"
2855,6.0,,,,90.399,,5,,6.000000000000001,"LINESTRING (11.3889373 47.275416, 11.3889122 47.2754963, 11.3890904 47.2757774, 11.3892585 47.2760393, 11.3893242 47.2760575, 11.3894434 47.2760156)"
2856,6.0,,,,6.788,,5,,6.000000000000001,"LINESTRING (11.3755047 47.2686228, 11.3754161 47.2686122)"
2857,6.0,,,,13.909,,5,,7.000000000000001,"LINESTRING (11.3755047 47.2686228, 11.3756857 47.2686465)"
2858,8.0,,10.0,,25.686,,10,,4.0,"LINESTRING (11.3963279 47.2584365, 11.3962595 47.2583855, 11.396158 47.2583405, 11.3960466 47.2583151)"
2859,6.0,,,,89.298,,5,,3.0000000000000004,"LINESTRING (11.3963279 47.2584365, 11.3961544 47.2586796, 11.3959419 47.2586303, 11.3957392 47.2589851)"
2860,8.0,,10.0,,5.243,,10,,4.0,"LINESTRING (11.3966132 47.2587996, 11.3965805 47.258758)"
2861,6.0,,,,25.812,,5,,4.0,"LINESTRING (11.3739861 47.2677899, 11.3743166 47.26773)"
2862,6.0,,,,40.305,,5,,4.0,"LINESTRING (11.3739861 47.2677899, 11.3739888 47.2677551, 11.3741985 47.2676893, 11.3744435 47.2676499)"
2863,8.0,,10.0,,80.886,,5,,6.000000000000001,"LINESTRING (11.3739861 47.2677899, 11.3730983 47.2679634, 11.3729502 47.2679642)"
2864,6.0,,10.0,,19.33,,5,,6.000000000000001,"LINESTRING (11.3730479 47.2678035, 11.3729502 47.2679642)"
2865,6.0,,10.0,,43.737,,5,,6.000000000000001,"LINESTRING (11.3730479 47.2678035, 11.3732661 47.2674391)"
2866,8.0,,10.0,9.0,203.557,,5,7.0,6.000000000000001,"LINESTRING (11.3730479 47.2678035, 11.3730854 47.2676081, 11.3732074 47.2673047, 11.3732146 47.2672587, 11.3732085 47.2672112, 11.3731804 47.267116, 11.3730615 47.2669595, 11.3729954 47.2668825, 11.3729232 47.2668067, 11.3728874 47.266778, 11.372849 47.2667486, 11.3727593 47.26669, 11.3726456 47.2666118, 11.3725955 47.2665803, 11.3725419 47.2665573, 11.3724865 47.2665366, 11.372426 47.266518, 11.3723668 47.2665017, 11.3723022 47.266486, 11.3722389 47.266472, 11.3721811 47.2664605, 11.3721428 47.2664554, 11.3720846 47.2664515, 11.371964 47.26645)"
2867,8.0,,,,68.227,,5,,4.0,"LINESTRING (11.3788727 47.2701408, 11.3782297 47.269874, 11.3781323 47.2697961)"
2868,8.0,,,,60.206,,5,,7.000000000000001,"LINESTRING (11.3774513 47.2695139, 11.3781323 47.2697961)"
2869,8.0,,,,3.706,,5,,7.000000000000001,"LINESTRING (11.3774513 47.2695139, 11.377447 47.2694807)"
2870,6.0,,,,12.054,,5,,7.000000000000001,"LINESTRING (11.3774513 47.2695139, 11.3773707 47.2696075)"
2871,6.0,,,,57.14,,5,,5.0,"LINESTRING (11.3774513 47.2695139, 11.3775082 47.269582, 11.377645 47.2696366, 11.3777322 47.2697485, 11.3779896 47.2698486)"
2872,6.0,,,,27.189,,5,,7.000000000000001,"LINESTRING (11.3760404 47.2686896, 11.3756857 47.2686465)"
2873,6.0,,,,13.227,,5,,6.000000000000001,"LINESTRING (11.3760404 47.2686896, 11.3762132 47.2687096)"
2874,6.0,,,,61.917,,5,,4.0,"LINESTRING (11.3760404 47.2686896, 11.3758962 47.2690146, 11.3758942 47.2690339, 11.3759118 47.2690515, 11.3761397 47.2691372)"
2875,8.0,,,,28.267,,5,,6.000000000000001,"LINESTRING (11.3770069 47.2678859, 11.3766521 47.2678043)"
2876,8.0,,,,9.988,,5,,6.000000000000001,"LINESTRING (11.3770069 47.2678859, 11.3771352 47.267908)"
2877,6.0,,,,44.827,,5,,4.0,"LINESTRING (11.3770069 47.2678859, 11.3768123 47.2682668)"
2878,6.0,,,,61.917,,5,,4.0,"LINESTRING (11.3761397 47.2691372, 11.3759118 47.2690515, 11.3758942 47.2690339, 11.3758962 47.2690146, 11.3760404 47.2686896)"
2879,6.0,,,,68.738,,5,,6.000000000000001,"LINESTRING (11.3746326 47.2662516, 11.3742825 47.2668223)"
2880,6.0,,10.0,,40.36,,5,,6.000000000000001,"LINESTRING (11.3746326 47.2662516, 11.3740986 47.2662308)"
2881,6.0,,10.0,,28.724,,5,,6.000000000000001,"LINESTRING (11.3746326 47.2662516, 11.3750129 47.266263)"
2882,6.0,,,,129.306,,5,,6.000000000000001,"LINESTRING (11.3741709 47.2670548, 11.3742128 47.2670855, 11.3743764 47.2671339, 11.3744319 47.2671309, 11.3744893 47.2671087, 11.3750129 47.266263)"
2883,6.0,,,,27.662,,5,,6.000000000000001,"LINESTRING (11.3741709 47.2670548, 11.3741644 47.2670147, 11.3742825 47.2668223)"
2884,6.0,,,,24.681,,5,,4.0,"LINESTRING (11.3741709 47.2670548, 11.3742095 47.2671188, 11.3744124 47.2671851)"
2885,6.0,,10.0,,28.724,,5,,6.000000000000001,"LINESTRING (11.3750129 47.266263, 11.3746326 47.2662516)"
2886,6.0,,10.0,,28.429,,5,,6.000000000000001,"LINESTRING (11.3750129 47.266263, 11.375389 47.2662781)"
2887,6.0,,,,129.30599999999998,,5,,6.000000000000001,"LINESTRING (11.3750129 47.266263, 11.3744893 47.2671087, 11.3744319 47.2671309, 11.3743764 47.2671339, 11.3742128 47.2670855, 11.3741709 47.2670548)"
2888,6.0,,,,32.372,,5,,6.000000000000001,"LINESTRING (11.3783913 47.2720114, 11.3779906 47.2721155)"
2889,8.0,,,,50.678,,5,,6.000000000000001,"LINESTRING (11.3783913 47.2720114, 11.3790276 47.2721574)"
2890,8.0,,,,23.502,,5,,6.000000000000001,"LINESTRING (11.3783913 47.2720114, 11.378129 47.2718974)"
2891,5.0,,,,29.954,,5,,6.000000000000001,"LINESTRING (11.372832 47.2708125, 11.3724405 47.2707678)"
2892,5.0,,,,57.56999999999999,,5,,6.000000000000001,"LINESTRING (11.372832 47.2708125, 11.3730153 47.2707503, 11.3731612 47.2707095, 11.3734187 47.2707095, 11.373556 47.2707361)"
2893,5.0,,,,35.168,,5,,6.000000000000001,"LINESTRING (11.372832 47.2708125, 11.3726377 47.2708784, 11.3723888 47.2708784)"
2894,6.0,,,,65.47,,5,,4.0,"LINESTRING (11.3741182 47.2675463, 11.3737575 47.2674863, 11.3732661 47.2674391)"
2895,10.0,,10.0,,14.003,,5,,6.000000000000001,"LINESTRING (11.3752818 47.2648546, 11.3751859 47.2648542, 11.375099 47.2648392)"
2896,10.0,,10.0,,11.732,,5,,6.000000000000001,"LINESTRING (11.3752818 47.2648546, 11.3753542 47.2648552, 11.3754318 47.2648351)"
2897,2.0,,10.0,,9.008,9.0,10,,7.000000000000001,"LINESTRING (11.3752818 47.2648546, 11.3752825 47.2648691, 11.3752777 47.2649148, 11.375275 47.2649354)"
2898,2.0,,10.0,,34.870999999999995,3.0,5,,9.0,"LINESTRING (11.3782784 47.2651177, 11.3784899 47.2651612, 11.3787152 47.2652195)"
2899,6.0,,,,88.05499999999999,,5,,8.0,"LINESTRING (11.3782784 47.2651177, 11.3782125 47.2649234, 11.3778129 47.2648692, 11.3774737 47.2648593, 11.3773977 47.2649276)"
2900,6.0,,,,113.093,,5,,7.000000000000001,"LINESTRING (11.3782784 47.2651177, 11.3783447 47.2650031, 11.3784778 47.2647589, 11.3784734 47.2647312, 11.3784545 47.2647059, 11.3778075 47.2645861, 11.3778321 47.264465)"
2901,2.0,,10.0,,152.926,9.0,10,,8.0,"LINESTRING (11.3782784 47.2651177, 11.3780556 47.2651538, 11.3779281 47.2651372, 11.3776078 47.2650934, 11.3772156 47.2650489, 11.3768518 47.265024, 11.3762742 47.2650324)"
2902,6.0,,,,228.437,,5,,10.0,"LINESTRING (11.3782784 47.2651177, 11.3780904 47.2650866, 11.3777974 47.2650412, 11.3772256 47.2649794, 11.3768527 47.2649612, 11.3755747 47.2649562, 11.3754116 47.2649538, 11.375275 47.2649354)"
2903,6.0,,10.0,,58.011,5.0,5,,9.0,"LINESTRING (11.3782784 47.2651177, 11.3782004 47.2652474, 11.3781068 47.2654872, 11.3780937 47.265564, 11.3781079 47.2656194)"
2904,2.0,,10.0,,31.109,10.0,10,,2.0,"LINESTRING (11.3754054 47.2650534, 11.3753464 47.2650562, 11.3749934 47.2650624)"
2905,2.0,,10.0,,15.256,9.0,10,,3.0000000000000004,"LINESTRING (11.3754054 47.2650534, 11.3753441 47.2650272, 11.3752647 47.2650223, 11.3752175 47.2650111)"
2906,2.0,,10.0,,8.114,9.0,10,,4.0,"LINESTRING (11.3752175 47.2650111, 11.3751715 47.2649922, 11.3751387 47.2649633)"
2907,2.0,,10.0,,18.115000000000002,9.0,10,,3.0000000000000004,"LINESTRING (11.3752175 47.2650111, 11.3751644 47.2650363, 11.3749934 47.2650624)"
2908,6.0,,,,37.74,,5,,4.0,"LINESTRING (11.3983446 47.2809241, 11.3986974 47.2809677, 11.3988379 47.2809553)"
2909,6.0,,,,19.702,10.0,10,,4.0,"LINESTRING (11.3731059 47.2649847, 11.3733326 47.2648968)"
2910,2.0,,10.0,,24.67,10.0,10,,2.0,"LINESTRING (11.3731059 47.2649847, 11.3734328 47.2649882)"
2911,6.0,,,,6.694,,5,,6.000000000000001,"LINESTRING (11.3750236 47.2649115, 11.3751107 47.2649229)"
2912,2.0,,10.0,,9.89,9.0,10,,6.000000000000001,"LINESTRING (11.3750236 47.2649115, 11.3750579 47.2648854, 11.375099 47.2648392)"
2913,6.0,,,,127.979,,5,,6.000000000000001,"LINESTRING (11.3750236 47.2649115, 11.3747652 47.2648777, 11.3733326 47.2648968)"
2914,10.0,,10.0,,42.32600000000001,,5,,5.0,"LINESTRING (11.3833934 47.2574564, 11.3832237 47.2576708, 11.3831732 47.2577149, 11.3830589 47.2577396)"
2915,2.0,,10.0,7.0,35.828,5.0,10,,5.0,"LINESTRING (11.3833934 47.2574564, 11.3832153 47.2575077, 11.3831384 47.2575296, 11.3829564 47.2575823)"
2916,2.0,,10.0,,524.131,9.0,10,,2.0,"LINESTRING (11.3865332 47.2571102, 11.3862429 47.2570651, 11.3860087 47.2570782, 11.3839196 47.2572775, 11.3832255 47.257335, 11.383052 47.2573091, 11.3828616 47.2572488, 11.3826673 47.257097, 11.3820488 47.2563492, 11.3814282 47.2556127, 11.3812098 47.2553807)"
2917,2.0,,10.0,7.0,173.04299999999998,,10,,2.0,"LINESTRING (11.3865332 47.2571102, 11.3859866 47.2571566, 11.3853626 47.2572231, 11.3850462 47.2572523, 11.3848135 47.2572737, 11.3847039 47.2572838, 11.3844264 47.2573114, 11.3843106 47.2573229, 11.3842631 47.2573283)"
2918,2.0,,10.0,,17.543999999999997,,10,,2.0,"LINESTRING (11.3907762 47.2561052, 11.3906599 47.2560813, 11.390641 47.2560071)"
2919,2.0,,10.0,,72.196,9.0,10,,4.0,"LINESTRING (11.3907762 47.2561052, 11.3904441 47.2561502, 11.3901226 47.2562099, 11.3898399 47.2562325)"
2920,2.0,,10.0,,96.029,5.0,10,,5.0,"LINESTRING (11.390641 47.2560071, 11.3908042 47.2559837, 11.3909203 47.2559749, 11.3910514 47.2559684, 11.3912721 47.255966, 11.3916378 47.2559723, 11.3917131 47.2559771, 11.3918549 47.2559871, 11.3919072 47.2559907)"
2921,2.0,,10.0,7.0,41.402,,10,,4.0,"LINESTRING (11.3974054 47.256234, 11.397722 47.256222, 11.3978329 47.2562077, 11.397944 47.2561795)"
2922,2.0,,10.0,,38.095,5.0,10,,4.0,"LINESTRING (11.3974054 47.256234, 11.3975642 47.2562626, 11.3976903 47.2563022, 11.3978724 47.2563608)"
2923,5.0,,,,59.898,,5,1.0,4.0,"LINESTRING (11.4092143 47.2506385, 11.4088616 47.2506795, 11.408466 47.2508035)"
2924,5.0,,,,26.773,,5,1.0,4.0,"LINESTRING (11.4087029 47.2509827, 11.408466 47.2508035)"
2925,5.0,,,,26.773,,5,1.0,4.0,"LINESTRING (11.408466 47.2508035, 11.4087029 47.2509827)"
2926,6.0,,,,184.63899999999998,,5,1.0,6.000000000000001,"LINESTRING (11.408466 47.2508035, 11.4075543 47.251088, 11.4072101 47.251117, 11.4070434 47.2510722, 11.4067898 47.2511379, 11.4067311 47.2511446, 11.406627 47.251135, 11.4065528 47.2511102, 11.4062299 47.2509523)"
2927,5.0,,,,59.898,,5,1.0,4.0,"LINESTRING (11.408466 47.2508035, 11.4088616 47.2506795, 11.4092143 47.2506385)"
2928,5.0,,,,12.968,,5,1.0,4.0,"LINESTRING (11.4114849 47.2530715, 11.4115666 47.2529689)"
2929,5.0,,10.0,,287.5830000000001,,5,,6.000000000000001,"LINESTRING (11.4114849 47.2530715, 11.4111983 47.2530139, 11.4110518 47.252977, 11.4109065 47.2529349, 11.4105348 47.2528061, 11.4101674 47.2526933, 11.4098669 47.2526102, 11.4097448 47.2525827, 11.4096077 47.2525573, 11.4094061 47.252529, 11.4092025 47.2525076, 11.4088003 47.2524633, 11.4085045 47.2524073, 11.4078977 47.2522401)"
2930,5.0,,10.0,,101.42,,5,,5.0,"LINESTRING (11.4114849 47.2530715, 11.4118562 47.2531274, 11.4122262 47.2531747, 11.4126269 47.2532256, 11.4128016 47.2532529)"
2931,5.0,,,,222.173,,5,,4.0,"LINESTRING (11.4125923 47.2503144, 11.4123796 47.2503428, 11.4123005 47.2504302, 11.4123407 47.2505485, 11.4123169 47.2507014, 11.4123675 47.250797, 11.4127216 47.2510037, 11.4133924 47.2512833, 11.4132285 47.251528, 11.4128601 47.2515543)"
2932,6.0,,10.0,,13.059,,10,,4.0,"LINESTRING (11.3953288 47.260203, 11.3951629 47.2601696)"
2933,6.0,,10.0,,121.12299999999999,,5,,4.0,"LINESTRING (11.3953288 47.260203, 11.3955366 47.2597392, 11.3953622 47.2597071, 11.3951629 47.2601696)"
2934,6.0,,,,32.518,,5,,3.0000000000000004,"LINESTRING (11.3920722 47.265658, 11.3916544 47.2655863)"
2935,6.0,,,,17.572,,5,,4.0,"LINESTRING (11.4073735 47.2830753, 11.407571 47.2831591)"
2936,6.0,,,,76.011,,5,,6.000000000000001,"LINESTRING (11.4073735 47.2830753, 11.4074771 47.2829815, 11.4075725 47.282967, 11.4079005 47.283043, 11.4080944 47.2830461, 11.4082869 47.2830731)"
2937,6.0,,,,41.483000000000004,,5,,6.000000000000001,"LINESTRING (11.4073735 47.2830753, 11.4069889 47.2830151, 11.4068871 47.2829356)"
2938,6.0,,,,17.572,,5,,4.0,"LINESTRING (11.407571 47.2831591, 11.4073735 47.2830753)"
2939,6.0,,,,39.007,,5,,4.0,"LINESTRING (11.4082869 47.2830731, 11.4078544 47.2832654)"
2940,6.0,,,,76.011,,5,,6.000000000000001,"LINESTRING (11.4082869 47.2830731, 11.4080944 47.2830461, 11.4079005 47.283043, 11.4075725 47.282967, 11.4074771 47.2829815, 11.4073735 47.2830753)"
2941,6.0,,,,143.008,,5,,6.000000000000001,"LINESTRING (11.4082869 47.2830731, 11.408724 47.2828625, 11.4092582 47.2826489, 11.4098441 47.282541, 11.4099285 47.2824717)"
2942,5.0,,,,273.684,,5,,4.0,"LINESTRING (11.4128601 47.2515543, 11.4125435 47.251303, 11.4123888 47.2511861, 11.4120656 47.2511587, 11.411704 47.2510279, 11.4111935 47.2507457, 11.4107171 47.2507564, 11.4100754 47.2506347, 11.4097055 47.250619)"
2943,5.0,,,,101.34700000000001,,5,,6.000000000000001,"LINESTRING (11.4128601 47.2515543, 11.4130368 47.2516091, 11.4135003 47.2518076, 11.4135303 47.2518593, 11.4135518 47.2519521, 11.4134405 47.2520118, 11.4132061 47.252041)"
2944,5.0,,,,222.173,,5,,4.0,"LINESTRING (11.4128601 47.2515543, 11.4132285 47.251528, 11.4133924 47.2512833, 11.4127216 47.2510037, 11.4123675 47.250797, 11.4123169 47.2507014, 11.4123407 47.2505485, 11.4123005 47.2504302, 11.4123796 47.2503428, 11.4125923 47.2503144)"
2945,8.0,,10.0,,58.257999999999996,,5,,3.0000000000000004,"LINESTRING (11.4334855 47.25577, 11.4330973 47.2556591, 11.4327617 47.2555899)"
2946,6.0,,,,26.216,,5,,4.0,"LINESTRING (11.4069907 47.2812676, 11.4070168 47.2815027)"
2947,2.0,,10.0,7.0,58.562000000000005,5.0,5,,6.000000000000001,"LINESTRING (11.4069907 47.2812676, 11.4068591 47.2812785, 11.4067319 47.2812835, 11.4066509 47.2812838, 11.4065526 47.2812802, 11.4064697 47.2812722, 11.4063657 47.2812584, 11.4062707 47.2812408, 11.406224 47.2812314)"
2948,2.0,,10.0,7.0,12.861,5.0,5,,6.000000000000001,"LINESTRING (11.4069907 47.2812676, 11.4070999 47.2812534, 11.407158 47.2812453)"
2949,8.0,,,,137.374,,5,,6.000000000000001,"LINESTRING (11.429055 47.2566567, 11.4289239 47.2566078, 11.4285899 47.2563011, 11.428211 47.2560682, 11.4277654 47.255798)"
2950,8.0,,,,291.24899999999997,,5,,7.000000000000001,"LINESTRING (11.429055 47.2566567, 11.4289044 47.2566915, 11.4286492 47.2566382, 11.4280643 47.2564429, 11.4276014 47.2563063, 11.4271925 47.2562061, 11.4266028 47.2560377, 11.4257112 47.2557531, 11.4255744 47.2556391)"
2951,8.0,,10.0,9.0,231.24299999999997,,5,,7.000000000000001,"LINESTRING (11.429055 47.2566567, 11.4293615 47.2567642, 11.4294196 47.2567965, 11.4294736 47.2568382, 11.429682 47.2571062, 11.4297185 47.2571359, 11.4297773 47.2571742, 11.4302453 47.2573375, 11.4303801 47.2573671, 11.4304452 47.2574129, 11.4305092 47.2577024, 11.4305274 47.2577924, 11.4303945 47.2580957, 11.4303252 47.2582115)"
2952,5.0,,7.0,,35.064,,5,,7.000000000000001,"LINESTRING (11.429055 47.2566567, 11.4289313 47.2567346, 11.4287681 47.2569021)"
2953,5.0,,,,231.382,,5,,5.0,"LINESTRING (11.4302525 47.2537192, 11.430301 47.2537045, 11.4304883 47.2537366, 11.4305935 47.2537675, 11.4306514 47.2537652, 11.4307229 47.2537722, 11.4308322 47.2538042, 11.4310916 47.2539325, 11.4311369 47.2539985, 11.4311272 47.2540534, 11.4311304 47.2541479, 11.4311056 47.2542455, 11.43126 47.2543523, 11.431285 47.2544313, 11.4313565 47.2545323, 11.4314664 47.254668, 11.4316621 47.2547574, 11.4318808 47.2547862, 11.4322348 47.254815, 11.4323121 47.2548707)"
2954,5.0,,,,252.86599999999996,,5,,6.000000000000001,"LINESTRING (11.4302525 47.2537192, 11.4302136 47.2537442, 11.4301883 47.2537604, 11.4300034 47.253749, 11.4298157 47.2537846, 11.4295126 47.2538765, 11.4292614 47.2539166, 11.4290297 47.2539976, 11.4287669 47.2540467, 11.4284464 47.2541542, 11.4281258 47.2542087, 11.4278846 47.2543044, 11.4277048 47.2544208, 11.427564 47.2545883, 11.4273434 47.2546795)"
2955,5.0,,,,54.848,,5,,4.0,"LINESTRING (11.4302525 47.2537192, 11.4304369 47.2538315, 11.4305797 47.2539485, 11.4307382 47.2540842)"
2956,5.0,,,,54.848,,5,,4.0,"LINESTRING (11.4307382 47.2540842, 11.4305797 47.2539485, 11.4304369 47.2538315, 11.4302525 47.2537192)"
2957,5.0,,10.0,,42.385,,5,,5.0,"LINESTRING (11.3844007 47.2621834, 11.3847487 47.2624826)"
2958,5.0,,10.0,,75.28999999999999,,5,,6.000000000000001,"LINESTRING (11.3844007 47.2621834, 11.3843287 47.2621213, 11.384094 47.2619301, 11.3837839 47.2616514)"
2959,8.0,,10.0,9.0,42.992,10.0,10,,3.0000000000000004,"LINESTRING (11.3846277 47.2621048, 11.3846425 47.2621525, 11.3846912 47.26231, 11.3847487 47.2624826)"
2960,6.0,,,,21.014000000000003,,10,,3.0000000000000004,"LINESTRING (11.3846277 47.2621048, 11.3845809 47.2621577, 11.3845075 47.2621804, 11.3844007 47.2621834)"
2961,5.0,,,,124.62599999999999,,5,,4.0,"LINESTRING (11.3801375 47.2775739, 11.3801114 47.2775476, 11.3800661 47.2775339, 11.3800115 47.2775464, 11.3799702 47.2775752, 11.3797848 47.2777401, 11.3797006 47.2777909, 11.3796009 47.2778078, 11.3794114 47.2778181, 11.3790803 47.2779287, 11.3788186 47.2779707, 11.3787461 47.277935)"
2962,8.0,,10.0,,77.142,,5,,6.000000000000001,"LINESTRING (11.385671 47.2706616, 11.385488 47.2707905, 11.3853524 47.270887, 11.3852731 47.2710946, 11.3851893 47.2712516)"
2963,8.0,,10.0,,242.63799999999998,,5,,6.000000000000001,"LINESTRING (11.385671 47.2706616, 11.3858436 47.2705245, 11.386302 47.2700196, 11.386264 47.269853, 11.3862345 47.269755, 11.3862937 47.2696448, 11.3864665 47.2694578, 11.3865055 47.2694162, 11.3865427 47.2693897, 11.3866371 47.2693556, 11.3871277 47.2688047)"
2964,5.0,,,,66.584,,5,,4.0,"LINESTRING (11.385671 47.2706616, 11.3857095 47.2705667, 11.385745 47.2704701, 11.3857495 47.2704539, 11.3857507 47.2704372, 11.3857475 47.2704213, 11.3857364 47.2704089, 11.3856872 47.2703622, 11.3856698 47.2703463, 11.3856572 47.2703304, 11.3856472 47.2703172, 11.3856381 47.2702971, 11.3856328 47.2702819, 11.3856302 47.2702659, 11.3856334 47.2702087, 11.3857243 47.2701093)"
2965,5.0,,,,46.120000000000005,,5,,5.0,"LINESTRING (11.4056763 47.2670718, 11.4058152 47.2670554, 11.4059239 47.2670226, 11.4059782 47.2669755, 11.4060476 47.2668587, 11.4061079 47.2668256)"
2966,8.0,,,,165.959,,5,,6.000000000000001,"LINESTRING (11.4090585 47.2661211, 11.4091518 47.2661467, 11.4091985 47.2661594, 11.4110977 47.2666803)"
2967,8.0,,,,135.851,,5,,7.000000000000001,"LINESTRING (11.4090585 47.2661211, 11.4089633 47.266095, 11.4088916 47.2660753, 11.4086432 47.2660072, 11.4082337 47.2658949, 11.4081868 47.265882, 11.4081347 47.2658677, 11.4074719 47.2656857, 11.4073893 47.2656633)"
2968,8.0,,,9.0,65.812,,5,,6.000000000000001,"LINESTRING (11.4090585 47.2661211, 11.4089982 47.2662242, 11.4088808 47.2664218, 11.4088543 47.2664664, 11.4088362 47.2664948, 11.4088209 47.2665187, 11.4087782 47.2665857, 11.4087256 47.2666681)"
2969,8.0,,,,117.81400000000002,,5,,8.0,"LINESTRING (11.4090585 47.2661211, 11.4091038 47.2660538, 11.4096052 47.2652132, 11.4096208 47.2651832, 11.4096353 47.2651553, 11.4096438 47.265139)"
2970,8.0,,,,64.686,,10,,4.0,"LINESTRING (11.407716 47.2776857, 11.4070972 47.277283)"
2971,10.0,,10.0,,10.806,,5,,6.000000000000001,"LINESTRING (11.3904409 47.2690895, 11.3905644 47.2690403)"
2972,6.0,,,9.0,14.999,,5,,7.000000000000001,"LINESTRING (11.3904409 47.2690895, 11.3903375 47.2689743)"
2973,6.0,,,9.0,202.04,,5,,6.000000000000001,"LINESTRING (11.3904409 47.2690895, 11.3905905 47.2692637, 11.3907589 47.269453, 11.3909769 47.2697321, 11.3912653 47.270128, 11.3914436 47.2704474, 11.3915832 47.270727)"
2974,6.0,,,,3.702,,5,,6.000000000000001,"LINESTRING (11.40228 47.2638582, 11.402311 47.263884)"
2975,6.0,,,,150.692,,5,,6.000000000000001,"LINESTRING (11.40228 47.2638582, 11.4019547 47.2625211)"
2976,6.0,,,,123.77199999999999,,5,,6.000000000000001,"LINESTRING (11.40228 47.2638582, 11.4020974 47.2636934, 11.4020124 47.2635726, 11.4017969 47.2628135)"
2977,6.0,,,,47.373,,5,,4.0,"LINESTRING (11.401846 47.2621015, 11.4019547 47.2625211)"
2978,6.0,,,,47.373,,5,,4.0,"LINESTRING (11.4019547 47.2625211, 11.401846 47.2621015)"
2979,6.0,,,,150.692,,5,,6.000000000000001,"LINESTRING (11.4019547 47.2625211, 11.40228 47.2638582)"
2980,6.0,,,,34.625,,5,,6.000000000000001,"LINESTRING (11.4019547 47.2625211, 11.4018619 47.2626931, 11.4017969 47.2628135)"
2981,6.0,,10.0,7.0,48.791,,5,,5.0,"LINESTRING (11.3994451 47.2614584, 11.399603 47.2610329)"
2982,6.0,,,,42.786,,10,,5.0,"LINESTRING (11.3994451 47.2614584, 11.3994964 47.2616913, 11.3995264 47.2618392)"
2983,6.0,,10.0,7.0,42.083,,5,,5.0,"LINESTRING (11.3994451 47.2614584, 11.3993714 47.2617085, 11.3993357 47.2618295)"
2984,8.0,9.0,10.0,,4.858,,5,,6.000000000000001,"LINESTRING (11.3973292 47.2659003, 11.3973421 47.2659431)"
2985,8.0,9.0,10.0,,5.024,,5,,6.000000000000001,"LINESTRING (11.3973292 47.2659003, 11.3973212 47.2658733, 11.3973161 47.265856)"
2986,6.0,,,,43.454,,5,,4.0,"LINESTRING (11.3973292 47.2659003, 11.3968876 47.2659624, 11.3967649 47.2659782)"
2987,6.0,,,,16.05,,5,,4.0,"LINESTRING (11.4128794 47.2837717, 11.4129963 47.2836511)"
2988,6.0,,,,18.399,,5,,4.0,"LINESTRING (11.3998865 47.269706, 11.399654 47.2697559)"
2989,8.0,,10.0,,19.776,,5,,5.0,"LINESTRING (11.395037 47.2697733, 11.3952955 47.2697439)"
2990,6.0,,,,129.51399999999998,,10,,3.0000000000000004,"LINESTRING (11.395037 47.2697733, 11.3950956 47.270019, 11.3952866 47.2702371, 11.3954573 47.2704201, 11.3955047 47.2707724, 11.3954739 47.2708618)"
2991,6.0,,,,19.863,,5,,4.0,"LINESTRING (11.393698 47.2705923, 11.3937615 47.2705721, 11.3937998 47.2705599, 11.3939334 47.2706074)"
2992,2.0,,10.0,,80.52199999999999,9.0,5,,7.000000000000001,"LINESTRING (11.393698 47.2705923, 11.3932189 47.2700641, 11.3931386 47.2699756)"
2993,2.0,,10.0,,151.01800000000003,,5,,6.000000000000001,"LINESTRING (11.393698 47.2705923, 11.3939718 47.270887, 11.3940516 47.2709618, 11.3941402 47.271024, 11.3942513 47.2710852, 11.3943948 47.2711471, 11.3946938 47.271214, 11.3950088 47.2712593, 11.3952124 47.2712789, 11.3952802 47.2712875)"
2994,6.0,,,,19.863,,5,,4.0,"LINESTRING (11.3939334 47.2706074, 11.3937998 47.2705599, 11.3937615 47.2705721, 11.393698 47.2705923)"
2995,10.0,,,,6.73,,5,,6.000000000000001,"LINESTRING (11.3952775 47.271348, 11.3952802 47.2712875)"
2996,10.0,,,,486.9239999999999,,5,,6.000000000000001,"LINESTRING (11.3952775 47.271348, 11.3953455 47.2713942, 11.3953937 47.2714644, 11.395626 47.2726798, 11.3956117 47.2728215, 11.3956622 47.2730331, 11.3957029 47.2730879, 11.3960775 47.2736516, 11.3961121 47.2737221, 11.3962972 47.2739557, 11.3965789 47.2742858, 11.3969752 47.2747627, 11.397237 47.2750451, 11.397406 47.275356, 11.3974297 47.2753939)"
2997,10.0,,10.0,,257.278,,5,,6.000000000000001,"LINESTRING (11.3952775 47.271348, 11.3952132 47.2713326, 11.3950056 47.2713586, 11.3948052 47.2713651, 11.3946525 47.2713392, 11.3944036 47.2712117, 11.3941447 47.2711391, 11.3939061 47.270997, 11.3931047 47.2700953, 11.392944 47.2699144)"
2998,2.0,,10.0,,5.764,9.0,5,,5.0,"LINESTRING (11.3952802 47.2712875, 11.395352 47.2713052)"
2999,10.0,,,,6.73,,5,,6.000000000000001,"LINESTRING (11.3952802 47.2712875, 11.3952775 47.271348)"
3000,2.0,,10.0,,151.018,,5,,6.000000000000001,"LINESTRING (11.3952802 47.2712875, 11.3952124 47.2712789, 11.3950088 47.2712593, 11.3946938 47.271214, 11.3943948 47.2711471, 11.3942513 47.2710852, 11.3941402 47.271024, 11.3940516 47.2709618, 11.3939718 47.270887, 11.393698 47.2705923)"
3001,7.0,,,,35.484,,5,,6.000000000000001,"LINESTRING (11.3965197 47.2540167, 11.3965105 47.2539556, 11.396481 47.2538482, 11.3964234 47.2537753, 11.3963499 47.2537325)"
3002,6.0,,,7.0,44.599999999999994,,5,,6.000000000000001,"LINESTRING (11.3965197 47.2540167, 11.3965597 47.2539228, 11.3966576 47.2538369, 11.3967482 47.2537835, 11.396899 47.2537349)"
3003,6.0,,10.0,7.0,170.322,,5,,6.000000000000001,"LINESTRING (11.3965197 47.2540167, 11.3965078 47.2541078, 11.3965096 47.2543051, 11.3965029 47.254935, 11.396495 47.2550219, 11.3964784 47.2551898, 11.3964669 47.2553235, 11.3964189 47.2555449)"
3004,8.0,,10.0,9.0,6.446,9.0,10,,5.0,"LINESTRING (11.3830589 47.2577396, 11.3830859 47.2577946)"
3005,10.0,,10.0,,27.668,,5,,6.000000000000001,"LINESTRING (11.3830589 47.2577396, 11.3829515 47.2577623, 11.382826 47.2576904, 11.382782 47.2576372)"
3006,10.0,,10.0,,42.326,,5,,5.0,"LINESTRING (11.3830589 47.2577396, 11.3831732 47.2577149, 11.3832237 47.2576708, 11.3833934 47.2574564)"
3007,8.0,,10.0,9.0,32.909,10.0,10,,3.0000000000000004,"LINESTRING (11.3830859 47.2577946, 11.3832367 47.2580723)"
3008,6.0,,,,168.63800000000003,,10,,2.0,"LINESTRING (11.3830859 47.2577946, 11.3831686 47.2578008, 11.3832064 47.2578147, 11.3833155 47.2579446, 11.3833526 47.2579645, 11.3833912 47.2579731, 11.3834643 47.2579792, 11.3836501 47.2579491, 11.3836079 47.257683, 11.3840285 47.2576302, 11.3842861 47.2576016, 11.3843372 47.2575954, 11.3842631 47.2573283)"
3009,2.0,,10.0,7.0,67.259,5.0,10,,4.0,"LINESTRING (11.3842631 47.2573283, 11.3838129 47.2573781, 11.3833934 47.2574564)"
3010,2.0,,10.0,7.0,28.532,,5,,7.000000000000001,"LINESTRING (11.397944 47.2561795, 11.3980789 47.2559398)"
3011,2.0,,10.0,7.0,20.905,,5,,6.000000000000001,"LINESTRING (11.397944 47.2561795, 11.3979202 47.2562265, 11.3979077 47.2562512, 11.3978724 47.2563608)"
3012,8.0,,10.0,,30.485,,10,,5.0,"LINESTRING (11.397944 47.2561795, 11.3978489 47.2560619, 11.3978093 47.2559245)"
3013,6.0,,10.0,7.0,17.469,10.0,10,,4.0,"LINESTRING (11.3992288 47.2573036, 11.3992276 47.2574607)"
3014,6.0,,10.0,7.0,31.649,10.0,10,,1.0,"LINESTRING (11.3995274 47.2571238, 11.399427 47.2571522, 11.3993582 47.257175, 11.3992777 47.2572273, 11.3992288 47.2573036)"
3015,2.0,,10.0,7.0,29.570999999999998,5.0,10,,2.0,"LINESTRING (11.3995274 47.2571238, 11.3993628 47.2570791, 11.3991644 47.2570237)"
3016,8.0,,10.0,7.0,10.983,,5,,5.0,"LINESTRING (11.3872996 47.2635728, 11.3872274 47.2635594, 11.3871928 47.2635596, 11.3871594 47.2635689)"
3017,8.0,,10.0,,77.70299999999999,,5,,6.000000000000001,"LINESTRING (11.3872996 47.2635728, 11.3874601 47.2636123, 11.3882676 47.2638111)"
3018,5.0,,,,89.722,,5,,4.0,"LINESTRING (11.4018866 47.249178, 11.4022302 47.2490681, 11.4023458 47.2489815, 11.4024879 47.2489233, 11.4024341 47.2488446, 11.4024361 47.2488317, 11.4024805 47.2487705, 11.402551 47.2486877, 11.4025778 47.2486685, 11.402612 47.2486503)"
3019,6.0,,,,18.286,,5,,6.000000000000001,"LINESTRING (11.4041003 47.2568506, 11.4043419 47.2568381)"
3020,8.0,,10.0,,92.541,,5,,6.000000000000001,"LINESTRING (11.4041003 47.2568506, 11.4041031 47.2567598, 11.4043247 47.2560338)"
3021,8.0,,10.0,,30.162,,5,,6.000000000000001,"LINESTRING (11.4041003 47.2568506, 11.4040982 47.2569197, 11.404092 47.2571218)"
3022,7.0,,4.0,,40.6,,10,,4.0,"LINESTRING (11.3932087 47.2685156, 11.3933243 47.268159)"
3023,7.0,,4.0,,21.908,,5,,5.0,"LINESTRING (11.3932087 47.2685156, 11.3934195 47.2685626, 11.3934705 47.2685936)"
3024,2.0,,10.0,,28.254,5.0,5,,5.0,"LINESTRING (11.3916894 47.2684401, 11.3914922 47.2682241)"
3025,7.0,,4.0,,45.672,,10,,5.0,"LINESTRING (11.3916894 47.2684401, 11.3917925 47.268426, 11.3920102 47.2683825, 11.3922707 47.2684383)"
3026,2.0,,10.0,,108.505,,5,,5.0,"LINESTRING (11.3916894 47.2684401, 11.3919453 47.2687094, 11.3924687 47.2692602)"
3027,6.0,,,,17.181,,10,,2.0,"LINESTRING (11.3907536 47.2674876, 11.3907289 47.267334)"
3028,6.0,,,,9.082,,10,,3.0000000000000004,"LINESTRING (11.3907536 47.2674876, 11.3907907 47.2674099)"
3029,6.0,,,,58.824999999999996,,5,,4.0,"LINESTRING (11.4121887 47.2553809, 11.4125399 47.2554328, 11.4125898 47.2554427, 11.4126178 47.2554654, 11.4126259 47.255494, 11.4125648 47.2556805)"
3030,6.0,,,,14.551,,5,,4.0,"LINESTRING (11.4076897 47.2535978, 11.4077362 47.2534708)"
3031,6.0,,10.0,7.0,36.416,10.0,10,,4.0,"LINESTRING (11.4101725 47.2595732, 11.410397 47.2592833)"
3032,6.0,,10.0,7.0,13.359,9.0,5,,5.0,"LINESTRING (11.4101725 47.2595732, 11.4101629 47.2595836, 11.4100919 47.2596801)"
3033,8.0,,10.0,,69.946,,5,,5.0,"LINESTRING (11.3958611 47.2578911, 11.3958991 47.2576787, 11.3959803 47.2573266, 11.3959977 47.2572691)"
3034,6.0,,,,14.048,,5,,6.000000000000001,"LINESTRING (11.405556 47.2641129, 11.4056868 47.264023)"
3035,8.0,,10.0,,116.366,,5,,6.000000000000001,"LINESTRING (11.405556 47.2641129, 11.4054761 47.2630678)"
3036,8.0,,10.0,,18.814999999999998,,5,,6.000000000000001,"LINESTRING (11.405556 47.2641129, 11.4055652 47.2641971, 11.4055733 47.2642817)"
3037,6.0,,,,14.048,,5,,6.000000000000001,"LINESTRING (11.4056868 47.264023, 11.405556 47.2641129)"
3038,6.0,,,,105.602,,5,,6.000000000000001,"LINESTRING (11.4056868 47.264023, 11.4056498 47.2635392, 11.4056406 47.263074)"
3039,10.0,,,,27.319000000000003,,5,,6.000000000000001,"LINESTRING (11.4056868 47.264023, 11.4057704 47.2641083, 11.405785 47.2642512)"
3040,8.0,,10.0,,62.246,,5,,5.0,"LINESTRING (11.4056406 47.263074, 11.4064635 47.2631128)"
3041,8.0,,10.0,,12.432,,5,,6.000000000000001,"LINESTRING (11.4056406 47.263074, 11.4054761 47.2630678)"
3042,6.0,,,,105.602,,5,,6.000000000000001,"LINESTRING (11.4056406 47.263074, 11.4056498 47.2635392, 11.4056868 47.264023)"
3043,7.0,,10.0,,10.771,,5,,6.000000000000001,"LINESTRING (11.3972066 47.2629297, 11.3972094 47.2629162, 11.3972267 47.2628338)"
3044,6.0,,10.0,,59.79,,5,,7.000000000000001,"LINESTRING (11.3972066 47.2629297, 11.3966285 47.2628947, 11.3964174 47.2628819)"
3045,6.0,,10.0,,70.862,,5,,7.000000000000001,"LINESTRING (11.3972066 47.2629297, 11.3980451 47.2629983, 11.3981389 47.263006)"
3046,6.0,,,,9.819,,5,,6.000000000000001,"LINESTRING (11.4090473 47.2756609, 11.4089558 47.2757237)"
3047,8.0,,,,162.861,,5,,6.000000000000001,"LINESTRING (11.4090473 47.2756609, 11.4086707 47.2754058, 11.4086004 47.2753582, 11.4075196 47.2746261)"
3048,6.0,,,,42.808,,5,,6.000000000000001,"LINESTRING (11.4090473 47.2756609, 11.4092222 47.2755451, 11.4094535 47.2753921)"
3049,6.0,,10.0,,188.35600000000002,,10,,5.0,"LINESTRING (11.4163941 47.2735733, 11.4161613 47.2733537, 11.4161045 47.2732944, 11.4159397 47.273122, 11.4158645 47.2730365, 11.4157492 47.2728409, 11.4156734 47.2727124, 11.4153929 47.272207, 11.4153673 47.2721696, 11.4152949 47.2720631)"
3050,8.0,,,,179.002,,5,,6.000000000000001,"LINESTRING (11.405022 47.2834289, 11.4050113 47.283455, 11.4055126 47.2840538, 11.4057597 47.284589, 11.4057622 47.2846324, 11.4057196 47.2846744, 11.4054052 47.2847819)"
3051,8.0,,,,112.554,,5,,6.000000000000001,"LINESTRING (11.405022 47.2834289, 11.4050583 47.2834217, 11.4054088 47.2836087, 11.406302 47.2839262)"
3052,5.0,,7.0,,45.866,,5,1.0,6.000000000000001,"LINESTRING (11.405022 47.2834289, 11.4048264 47.2832912, 11.4048549 47.2830708)"
3053,6.0,,,,39.16,,5,,4.0,"LINESTRING (11.3932973 47.2776776, 11.3928579 47.2774901)"
3054,6.0,,,,34.455,,5,,4.0,"LINESTRING (11.4064406 47.279163, 11.4064527 47.2790099, 11.4064563 47.2789642, 11.4063611 47.2788742)"
3055,8.0,,10.0,,11.315,,5,,5.0,"LINESTRING (11.4053869 47.270231, 11.4052661 47.2701707)"
3056,8.0,,10.0,9.0,76.30499999999999,,10,,3.0000000000000004,"LINESTRING (11.4053869 47.270231, 11.4062433 47.2704508, 11.4063379 47.2704607)"
3057,8.0,9.0,10.0,9.0,12.985,,10,,4.0,"LINESTRING (11.4063379 47.2704607, 11.4063601 47.2705765)"
3058,8.0,,10.0,9.0,6.682,,5,,5.0,"LINESTRING (11.4062661 47.2711826, 11.4061938 47.2712173)"
3059,8.0,9.0,10.0,9.0,87.384,,10,,4.0,"LINESTRING (11.4062661 47.2711826, 11.4066066 47.2714627, 11.4069915 47.2717408, 11.4070418 47.271764)"
3060,2.0,,10.0,7.0,16.085,5.0,10,,3.0000000000000004,"LINESTRING (11.3991644 47.2570237, 11.3989809 47.2569705, 11.3989701 47.2569649)"
3061,6.0,,10.0,7.0,32.091,10.0,10,,3.0000000000000004,"LINESTRING (11.3991644 47.2570237, 11.3991977 47.2570716, 11.399226 47.2571206, 11.3992288 47.2573036)"
3062,6.0,,10.0,,21.147,,5,,6.000000000000001,"LINESTRING (11.4004288 47.2777932, 11.4002469 47.2779379)"
3063,6.0,,10.0,,41.801,,5,,5.0,"LINESTRING (11.4004288 47.2777932, 11.4007821 47.2775036)"
3064,6.0,,,,91.595,,5,,4.0,"LINESTRING (11.4004288 47.2777932, 11.4007492 47.2779798, 11.4007874 47.2780063, 11.4009714 47.2781337, 11.401039 47.2781481, 11.4011085 47.2781255, 11.4013269 47.2779609)"
3065,6.0,,,,49.592999999999996,,5,,4.0,"LINESTRING (11.3887799 47.2646919, 11.3887037 47.264795, 11.3885602 47.2649497, 11.3884005 47.2650503)"
3066,6.0,,,,65.414,,5,,3.0000000000000004,"LINESTRING (11.3886419 47.2652241, 11.388713 47.265179, 11.3887929 47.2651258, 11.388855 47.2650844, 11.3888874 47.2650627, 11.3889356 47.2650323, 11.3890207 47.2650295, 11.3890597 47.2650008, 11.3891674 47.2648645, 11.3891911 47.264852, 11.3892194 47.2648525, 11.3892473 47.2648605)"
3067,2.0,,10.0,,99.33099999999999,5.0,10,,6.000000000000001,"LINESTRING (11.3886419 47.2652241, 11.3889343 47.2654446, 11.3891169 47.2655813, 11.3892942 47.2657141, 11.3893627 47.2657654, 11.3895182 47.2658906)"
3068,6.0,,10.0,,51.661,,5,,6.000000000000001,"LINESTRING (11.409734 47.2696762, 11.4103142 47.2699229)"
3069,8.0,,10.0,,159.62900000000002,,5,,6.000000000000001,"LINESTRING (11.409734 47.2696762, 11.4099046 47.2693546, 11.409986 47.2692011, 11.4103567 47.2683051)"
3070,6.0,,10.0,,34.847,,5,,6.000000000000001,"LINESTRING (11.409734 47.2696762, 11.4096216 47.2696246, 11.4094382 47.2695405, 11.4093561 47.2694963)"
3071,6.0,,10.0,,10.168,,5,,5.0,"LINESTRING (11.3924817 47.26247, 11.3923481 47.2624581)"
3072,6.0,,10.0,,59.589999999999996,,5,,6.000000000000001,"LINESTRING (11.3924817 47.26247, 11.3931347 47.2625284, 11.3932645 47.2625406)"
3073,8.0,,10.0,,62.821,,5,,6.000000000000001,"LINESTRING (11.3924817 47.26247, 11.3924647 47.2625379, 11.3923407 47.2630268)"
3074,8.0,,10.0,,12.779,,5,,6.000000000000001,"LINESTRING (11.3803413 47.2570784, 11.3802085 47.2571497)"
3075,8.0,,10.0,,28.993000000000002,,5,,6.000000000000001,"LINESTRING (11.3803413 47.2570784, 11.3804257 47.2570447, 11.3804918 47.2570244, 11.3805543 47.2570087, 11.3806212 47.2569967, 11.3806982 47.2569889)"
3076,6.0,,,,126.729,,5,,5.0,"LINESTRING (11.3803413 47.2570784, 11.3802855 47.2567966, 11.3802668 47.256702, 11.3803864 47.2566391, 11.3805058 47.2565764, 11.3809744 47.256715, 11.381143 47.2568885)"
3077,8.0,,10.0,9.0,20.865,,5,,6.000000000000001,"LINESTRING (11.3806982 47.2569889, 11.3808367 47.2571513)"
3078,8.0,,10.0,,35.457,10.0,10,,5.0,"LINESTRING (11.3806982 47.2569889, 11.3810409 47.2569022, 11.381143 47.2568885)"
3079,8.0,,10.0,,28.993000000000002,,5,,6.000000000000001,"LINESTRING (11.3806982 47.2569889, 11.3806212 47.2569967, 11.3805543 47.2570087, 11.3804918 47.2570244, 11.3804257 47.2570447, 11.3803413 47.2570784)"
3080,8.0,,10.0,9.0,71.671,,5,,6.000000000000001,"LINESTRING (11.3808367 47.2571513, 11.3814103 47.257665)"
3081,8.0,,10.0,9.0,20.865,,5,,6.000000000000001,"LINESTRING (11.3808367 47.2571513, 11.3806982 47.2569889)"
3082,6.0,,,,39.024,,5,,4.0,"LINESTRING (11.3808367 47.2571513, 11.3805418 47.257293, 11.3806223 47.2573835)"
3083,5.0,,9.0,,188.693,,5,,5.0,"LINESTRING (11.4239452 47.2581891, 11.422912 47.2597344)"
3084,8.0,,10.0,9.0,44.031,,5,,6.000000000000001,"LINESTRING (11.4239452 47.2581891, 11.4244845 47.2583402)"
3085,8.0,,10.0,9.0,40.927,,5,,6.000000000000001,"LINESTRING (11.4239452 47.2581891, 11.4236144 47.2581007, 11.4234372 47.2580606)"
3086,6.0,,,,11.818999999999999,,5,,4.0,"LINESTRING (11.396645 47.2572201, 11.3966357 47.2572533, 11.3966164 47.2573246)"
3087,6.0,,,,10.425,,5,,4.0,"LINESTRING (11.3959588 47.2569059, 11.3960962 47.2569156)"
3088,6.0,,,,20.763,,5,,6.000000000000001,"LINESTRING (11.378669 47.2548368, 11.3787292 47.255019)"
3089,6.0,,,,30.241999999999997,,5,,5.0,"LINESTRING (11.378669 47.2548368, 11.3786015 47.2546325, 11.3785898 47.2545704)"
3090,8.0,,,,7.796,,5,,5.0,"LINESTRING (11.3931682 47.2748249, 11.3931043 47.2747698)"
3091,8.0,,10.0,,150.68899999999996,,10,,4.0,"LINESTRING (11.3931682 47.2748249, 11.3935577 47.2748162, 11.3938211 47.274807, 11.3940863 47.2747956, 11.3945509 47.2747563, 11.3947635 47.2747165, 11.3949579 47.2746437, 11.3950808 47.2745666)"
3092,8.0,,,,107.51299999999999,,5,,5.0,"LINESTRING (11.3931682 47.2748249, 11.3932436 47.275, 11.3933214 47.2752357, 11.393376 47.2755949, 11.3933315 47.2757742)"
3093,8.0,,,,97.632,,5,,6.000000000000001,"LINESTRING (11.377673 47.2566378, 11.3779954 47.2564531, 11.3786616 47.2560715)"
3094,5.0,,10.0,,17.104,9.0,5,,6.000000000000001,"LINESTRING (11.377673 47.2566378, 11.3775794 47.2565614, 11.3775298 47.2565186)"
3095,5.0,,10.0,,26.573,9.0,5,,6.000000000000001,"LINESTRING (11.377673 47.2566378, 11.3777755 47.256725, 11.3779021 47.2568191)"
3096,6.0,,,,89.02199999999999,,5,,3.0000000000000004,"LINESTRING (11.3860189 47.2626728, 11.3857585 47.2626232, 11.3850842 47.2624936, 11.3850522 47.2624441, 11.3850827 47.2623592)"
3097,6.0,,10.0,,98.684,,10,5.0,4.0,"LINESTRING (11.3860189 47.2626728, 11.386049 47.2626232, 11.3861524 47.2623721, 11.386208 47.262165, 11.3862133 47.2621443, 11.3863017 47.2618897, 11.3863039 47.2618833, 11.3863075 47.2618731, 11.3863274 47.2618116)"
3098,8.0,,,,5.693,,5,,5.0,"LINESTRING (11.4111659 47.2667022, 11.4110977 47.2666803)"
3099,8.0,,10.0,,189.88099999999997,,5,,6.000000000000001,"LINESTRING (11.4111659 47.2667022, 11.4104948 47.2678596, 11.4102598 47.2682952)"
3100,8.0,,,,91.915,,5,,7.000000000000001,"LINESTRING (11.4111659 47.2667022, 11.412002 47.2669526, 11.4120592 47.2669698, 11.4122803 47.267036)"
3101,8.0,,10.0,,7.394,,5,,6.000000000000001,"LINESTRING (11.4103567 47.2683051, 11.4102598 47.2682952)"
3102,8.0,,10.0,,109.187,,5,,7.000000000000001,"LINESTRING (11.4103567 47.2683051, 11.411588 47.2684914, 11.4117358 47.2685138, 11.4117691 47.2685188)"
3103,8.0,,10.0,,159.62900000000002,,5,,6.000000000000001,"LINESTRING (11.4103567 47.2683051, 11.409986 47.2692011, 11.4099046 47.2693546, 11.409734 47.2696762)"
3104,8.0,,10.0,,13.179,,5,,6.000000000000001,"LINESTRING (11.4129522 47.2696473, 11.4129143 47.269763)"
3105,8.0,,10.0,,67.265,,5,,6.000000000000001,"LINESTRING (11.4129522 47.2696473, 11.4130735 47.269048)"
3106,8.0,,10.0,,77.863,,5,,6.000000000000001,"LINESTRING (11.4129522 47.2696473, 11.4139588 47.2698016)"
3107,7.0,,4.0,,5.519,,5,,5.0,"LINESTRING (11.3932217 47.2692612, 11.3932403 47.2693092)"
3108,7.0,,4.0,,4.231,,5,,6.000000000000001,"LINESTRING (11.3946631 47.2685289, 11.3946072 47.2685319)"
3109,7.0,,4.0,,55.252,,5,,6.000000000000001,"LINESTRING (11.3946631 47.2685289, 11.3946482 47.2683427, 11.3946761 47.2682776, 11.3946237 47.2680376)"
3110,7.0,,4.0,,35.314,,5,,6.000000000000001,"LINESTRING (11.3946631 47.2685289, 11.394785 47.268524, 11.3950488 47.2685155, 11.3951303 47.2685107)"
3111,7.0,,4.0,,13.119,,5,,6.000000000000001,"LINESTRING (11.3923887 47.2679342, 11.3922481 47.2678648)"
3112,7.0,,4.0,,56.76,,5,,6.000000000000001,"LINESTRING (11.3923887 47.2679342, 11.3922863 47.268357, 11.3922707 47.2684383)"
3113,7.0,,4.0,,74.90899999999999,,5,,5.0,"LINESTRING (11.3923887 47.2679342, 11.3932369 47.2681331, 11.3933243 47.268159)"
3114,7.0,,4.0,,18.832,,10,,4.0,"LINESTRING (11.3933243 47.268159, 11.3933723 47.2679928)"
3115,7.0,,4.0,,74.90899999999999,,5,,5.0,"LINESTRING (11.3933243 47.268159, 11.3932369 47.2681331, 11.3923887 47.2679342)"
3116,6.0,,,9.0,76.318,,5,,5.0,"LINESTRING (11.4280112 47.2622077, 11.4280813 47.2621892, 11.4281491 47.2621704, 11.4283153 47.2621243, 11.4283684 47.2621124, 11.428418 47.2621025, 11.4284683 47.2620937, 11.4285244 47.2620849, 11.4285804 47.2620796, 11.4286417 47.262076, 11.4286891 47.262077, 11.4287399 47.2620792, 11.428874 47.2620879, 11.4289297 47.2620866, 11.4289862 47.2620743)"
3117,6.0,,10.0,9.0,73.00500000000001,9.0,5,,5.0,"LINESTRING (11.4280112 47.2622077, 11.4279833 47.2621839, 11.4279504 47.26216, 11.4279038 47.2621384, 11.4278475 47.2621126, 11.427787 47.2620885, 11.4277382 47.2620721, 11.427688 47.2620537, 11.4276177 47.2620318, 11.4275508 47.2620143, 11.4274989 47.262003, 11.4274449 47.2619941, 11.4273934 47.2619914, 11.4273457 47.2619905, 11.4272915 47.261994, 11.427249 47.2619998, 11.4271992 47.262008, 11.4271446 47.2620263)"
3118,6.0,,10.0,9.0,35.78,9.0,5,,6.000000000000001,"LINESTRING (11.4280112 47.2622077, 11.4280401 47.262236, 11.4280599 47.2622619, 11.428072 47.2622937, 11.4280757 47.2623232, 11.4280724 47.2623705, 11.4280624 47.2624178, 11.4280331 47.2625164)"
3119,2.0,,10.0,7.0,70.861,,5,,4.0,"LINESTRING (11.4329854 47.2632253, 11.4334558 47.2632059, 11.433775 47.2631744, 11.4338468 47.2631671, 11.4339186 47.2631597)"
3120,6.0,,,,16.785999999999998,,10,,4.0,"LINESTRING (11.4329854 47.2632253, 11.4330948 47.2631365, 11.4331037 47.2631018)"
3121,2.0,,10.0,7.0,28.078000000000003,5.0,5,,4.0,"LINESTRING (11.4329854 47.2632253, 11.432734 47.2632366, 11.4326742 47.2632462, 11.4326227 47.2632653)"
3122,6.0,,,9.0,44.514,,10,,4.0,"LINESTRING (11.4325166 47.2631407, 11.4331037 47.2631018)"
3123,8.0,,,,10.673,,5,,5.0,"LINESTRING (11.4203669 47.2689651, 11.4202518 47.2689093)"
3124,8.0,,,,34.011,,5,,6.000000000000001,"LINESTRING (11.4203669 47.2689651, 11.420734 47.2691426)"
3125,6.0,,,,195.185,,10,,6.000000000000001,"LINESTRING (11.4203669 47.2689651, 11.420257 47.2690466, 11.419498 47.2696093, 11.4186204 47.27026)"
3126,6.0,,,,161.095,,10,,5.0,"LINESTRING (11.4217428 47.2678573, 11.4215317 47.2680273, 11.4208755 47.2685556, 11.4203669 47.2689651)"
3127,8.0,,10.0,9.0,9.963,,5,,6.000000000000001,"LINESTRING (11.4186204 47.27026, 11.4185271 47.2701966)"
3128,8.0,,10.0,9.0,323.5,,5,,6.000000000000001,"LINESTRING (11.4186204 47.27026, 11.4194619 47.2708257, 11.4216032 47.2723496)"
3129,6.0,,,,284.14799999999997,,10,,5.0,"LINESTRING (11.4186204 47.27026, 11.4161816 47.2715523, 11.415712 47.2718199, 11.4156672 47.2718454)"
3130,6.0,,,,24.105,,10,,5.0,"LINESTRING (11.4156672 47.2718454, 11.4154923 47.2719102, 11.4153747 47.2719271)"
3131,10.0,,,,25.936999999999998,,5,,5.0,"LINESTRING (11.4156672 47.2718454, 11.4155787 47.2719288, 11.415423 47.2720054)"
3132,6.0,9.0,,,31.36,,5,,5.0,"LINESTRING (11.4225962 47.2672672, 11.422917 47.2670879)"
3133,8.0,,,,54.266999999999996,,10,,5.0,"LINESTRING (11.4225962 47.2672672, 11.4225348 47.2674835, 11.4225543 47.2676145, 11.4226667 47.2677272)"
3134,6.0,9.0,,,46.171,,5,,6.000000000000001,"LINESTRING (11.4225962 47.2672672, 11.4223101 47.2674167, 11.4221029 47.2675126)"
3135,8.0,,,,75.815,,10,,4.0,"LINESTRING (11.4226667 47.2677272, 11.4223232 47.2676799, 11.4221263 47.267705, 11.4220076 47.2677201, 11.4217428 47.2678573)"
3136,8.0,,,,48.777,,5,,7.000000000000001,"LINESTRING (11.4226667 47.2677272, 11.4222619 47.2675731, 11.4221029 47.2675126)"
3137,8.0,,,,49.093999999999994,9.0,5,,6.000000000000001,"LINESTRING (11.4226667 47.2677272, 11.42292 47.2678176, 11.4232435 47.2679315)"
3138,5.0,,,7.0,7.16,,5,,5.0,"LINESTRING (11.4250311 47.265867, 11.4249571 47.2659073)"
3139,5.0,,,7.0,75.927,9.0,10,,5.0,"LINESTRING (11.4250311 47.265867, 11.4249363 47.2659513, 11.4248562 47.2660269, 11.4247835 47.2661453, 11.4247619 47.2662236, 11.424763 47.2663659, 11.4247928 47.2664978)"
3140,5.0,,,7.0,38.979,,5,,5.0,"LINESTRING (11.4250311 47.265867, 11.4253562 47.2656771, 11.4254226 47.2656383)"
3141,8.0,,,9.0,11.959,,5,,6.000000000000001,"LINESTRING (11.4160848 47.2657552, 11.4161058 47.2658618)"
3142,8.0,,,9.0,136.147,,5,,7.000000000000001,"LINESTRING (11.4160848 47.2657552, 11.4160709 47.2656723, 11.4163793 47.2652415, 11.4166099 47.2649193, 11.4168055 47.264646)"
3143,6.0,,,,50.497,,5,,9.0,"LINESTRING (11.4160848 47.2657552, 11.4161686 47.2657054, 11.4163257 47.2656936, 11.4164828 47.2657276, 11.4166547 47.2658362)"
3144,8.0,,,,44.128,,10,,9.0,"LINESTRING (11.4160848 47.2657552, 11.4163676 47.2657765, 11.4166547 47.2658362)"
3145,8.0,,,,22.558,,10,,5.0,"LINESTRING (11.4170081 47.2660509, 11.4169103 47.2660304, 11.4167213 47.2659937)"
3146,8.0,,,,228.733,,5,,4.0,"LINESTRING (11.4170081 47.2660509, 11.4174896 47.2661661, 11.4182227 47.2663402, 11.4184637 47.2663982, 11.4192496 47.2665871, 11.4195303 47.2666573, 11.4196068 47.266681, 11.4198536 47.2667576)"
3147,8.0,,10.0,,19.639,10.0,10,,5.0,"LINESTRING (11.4039993 47.2792274, 11.4039958 47.2790508)"
3148,6.0,,10.0,,18.034,,10,,4.0,"LINESTRING (11.4039993 47.2792274, 11.4039245 47.2792323, 11.4037612 47.2792419)"
3149,2.0,,10.0,7.0,30.447,9.0,10,,4.0,"LINESTRING (11.4039993 47.2792274, 11.4040984 47.2792807, 11.4041976 47.2793478, 11.4042838 47.2794201)"
3150,6.0,,,,20.182,,5,,5.0,"LINESTRING (11.4136513 47.274614, 11.4138836 47.274524)"
3151,8.0,9.0,10.0,9.0,153.999,,10,,4.0,"LINESTRING (11.4136513 47.274614, 11.4138448 47.2748307, 11.4144768 47.275439, 11.4148769 47.2757153)"
3152,2.0,,10.0,7.0,47.102999999999994,9.0,10,,4.0,"LINESTRING (11.4037612 47.2792419, 11.4033846 47.2790096, 11.4033244 47.2789428)"
3153,10.0,,10.0,,19.57,,5,,6.000000000000001,"LINESTRING (11.3896511 47.2575941, 11.3893919 47.2575992)"
3154,10.0,,10.0,,16.954,,5,,7.000000000000001,"LINESTRING (11.3896511 47.2575941, 11.3896055 47.2574448)"
3155,10.0,,10.0,,23.408,,5,,6.000000000000001,"LINESTRING (11.3896511 47.2575941, 11.3897389 47.2575906, 11.3897354 47.2574398)"
3156,10.0,,10.0,,11.788,,5,,6.000000000000001,"LINESTRING (11.3894314 47.2574034, 11.3895125 47.2573128)"
3157,10.0,,10.0,,5.281,,10,,4.0,"LINESTRING (11.3894314 47.2574034, 11.3894469 47.2574152, 11.3894564 47.2574296, 11.3894591 47.2574454)"
3158,8.0,,10.0,9.0,35.357,,5,,5.0,"LINESTRING (11.3931674 47.257429, 11.3931643 47.2574899, 11.3931451 47.2577466)"
3159,8.0,,10.0,9.0,15.86,,10,,4.0,"LINESTRING (11.3931674 47.257429, 11.3931262 47.2574234, 11.3930895 47.2574094, 11.3930608 47.2573886, 11.3930429 47.2573628, 11.3930376 47.2573345)"
3160,10.0,,10.0,,11.999,,5,,4.0,"LINESTRING (11.3891741 47.2573095, 11.3890463 47.2572453)"
3161,10.0,,10.0,,16.173,,5,,6.000000000000001,"LINESTRING (11.3891741 47.2573095, 11.3891795 47.2574549)"
3162,10.0,,10.0,,28.834,,5,,7.000000000000001,"LINESTRING (11.3891741 47.2573095, 11.38924 47.257266, 11.3893756 47.2572642, 11.3895125 47.2573128)"
3163,10.0,,10.0,,11.049,,5,,6.000000000000001,"LINESTRING (11.3894591 47.2574454, 11.3896055 47.2574448)"
3164,10.0,,10.0,,8.384,,10,,4.0,"LINESTRING (11.3894591 47.2574454, 11.3894552 47.2574602, 11.3894451 47.2574736, 11.3894297 47.2574846, 11.3894104 47.2574921, 11.3893888 47.2574955)"
3165,10.0,,10.0,,19.57,,5,,6.000000000000001,"LINESTRING (11.3893919 47.2575992, 11.3896511 47.2575941)"
3166,10.0,,10.0,,11.533,,5,,5.0,"LINESTRING (11.3893919 47.2575992, 11.3893888 47.2574955)"
3167,10.0,,10.0,,30.741999999999997,,5,,6.000000000000001,"LINESTRING (11.3893919 47.2575992, 11.3892409 47.2576026, 11.3891845 47.2575877, 11.3891795 47.2574549)"
3168,10.0,,10.0,,16.27,,5,,8.0,"LINESTRING (11.3895125 47.2573128, 11.3896055 47.2574448)"
3169,10.0,,10.0,,11.788,,5,,6.000000000000001,"LINESTRING (11.3895125 47.2573128, 11.3894314 47.2574034)"
3170,10.0,,10.0,,50.299,,5,,7.000000000000001,"LINESTRING (11.3895125 47.2573128, 11.38959 47.2572508, 11.3896367 47.2572164, 11.3896716 47.2572001, 11.3897329 47.2571877, 11.3897354 47.2574398)"
3171,10.0,,10.0,,28.834,,5,,7.000000000000001,"LINESTRING (11.3895125 47.2573128, 11.3893756 47.2572642, 11.38924 47.257266, 11.3891741 47.2573095)"
3172,8.0,,10.0,9.0,15.530999999999999,,10,,4.0,"LINESTRING (11.3931896 47.2572457, 11.3932292 47.2572533, 11.3932636 47.2572686, 11.3932897 47.2572902, 11.393305 47.2573161, 11.3933083 47.257344)"
3173,8.0,,10.0,9.0,50.4,,5,,5.0,"LINESTRING (11.3931896 47.2572457, 11.3931937 47.2571839, 11.3932304 47.2567933)"
3174,10.0,,10.0,,9.684,,5,,5.0,"LINESTRING (11.3893078 47.2574561, 11.3891795 47.2574549)"
3175,10.0,,10.0,,14.469999999999999,,10,,4.0,"LINESTRING (11.3893078 47.2574561, 11.3893057 47.2574399, 11.3893111 47.257424, 11.3893234 47.2574101, 11.3893415 47.2573994, 11.3893635 47.257393, 11.3893874 47.2573915, 11.3894107 47.2573951, 11.3894314 47.2574034)"
3176,10.0,,10.0,,9.819,,5,,7.000000000000001,"LINESTRING (11.3897354 47.2574398, 11.3896055 47.2574448)"
3177,10.0,,10.0,,23.408,,5,,6.000000000000001,"LINESTRING (11.3897354 47.2574398, 11.3897389 47.2575906, 11.3896511 47.2575941)"
3178,10.0,,10.0,,50.29900000000001,,5,,7.000000000000001,"LINESTRING (11.3897354 47.2574398, 11.3897329 47.2571877, 11.3896716 47.2572001, 11.3896367 47.2572164, 11.38959 47.2572508, 11.3895125 47.2573128)"
3179,8.0,,10.0,9.0,16.959,,10,,4.0,"LINESTRING (11.3930376 47.2573345, 11.3930462 47.2573046, 11.3930689 47.2572782, 11.3931029 47.2572583, 11.3931446 47.2572471, 11.3931896 47.2572457)"
3180,8.0,,10.0,,90.137,,5,,6.000000000000001,"LINESTRING (11.3930376 47.2573345, 11.3929638 47.2573326, 11.3919051 47.2573068, 11.391844 47.2573055)"
3181,8.0,,10.0,9.0,41.607,,5,,5.0,"LINESTRING (11.3933083 47.257344, 11.3934037 47.2573451, 11.3938594 47.2573541)"
3182,8.0,,10.0,9.0,15.666,,10,,4.0,"LINESTRING (11.3933083 47.257344, 11.3932988 47.2573714, 11.3932776 47.2573956, 11.3932466 47.2574144, 11.3932086 47.2574259, 11.3931674 47.257429)"
3183,10.0,,10.0,,9.819,,5,,7.000000000000001,"LINESTRING (11.3896055 47.2574448, 11.3897354 47.2574398)"
3184,10.0,,10.0,,16.27,,5,,8.0,"LINESTRING (11.3896055 47.2574448, 11.3895125 47.2573128)"
3185,10.0,,10.0,,16.954,,5,,7.000000000000001,"LINESTRING (11.3896055 47.2574448, 11.3896511 47.2575941)"
3186,10.0,,10.0,,11.049,,5,,6.000000000000001,"LINESTRING (11.3896055 47.2574448, 11.3894591 47.2574454)"
3187,2.0,,10.0,,37.988,,5,,6.000000000000001,"LINESTRING (11.3787152 47.2652195, 11.3788816 47.2652655, 11.3791736 47.2653604)"
3188,2.0,,10.0,,34.870999999999995,3.0,5,,9.0,"LINESTRING (11.3787152 47.2652195, 11.3784899 47.2651612, 11.3782784 47.2651177)"
3189,6.0,,,,65.522,,5,,4.0,"LINESTRING (11.3787152 47.2652195, 11.3788661 47.2648803, 11.3790134 47.2646677)"
3190,6.0,,,,70.009,,5,,4.0,"LINESTRING (11.3781079 47.2656194, 11.3779577 47.2656806, 11.3776495 47.2656553, 11.3772096 47.265625)"
3191,6.0,,10.0,,261.79499999999996,,5,,6.000000000000001,"LINESTRING (11.3781079 47.2656194, 11.378157 47.265691, 11.3782104 47.2657263, 11.3782914 47.2657574, 11.378426 47.2657759, 11.3789746 47.2658199, 11.3791478 47.2658558, 11.3798772 47.2661192, 11.3805247 47.2663589, 11.3807148 47.2663836, 11.3809649 47.2663835, 11.3810487 47.266389, 11.3811571 47.2664069, 11.3812641 47.2664279)"
3192,6.0,,10.0,,58.010999999999996,5.0,5,,9.0,"LINESTRING (11.3781079 47.2656194, 11.3780937 47.265564, 11.3781068 47.2654872, 11.3782004 47.2652474, 11.3782784 47.2651177)"
3193,6.0,,,9.0,31.921,,5,,6.000000000000001,"LINESTRING (11.382212 47.269519, 11.3820171 47.2697738)"
3194,6.0,,,,31.614,,5,,6.000000000000001,"LINESTRING (11.382212 47.269519, 11.3818447 47.2693822)"
3195,6.0,,,9.0,88.519,,5,,7.000000000000001,"LINESTRING (11.382212 47.269519, 11.3826864 47.2689274, 11.3827054 47.2689005, 11.3827171 47.268863, 11.3827176 47.2688086)"
3196,6.0,,,,14.123,,5,,6.000000000000001,"LINESTRING (11.3874122 47.2655014, 11.3872968 47.2654014)"
3197,6.0,,,,49.682,,5,,6.000000000000001,"LINESTRING (11.3874122 47.2655014, 11.3870306 47.2656952, 11.3868894 47.2656175)"
3198,6.0,,,,51.768,,5,,5.0,"LINESTRING (11.3874122 47.2655014, 11.3876635 47.2653934, 11.3879582 47.2652215)"
3199,2.0,,10.0,,62.632,5.0,10,,3.0000000000000004,"LINESTRING (11.3879582 47.2652215, 11.3874452 47.2647787)"
3200,6.0,,,,51.768,,5,,5.0,"LINESTRING (11.3879582 47.2652215, 11.3876635 47.2653934, 11.3874122 47.2655014)"
3201,6.0,,,,22.193,,5,,4.0,"LINESTRING (11.3869746 47.2654461, 11.3872061 47.265323)"
3202,6.0,,,,299.366,,5,,4.0,"LINESTRING (11.3943211 47.2629592, 11.3943276 47.2637825, 11.3942143 47.2637755, 11.3937869 47.2637152, 11.3937254 47.2636911, 11.3936911 47.2636501, 11.3936809 47.2636004, 11.3937515 47.2632659, 11.3937104 47.2632082, 11.3929642 47.2630882, 11.3923407 47.2630268)"
3203,6.0,,,,11.083,,5,,6.000000000000001,"LINESTRING (11.3872968 47.2654014, 11.3872061 47.265323)"
3204,6.0,,,,39.018,,5,,6.000000000000001,"LINESTRING (11.3872968 47.2654014, 11.3868894 47.2656175)"
3205,6.0,,,,14.123,,5,,6.000000000000001,"LINESTRING (11.3872968 47.2654014, 11.3874122 47.2655014)"
3206,6.0,,,,39.018,,5,,6.000000000000001,"LINESTRING (11.3868894 47.2656175, 11.3872968 47.2654014)"
3207,6.0,,,,49.682,,5,,6.000000000000001,"LINESTRING (11.3868894 47.2656175, 11.3870306 47.2656952, 11.3874122 47.2655014)"
3208,6.0,,,,82.00699999999999,,5,,6.000000000000001,"LINESTRING (11.3868894 47.2656175, 11.3866364 47.2654782, 11.3871004 47.2652314, 11.3872061 47.265323)"
3209,6.0,,,,22.193,,5,,4.0,"LINESTRING (11.3872061 47.265323, 11.3869746 47.2654461)"
3210,6.0,,,,11.083,,5,,6.000000000000001,"LINESTRING (11.3872061 47.265323, 11.3872968 47.2654014)"
3211,6.0,,,,82.00699999999999,,5,,6.000000000000001,"LINESTRING (11.3872061 47.265323, 11.3871004 47.2652314, 11.3866364 47.2654782, 11.3868894 47.2656175)"
3212,6.0,,,,9.11,,5,,4.0,"LINESTRING (11.4164582 47.2610832, 11.4165692 47.2611154)"
3213,6.0,,,,50.522,,5,,4.0,"LINESTRING (11.4168391 47.2606996, 11.4165692 47.2611154)"
3214,8.0,,,,125.015,,5,,5.0,"LINESTRING (11.416772 47.2611706, 11.4174252 47.2601374)"
3215,6.0,,,,16.489,,5,,6.000000000000001,"LINESTRING (11.416772 47.2611706, 11.4165692 47.2611154)"
3216,8.0,,,,66.523,,5,,7.000000000000001,"LINESTRING (11.416772 47.2611706, 11.4165381 47.2615421, 11.4165297 47.2616072, 11.4165952 47.2617282)"
3217,6.0,,,,9.11,,5,,4.0,"LINESTRING (11.4165692 47.2611154, 11.4164582 47.2610832)"
3218,6.0,,,,16.489,,5,,6.000000000000001,"LINESTRING (11.4165692 47.2611154, 11.416772 47.2611706)"
3219,6.0,,,,50.522,,5,,4.0,"LINESTRING (11.4165692 47.2611154, 11.4168391 47.2606996)"
3220,6.0,,,,39.739,,5,,4.0,"LINESTRING (11.4039898 47.2681818, 11.4039291 47.2678268)"
3221,6.0,,,,54.54,,5,,5.0,"LINESTRING (11.4032169 47.2679106, 11.4039291 47.2678268)"
3222,6.0,,10.0,,128.711,,10,,4.0,"LINESTRING (11.4032169 47.2679106, 11.403047 47.2673298, 11.4028466 47.266781)"
3223,6.0,,,,54.54,,5,,5.0,"LINESTRING (11.4039291 47.2678268, 11.4032169 47.2679106)"
3224,6.0,,,,39.739,,5,,4.0,"LINESTRING (11.4039291 47.2678268, 11.4039898 47.2681818)"
3225,6.0,,,,113.195,,5,,4.0,"LINESTRING (11.4039291 47.2678268, 11.4042002 47.267798, 11.4042932 47.2678405, 11.4043768 47.2684114, 11.4044353 47.2684334, 11.4046351 47.2684501)"
3226,6.0,,,,113.19500000000001,,5,,4.0,"LINESTRING (11.4046351 47.2684501, 11.4044353 47.2684334, 11.4043768 47.2684114, 11.4042932 47.2678405, 11.4042002 47.267798, 11.4039291 47.2678268)"
3227,6.0,9.0,10.0,7.0,47.351,,5,,6.000000000000001,"LINESTRING (11.4120808 47.2677062, 11.4122701 47.2673002)"
3228,6.0,,,,67.35900000000001,,5,,6.000000000000001,"LINESTRING (11.4120808 47.2677062, 11.412057 47.2676897, 11.4118983 47.2675797, 11.4120259 47.2673352, 11.4122312 47.2673058, 11.4122701 47.2673002)"
3229,6.0,9.0,10.0,7.0,93.36800000000001,,5,,7.000000000000001,"LINESTRING (11.4120808 47.2677062, 11.4118673 47.2682627, 11.4118045 47.2684265, 11.4117691 47.2685188)"
3230,2.0,,,7.0,234.15399999999994,9.0,10,,4.0,"LINESTRING (11.4229725 47.2616816, 11.4226405 47.2615762, 11.4222121 47.2614402, 11.4218263 47.2613177, 11.4217637 47.2612981, 11.4213573 47.2611704, 11.4210762 47.2610822, 11.420921 47.2610343, 11.4208368 47.2610083, 11.4204 47.2608717, 11.4201535 47.260802)"
3231,6.0,,10.0,7.0,23.894,9.0,5,,4.0,"LINESTRING (11.4346474 47.2599062, 11.4345058 47.2600984)"
3232,6.0,,,,87.424,,5,,4.0,"LINESTRING (11.3990404 47.2719301, 11.4000765 47.2718899, 11.4001967 47.2718808)"
3233,8.0,,10.0,,19.386,,5,,6.000000000000001,"LINESTRING (11.4001967 47.2718808, 11.4002285 47.2720538)"
3234,6.0,,,,87.424,,5,,4.0,"LINESTRING (11.4001967 47.2718808, 11.4000765 47.2718899, 11.3990404 47.2719301)"
3235,8.0,,10.0,,174.671,,5,,6.000000000000001,"LINESTRING (11.4001967 47.2718808, 11.4000139 47.2709663, 11.3998848 47.270363, 11.3998761 47.2703251)"
3236,6.0,,,,7.311,,5,,4.0,"LINESTRING (11.4351935 47.2629822, 11.435187 47.2630478)"
3237,6.0,,,,7.311,,5,,4.0,"LINESTRING (11.435187 47.2630478, 11.4351935 47.2629822)"
3238,6.0,,,,9.885,,5,,5.0,"LINESTRING (11.435187 47.2630478, 11.4351783 47.2631365)"
3239,10.0,,,,164.00499999999997,,5,,6.000000000000001,"LINESTRING (11.435187 47.2630478, 11.4344438 47.2630159, 11.4344097 47.26301, 11.4343781 47.2629962, 11.4343546 47.2629769, 11.4343437 47.2629513, 11.4344108 47.2627067, 11.4344549 47.2626403, 11.4344705 47.2626083, 11.4345783 47.2623795, 11.4345864 47.2623512, 11.4345874 47.2623122, 11.4345864 47.2622739, 11.4345799 47.2622457, 11.4345679 47.2622172, 11.4345509 47.2621895, 11.4345206 47.2621644, 11.4344526 47.2621638)"
3240,6.0,,,,55.55,,5,,6.000000000000001,"LINESTRING (11.4227325 47.2628578, 11.4224168 47.2633091)"
3241,6.0,,,,37.216,,5,,4.0,"LINESTRING (11.4227325 47.2628578, 11.423177 47.2630028)"
3242,6.0,,,,62.888999999999996,,5,,4.0,"LINESTRING (11.4227325 47.2628578, 11.4229374 47.2625828, 11.4231086 47.2623531)"
3243,6.0,,,,37.216,,5,,4.0,"LINESTRING (11.423177 47.2630028, 11.4227325 47.2628578)"
3244,10.0,,,,7.01,,5,,5.0,"LINESTRING (11.423228 47.2751461, 11.42324 47.2751825, 11.4232484 47.2752076)"
3245,6.0,,10.0,,184.897,,10,,5.0,"LINESTRING (11.423228 47.2751461, 11.4234826 47.2750873, 11.4238494 47.274998, 11.4252448 47.2745272, 11.4254541 47.2744566)"
3246,6.0,,,,20.802,,5,,4.0,"LINESTRING (11.4223585 47.2649529, 11.4221048 47.2648797)"
3247,6.0,,,,19.782,,5,,6.000000000000001,"LINESTRING (11.4223585 47.2649529, 11.422588 47.2650389)"
3248,6.0,,,,27.203,,5,,4.0,"LINESTRING (11.4223585 47.2649529, 11.4224976 47.2647272)"
3249,6.0,,,,20.802,,5,,4.0,"LINESTRING (11.4221048 47.2648797, 11.4223585 47.2649529)"
3250,6.0,,,,27.203,,5,,4.0,"LINESTRING (11.4224976 47.2647272, 11.4223585 47.2649529)"
3251,8.0,,,9.0,11.914,,5,,6.000000000000001,"LINESTRING (11.420868 47.2649971, 11.420722 47.2649563)"
3252,8.0,,,,116.61,,5,,6.000000000000001,"LINESTRING (11.420868 47.2649971, 11.4213538 47.2642545, 11.4215027 47.264041)"
3253,8.0,,,9.0,146.928,,5,,6.000000000000001,"LINESTRING (11.420868 47.2649971, 11.4210019 47.2650336, 11.4214031 47.2651529, 11.4220613 47.2652884, 11.4221948 47.2652884, 11.4223002 47.2652502, 11.422588 47.2650389)"
3254,6.0,,,,19.782,,5,,6.000000000000001,"LINESTRING (11.422588 47.2650389, 11.4223585 47.2649529)"
3255,8.0,,,9.0,66.534,,5,,6.000000000000001,"LINESTRING (11.422588 47.2650389, 11.4232246 47.2646249)"
3256,8.0,,,9.0,146.928,,5,,6.000000000000001,"LINESTRING (11.422588 47.2650389, 11.4223002 47.2652502, 11.4221948 47.2652884, 11.4220613 47.2652884, 11.4214031 47.2651529, 11.4210019 47.2650336, 11.420868 47.2649971)"
3257,6.0,,,,3.271,,5,,6.000000000000001,"LINESTRING (11.4079537 47.2848342, 11.4079226 47.2848547)"
3258,6.0,,,,16.411,,5,,6.000000000000001,"LINESTRING (11.4079537 47.2848342, 11.4081427 47.2847611)"
3259,6.0,,,,7.54,,5,,6.000000000000001,"LINESTRING (11.4079537 47.2848342, 11.407955 47.2847664)"
3260,8.0,,,,25.895,,5,,4.0,"LINESTRING (11.4199314 47.2665257, 11.4195975 47.2664719)"
3261,6.0,,,,6.843,,5,,5.0,"LINESTRING (11.4205876 47.2660319, 11.4206337 47.2659789)"
3262,8.0,,10.0,,299.43,10.0,5,,6.000000000000001,"LINESTRING (11.420832 47.2666009, 11.4212926 47.2663852, 11.4216456 47.2662323, 11.4218837 47.2661355, 11.4221638 47.2660216, 11.4228247 47.2657583, 11.4230224 47.2656445, 11.4232908 47.2654332, 11.4235384 47.2652108, 11.4238523 47.2649141)"
3263,8.0,,10.0,,62.514,10.0,5,,6.000000000000001,"LINESTRING (11.420832 47.2666009, 11.4202612 47.266854, 11.4201151 47.2668456)"
3264,6.0,,,,151.29000000000002,,5,,4.0,"LINESTRING (11.420832 47.2666009, 11.4210925 47.2670859, 11.4218386 47.2673669, 11.4219807 47.2673739, 11.4222113 47.267311)"
3265,6.0,,,,151.29,,5,,4.0,"LINESTRING (11.4222113 47.267311, 11.4219807 47.2673739, 11.4218386 47.2673669, 11.4210925 47.2670859, 11.420832 47.2666009)"
3266,8.0,,,,166.93699999999998,,5,,6.000000000000001,"LINESTRING (11.3798128 47.2766547, 11.3795961 47.2771853, 11.3794111 47.2774014, 11.3788162 47.2779014, 11.3787461 47.277935)"
3267,8.0,,,9.0,208.763,,5,,6.000000000000001,"LINESTRING (11.3798128 47.2766547, 11.3798135 47.2765859, 11.3797597 47.2765107, 11.379637 47.2763678, 11.379626 47.2763118, 11.3796581 47.2762287, 11.3797539 47.2761252, 11.3800963 47.2758881, 11.3803216 47.2757104, 11.3805145 47.2754168, 11.3805776 47.2751812, 11.3806346 47.2750179)"
3268,5.0,,,,65.61999999999999,,5,,4.0,"LINESTRING (11.3798128 47.2766547, 11.3797063 47.2767914, 11.3796399 47.2768538, 11.3795353 47.2769612, 11.3793878 47.2770194, 11.3792939 47.277114)"
3269,6.0,,,,90.617,,5,,4.0,"LINESTRING (11.381098 47.2728843, 11.3817544 47.2730896, 11.3818509 47.2730183, 11.3819835 47.2728091)"
3270,8.0,,,9.0,72.233,,5,,8.0,"LINESTRING (11.381098 47.2728843, 11.3809595 47.2730998, 11.3809263 47.2733213, 11.3809458 47.2735127)"
3271,8.0,,,9.0,45.539,,5,,6.000000000000001,"LINESTRING (11.381098 47.2728843, 11.3811891 47.2727077, 11.3812365 47.2724876)"
3272,6.0,,,,34.638,,5,,4.0,"LINESTRING (11.4097704 47.2756175, 11.4094535 47.2753921)"
3273,6.0,,,,34.638,,5,,4.0,"LINESTRING (11.4094535 47.2753921, 11.4097704 47.2756175)"
3274,6.0,,,,56.274,,5,,7.000000000000001,"LINESTRING (11.4094535 47.2753921, 11.4098631 47.2751155, 11.4099822 47.2750351)"
3275,6.0,,,,42.808,,5,,6.000000000000001,"LINESTRING (11.4094535 47.2753921, 11.4092222 47.2755451, 11.4090473 47.2756609)"
3276,6.0,,,,93.672,,5,,4.0,"LINESTRING (11.416922 47.2701575, 11.4170335 47.2702035, 11.4172007 47.2701902, 11.4174538 47.2701115, 11.4177054 47.2700072, 11.4178658 47.2697814)"
3277,8.0,9.0,,,44.34,,5,,4.0,"LINESTRING (11.4229743 47.2717048, 11.4224219 47.2715687)"
3278,10.0,,10.0,,91.076,,5,,7.000000000000001,"LINESTRING (11.4049687 47.2668064, 11.4050368 47.2668038, 11.4051141 47.2667921, 11.4054122 47.266746, 11.4055199 47.2667319, 11.405768 47.2667543, 11.4060274 47.2667588, 11.4060811 47.2667801, 11.4061079 47.2668256)"
3279,10.0,,10.0,,36.134,,5,,6.000000000000001,"LINESTRING (11.4049687 47.2668064, 11.4048592 47.2668571, 11.4047938 47.2668874, 11.4045425 47.2669489)"
3280,10.0,,,,216.943,,5,,6.000000000000001,"LINESTRING (11.4049687 47.2668064, 11.4049474 47.2665363, 11.4048895 47.2664688, 11.4046565 47.2648742)"
3281,6.0,,,,40.984,,10,,2.0,"LINESTRING (11.4045961 47.2652555, 11.4045786 47.264984, 11.4045754 47.2648872)"
3282,6.0,1.0,10.0,7.0,25.075,,5,,6.000000000000001,"LINESTRING (11.3975091 47.2570532, 11.3973614 47.2572552)"
3283,6.0,1.0,10.0,7.0,66.39399999999999,,5,,6.000000000000001,"LINESTRING (11.3975091 47.2570532, 11.397576 47.2569472, 11.3976465 47.2568387, 11.3977861 47.2565776, 11.3978238 47.2564961)"
3284,6.0,,,,41.978,,5,,4.0,"LINESTRING (11.3975091 47.2570532, 11.3978691 47.2571863, 11.3979838 47.2572479)"
3285,6.0,,,,41.978,,5,,4.0,"LINESTRING (11.3979838 47.2572479, 11.3978691 47.2571863, 11.3975091 47.2570532)"
3286,8.0,,10.0,,84.59400000000001,,5,,4.0,"LINESTRING (11.4227887 47.2588756, 11.4231522 47.2583813, 11.4232535 47.2583409, 11.4233321 47.2582239)"
3287,8.0,,,,40.226,,5,,5.0,"LINESTRING (11.4225809 47.2592332, 11.4223567 47.2595614)"
3288,6.0,,,,33.512,,5,,4.0,"LINESTRING (11.4225809 47.2592332, 11.4227785 47.2589633)"
3289,6.0,,,,40.887,,5,,4.0,"LINESTRING (11.4225809 47.2592332, 11.4224796 47.2591421, 11.4221417 47.2590339)"
3290,6.0,,,,33.512,,5,,4.0,"LINESTRING (11.4227785 47.2589633, 11.4225809 47.2592332)"
3291,8.0,,10.0,9.0,28.533,,10,,4.0,"LINESTRING (11.4253124 47.2605413, 11.4251707 47.2604673, 11.424996 47.2604022)"
3292,6.0,,,,89.516,,5,,3.0000000000000004,"LINESTRING (11.425976 47.2607437, 11.4265582 47.2600423)"
3293,6.0,,,,19.218,,5,,4.0,"LINESTRING (11.425976 47.2607437, 11.4258548 47.2608957)"
3294,6.0,,,,55.955,,10,,3.0000000000000004,"LINESTRING (11.425976 47.2607437, 11.4254268 47.2605384, 11.4253124 47.2605413)"
3295,2.0,,,7.0,86.046,9.0,10,,4.0,"LINESTRING (11.423748 47.2618715, 11.4247592 47.2622291)"
3296,8.0,,8.0,,188.397,,5,,4.0,"LINESTRING (11.423748 47.2618715, 11.4240469 47.261483, 11.4240926 47.2614236, 11.4244385 47.2609739, 11.4249049 47.2603701)"
3297,8.0,,,7.0,29.286,,5,,6.000000000000001,"LINESTRING (11.4254066 47.2621613, 11.4252474 47.2624015)"
3298,8.0,,10.0,9.0,127.039,,5,,6.000000000000001,"LINESTRING (11.4254066 47.2621613, 11.4256169 47.2618485, 11.4257137 47.2617225, 11.4258536 47.2615642, 11.4260385 47.2614029, 11.4261687 47.2612995, 11.4263106 47.2612098)"
3299,8.0,,,,39.435,,10,,4.0,"LINESTRING (11.4254066 47.2621613, 11.4254029 47.2622418, 11.4253955 47.2623329, 11.4254234 47.2623962, 11.4255147 47.2624952)"
3300,6.0,,,,19.82,,5,,5.0,"LINESTRING (11.4129898 47.2736119, 11.4132042 47.2735089)"
3301,8.0,9.0,10.0,9.0,122.206,,10,,4.0,"LINESTRING (11.4129898 47.2736119, 11.4131359 47.2737887, 11.4136513 47.274614)"
3302,6.0,,,,18.402,,5,,4.0,"LINESTRING (11.4134033 47.2734133, 11.4132042 47.2735089)"
3303,8.0,,10.0,,25.145,,5,,6.000000000000001,"LINESTRING (11.4167188 47.2723093, 11.4169704 47.272161)"
3304,6.0,,,,87.387,,5,,6.000000000000001,"LINESTRING (11.4167188 47.2723093, 11.4171406 47.27248, 11.4172804 47.2723093, 11.4169704 47.272161)"
3305,8.0,,10.0,,80.37100000000001,,5,,5.0,"LINESTRING (11.4167188 47.2723093, 11.416518 47.2724141, 11.416086 47.2726231, 11.4159514 47.2726675, 11.415826 47.2726948)"
3306,8.0,,10.0,,25.145,,5,,6.000000000000001,"LINESTRING (11.4169704 47.272161, 11.4167188 47.2723093)"
3307,6.0,,,,87.387,,5,,6.000000000000001,"LINESTRING (11.4169704 47.272161, 11.4172804 47.2723093, 11.4171406 47.27248, 11.4167188 47.2723093)"
3308,8.0,,10.0,,115.858,,5,,6.000000000000001,"LINESTRING (11.4169704 47.272161, 11.4180329 47.2715826, 11.4181741 47.2715143)"
3309,6.0,,,9.0,14.747,,10,,3.0000000000000004,"LINESTRING (11.4296455 47.2625531, 11.4296083 47.2626833)"
3310,6.0,,,9.0,78.251,,10,,3.0000000000000004,"LINESTRING (11.4296455 47.2625531, 11.430009 47.2628104, 11.4303681 47.2630578)"
3311,5.0,,7.0,,28.059,,5,,4.0,"LINESTRING (11.4282828 47.2635976, 11.4286382 47.2636718)"
3312,6.0,,10.0,9.0,13.652,9.0,5,,7.000000000000001,"LINESTRING (11.4295065 47.2630241, 11.4293258 47.2630181)"
3313,6.0,,10.0,9.0,28.94,9.0,5,,6.000000000000001,"LINESTRING (11.4295065 47.2630241, 11.4298879 47.2630514)"
3314,6.0,,,,8.99,,5,,7.000000000000001,"LINESTRING (11.4295065 47.2630241, 11.4294954 47.2631046)"
3315,6.0,,,9.0,15.516,,10,,4.0,"LINESTRING (11.4294974 47.2624563, 11.4296455 47.2625531)"
3316,7.0,,,,23.083,,5,,4.0,"LINESTRING (11.429553 47.2621709, 11.4292476 47.2621591)"
3317,6.0,,10.0,9.0,5.386,9.0,5,,6.000000000000001,"LINESTRING (11.4291474 47.2630166, 11.4290761 47.2630143)"
3318,6.0,,10.0,9.0,13.463,9.0,5,,6.000000000000001,"LINESTRING (11.4291474 47.2630166, 11.4293258 47.2630181)"
3319,6.0,,,9.0,16.652,,10,,2.0,"LINESTRING (11.4293389 47.2623521, 11.4294974 47.2624563)"
3320,6.0,,,9.0,75.289,,10,,3.0000000000000004,"LINESTRING (11.4293389 47.2623521, 11.4292281 47.262735, 11.4291474 47.2630166)"
3321,5.0,,,,57.812,,5,,3.0000000000000004,"LINESTRING (11.4184641 47.2794873, 11.4178412 47.2794046, 11.417739 47.2793483)"
3322,2.0,,10.0,6.0,112.322,5.0,5,,4.0,"LINESTRING (11.4171308 47.2790842, 11.4185619 47.2788054)"
3323,6.0,,,,62.12100000000001,,5,,5.0,"LINESTRING (11.4171308 47.2790842, 11.4172076 47.2792554, 11.4173059 47.2793041, 11.4174532 47.2793182, 11.417739 47.2793483)"
3324,2.0,,10.0,6.0,188.858,5.0,5,,6.000000000000001,"LINESTRING (11.4171308 47.2790842, 11.4156231 47.2793772, 11.4147246 47.2795531)"
3325,6.0,,,,62.121,,5,,5.0,"LINESTRING (11.417739 47.2793483, 11.4174532 47.2793182, 11.4173059 47.2793041, 11.4172076 47.2792554, 11.4171308 47.2790842)"
3326,5.0,,,,57.812,,5,,3.0000000000000004,"LINESTRING (11.417739 47.2793483, 11.4178412 47.2794046, 11.4184641 47.2794873)"
3327,8.0,,,8.0,59.757999999999996,,5,,5.0,"LINESTRING (11.432038 47.2743176, 11.4322975 47.2744941, 11.4326082 47.2746905)"
3328,5.0,,10.0,,101.388,,5,,5.0,"LINESTRING (11.432038 47.2743176, 11.4320029 47.2743383, 11.43103 47.2746638, 11.4308483 47.2747387)"
3329,8.0,,,,90.645,,5,,5.0,"LINESTRING (11.378998 47.266398, 11.3785846 47.2671634)"
3330,6.0,,10.0,,228.93200000000002,9.0,5,,6.000000000000001,"LINESTRING (11.378998 47.266398, 11.3763558 47.2663168, 11.3759674 47.2663013)"
3331,6.0,,10.0,,171.512,9.0,5,,6.000000000000001,"LINESTRING (11.378998 47.266398, 11.3804754 47.2664448, 11.3808067 47.2664577, 11.3809686 47.2664596, 11.3811013 47.266454, 11.3812641 47.2664279)"
3332,8.0,,10.0,7.0,59.05800000000001,9.0,5,,7.000000000000001,"LINESTRING (11.4297049 47.2648453, 11.4294322 47.2647687, 11.4293537 47.2647488, 11.4292579 47.2647187, 11.4289874 47.2646336)"
3333,8.0,,10.0,7.0,59.877,9.0,5,,7.000000000000001,"LINESTRING (11.4297049 47.2648453, 11.4298786 47.2648435, 11.4304978 47.2648253)"
3334,8.0,,10.0,7.0,48.471000000000004,9.0,5,,7.000000000000001,"LINESTRING (11.4297049 47.2648453, 11.4295597 47.2649395, 11.4292213 47.2651319)"
3335,6.0,,,,106.652,,5,,6.000000000000001,"LINESTRING (11.4297049 47.2648453, 11.4298606 47.2646695, 11.4302018 47.2639519)"
3336,6.0,,,,9.262,,10,,3.0000000000000004,"LINESTRING (11.4293097 47.2638029, 11.4294298 47.2638201)"
3337,5.0,,,,10.445,,5,,5.0,"LINESTRING (11.4293097 47.2638029, 11.4292162 47.2637907, 11.4291738 47.2637851)"
3338,8.0,,10.0,7.0,12.809,9.0,5,,5.0,"LINESTRING (11.4289874 47.2646336, 11.4288333 47.2645853)"
3339,6.0,,,,16.398,,10,,5.0,"LINESTRING (11.4289874 47.2646336, 11.4290608 47.2644948)"
3340,8.0,,10.0,7.0,59.05800000000001,9.0,5,,6.000000000000001,"LINESTRING (11.4289874 47.2646336, 11.4292579 47.2647187, 11.4293537 47.2647488, 11.4294322 47.2647687, 11.4297049 47.2648453)"
3341,8.0,,10.0,7.0,6.042,9.0,5,,6.000000000000001,"LINESTRING (11.4287786 47.2645682, 11.428705 47.2645468)"
3342,8.0,,10.0,7.0,4.544,9.0,5,,6.000000000000001,"LINESTRING (11.4287786 47.2645682, 11.4288333 47.2645853)"
3343,6.0,,,,16.479,,10,,4.0,"LINESTRING (11.4279588 47.2643164, 11.4280399 47.2641788)"
3344,8.0,,10.0,7.0,86.903,,5,,6.000000000000001,"LINESTRING (11.4279588 47.2643164, 11.4279064 47.2643014, 11.4276025 47.2642118, 11.4272046 47.2640878, 11.4269083 47.2639962)"
3345,8.0,,10.0,7.0,61.864000000000004,9.0,5,,5.0,"LINESTRING (11.4279588 47.2643164, 11.42802 47.2643362, 11.4283802 47.2644488, 11.4285887 47.2645117, 11.428705 47.2645468)"
3346,6.0,,,,8.796,,10,,5.0,"LINESTRING (11.4280399 47.2641788, 11.428083 47.2641053)"
3347,6.0,,,,13.487,,5,,6.000000000000001,"LINESTRING (11.4280399 47.2641788, 11.4279785 47.264163, 11.427873 47.2641354)"
3348,6.0,,,,168.227,9.0,5,,5.0,"LINESTRING (11.4285439 47.2646915, 11.427911 47.265062, 11.427278 47.2654324, 11.4271678 47.2654498, 11.4270526 47.2654367, 11.4268161 47.2652827)"
3349,6.0,,,,20.503,9.0,5,,5.0,"LINESTRING (11.4285439 47.2646915, 11.4286403 47.2646325, 11.428705 47.2645468)"
3350,6.0,,,,120.07100000000001,,10,,3.0000000000000004,"LINESTRING (11.4285439 47.2646915, 11.4284318 47.2646108, 11.4273341 47.2642681, 11.4272364 47.2642741, 11.4271548 47.2643351)"
3351,6.0,,,,105.508,,10,,4.0,"LINESTRING (11.4271548 47.2643351, 11.4268855 47.2646965, 11.4265237 47.2651818)"
3352,6.0,,,,14.252,9.0,5,,7.000000000000001,"LINESTRING (11.4265237 47.2651818, 11.4264234 47.2650732)"
3353,6.0,,,,24.753,9.0,5,,6.000000000000001,"LINESTRING (11.4265237 47.2651818, 11.4268161 47.2652827)"
3354,6.0,,,,21.105,9.0,5,,7.000000000000001,"LINESTRING (11.4264234 47.2650732, 11.4261866 47.2649722)"
3355,6.0,,,,14.252,9.0,5,,5.0,"LINESTRING (11.4264234 47.2650732, 11.4265237 47.2651818)"
3356,6.0,,,,115.454,,10,,4.0,"LINESTRING (11.4264234 47.2650732, 11.4270251 47.2642874, 11.4270718 47.2642638, 11.4271268 47.2642689, 11.427162 47.2642959, 11.4271548 47.2643351)"
3357,6.0,,,,57.927,,5,,7.000000000000001,"LINESTRING (11.4264234 47.2650732, 11.4263201 47.2651925, 11.4261781 47.2653453, 11.4259817 47.265497)"
3358,8.0,,10.0,,80.991,10.0,10,,4.0,"LINESTRING (11.381143 47.2568885, 11.382154 47.2566442)"
3359,6.0,,,,126.729,,5,,5.0,"LINESTRING (11.381143 47.2568885, 11.3809744 47.256715, 11.3805058 47.2565764, 11.3803864 47.2566391, 11.3802668 47.256702, 11.3802855 47.2567966, 11.3803413 47.2570784)"
3360,8.0,,,,165.53,,5,,3.0000000000000004,"LINESTRING (11.4231946 47.2692886, 11.4216985 47.2703774)"
3361,8.0,,,,29.092,,5,,6.000000000000001,"LINESTRING (11.4079567 47.2846733, 11.4076037 47.2845679)"
3362,8.0,,,,17.093,,5,,6.000000000000001,"LINESTRING (11.4079567 47.2846733, 11.4081427 47.2847611)"
3363,6.0,,,,10.353,,5,,6.000000000000001,"LINESTRING (11.4079567 47.2846733, 11.407955 47.2847664)"
3364,8.0,,,,16.341,,5,,6.000000000000001,"LINESTRING (11.4083128 47.2848521, 11.4081427 47.2847611)"
3365,8.0,,,,50.644,,5,,7.000000000000001,"LINESTRING (11.4083128 47.2848521, 11.4088521 47.2851234)"
3366,6.0,,,,50.656,,5,,6.000000000000001,"LINESTRING (11.4083128 47.2848521, 11.4084652 47.2847416, 11.4087337 47.2845933, 11.408786 47.2845337)"
3367,6.0,,,,16.411,,5,,6.000000000000001,"LINESTRING (11.4081427 47.2847611, 11.4079537 47.2848342)"
3368,8.0,,,,17.093,,5,,6.000000000000001,"LINESTRING (11.4081427 47.2847611, 11.4079567 47.2846733)"
3369,8.0,,,,16.341,,5,,6.000000000000001,"LINESTRING (11.4081427 47.2847611, 11.4083128 47.2848521)"
3370,8.0,,,,19.609,,10,,4.0,"LINESTRING (11.4057856 47.261326, 11.4060438 47.2613062)"
3371,8.0,,10.0,,22.253999999999998,,5,,5.0,"LINESTRING (11.4057856 47.261326, 11.4056227 47.2612999, 11.4054987 47.2612797)"
3372,6.0,,,,63.278999999999996,,5,,4.0,"LINESTRING (11.3850009 47.2726966, 11.38516 47.2726969, 11.3851996 47.2726683, 11.3852323 47.2725702, 11.3851952 47.27235, 11.3851416 47.2722572)"
3373,8.0,,10.0,9.0,82.26400000000001,,5,,6.000000000000001,"LINESTRING (11.4021202 47.2816407, 11.4016655 47.2816275, 11.4012865 47.2816099, 11.4010361 47.2816445)"
3374,8.0,,10.0,9.0,81.783,,5,,6.000000000000001,"LINESTRING (11.4021202 47.2816407, 11.4023869 47.2815865, 11.4026031 47.2815924, 11.4031711 47.2816991)"
3375,6.0,,,,28.578,,5,,4.0,"LINESTRING (11.4021202 47.2816407, 11.4022124 47.2816599, 11.4023408 47.2816494, 11.4024873 47.2816795)"
3376,8.0,,,9.0,42.975,,5,,6.000000000000001,"LINESTRING (11.4174162 47.2563608, 11.416894 47.2562067)"
3377,8.0,,,9.0,35.016,,5,,6.000000000000001,"LINESTRING (11.4174162 47.2563608, 11.4178435 47.2564835)"
3378,8.0,,,9.0,67.444,,5,,6.000000000000001,"LINESTRING (11.4174162 47.2563608, 11.4170635 47.2569181)"
3379,8.0,,10.0,9.0,21.01,5.0,5,,5.0,"LINESTRING (11.4286806 47.2611559, 11.4284031 47.2611406)"
3380,5.0,,6.0,,307.74899999999997,,5,,4.0,"LINESTRING (11.4286806 47.2611559, 11.4287989 47.2610956, 11.4289098 47.2610409, 11.4291377 47.2609582, 11.4292906 47.2608853, 11.4297117 47.2607379, 11.4302455 47.2605941, 11.4307068 47.2604084, 11.4311306 47.2601991, 11.4314391 47.2600862, 11.4315517 47.2600753, 11.431779 47.2600878, 11.4319802 47.2599695, 11.432109 47.2598785, 11.4321355 47.2598304, 11.4321462 47.2598197)"
3381,8.0,,10.0,9.0,93.51500000000001,,5,,6.000000000000001,"LINESTRING (11.4286806 47.2611559, 11.4290312 47.2611921, 11.42913 47.2612111, 11.4293549 47.261265, 11.4295211 47.2613072, 11.4298525 47.2614125)"
3382,8.0,,10.0,9.0,92.852,,5,,6.000000000000001,"LINESTRING (11.4278157 47.2607698, 11.4280907 47.2607044, 11.4284096 47.2606369, 11.4287167 47.2605535, 11.4289621 47.2604705)"
3383,8.0,,10.0,9.0,44.289,,5,,6.000000000000001,"LINESTRING (11.4278157 47.2607698, 11.4274066 47.2608373, 11.4272478 47.2608698)"
3384,8.0,,10.0,7.0,47.040000000000006,9.0,5,,6.000000000000001,"LINESTRING (11.4278157 47.2607698, 11.4278593 47.2608759, 11.4278864 47.2609695, 11.4278781 47.2610563, 11.4278565 47.2611307, 11.4278282 47.2611819)"
3385,8.0,,10.0,9.0,10.034,,10,,4.0,"LINESTRING (11.4223567 47.2595614, 11.4222359 47.2595237)"
3386,8.0,,,,40.226,,5,,5.0,"LINESTRING (11.4223567 47.2595614, 11.4225809 47.2592332)"
3387,10.0,,,,11.956,,5,,4.0,"LINESTRING (11.4127004 47.2553836, 11.412545 47.2553627)"
3388,10.0,,,,35.866,,5,,6.000000000000001,"LINESTRING (11.4127004 47.2553836, 11.4126914 47.2554115, 11.4126177 47.2556582, 11.4125648 47.2556805)"
3389,9.0,,,9.0,104.767,,5,,6.000000000000001,"LINESTRING (11.4127004 47.2553836, 11.4128596 47.2554047, 11.4130847 47.2554263, 11.4131868 47.2554361, 11.4140735 47.2555211)"
3390,6.0,,,,63.147999999999996,,5,,4.0,"LINESTRING (11.4140735 47.2555211, 11.4140356 47.2555975, 11.4138923 47.2558867, 11.4138936 47.2559505, 11.4138408 47.2560633)"
3391,9.0,,,9.0,104.767,,5,,6.000000000000001,"LINESTRING (11.4140735 47.2555211, 11.4131868 47.2554361, 11.4130847 47.2554263, 11.4128596 47.2554047, 11.4127004 47.2553836)"
3392,8.0,,,9.0,38.703,,5,,6.000000000000001,"LINESTRING (11.4140735 47.2555211, 11.4144116 47.2555548, 11.4145787 47.2555797)"
3393,8.0,,10.0,,13.704,,5,,6.000000000000001,"LINESTRING (11.4211329 47.2592105, 11.421223 47.2591035)"
3394,8.0,,10.0,,2.16,,5,,6.000000000000001,"LINESTRING (11.4211329 47.2592105, 11.4211188 47.2592274)"
3395,8.0,,,9.0,92.844,,5,,7.000000000000001,"LINESTRING (11.4211329 47.2592105, 11.4209193 47.2591457, 11.4200115 47.2588671)"
3396,8.0,,,9.0,98.848,,5,,6.000000000000001,"LINESTRING (11.4145787 47.2555797, 11.4145421 47.2556452, 11.4141135 47.2564107)"
3397,8.0,,,9.0,38.703,,5,,6.000000000000001,"LINESTRING (11.4145787 47.2555797, 11.4144116 47.2555548, 11.4140735 47.2555211)"
3398,8.0,,,9.0,102.475,,5,,6.000000000000001,"LINESTRING (11.4145787 47.2555797, 11.4151008 47.2556801, 11.4152232 47.255711, 11.4158509 47.2558964)"
3399,7.0,,7.0,,25.105,,10,,5.0,"LINESTRING (11.3935767 47.267244, 11.3936396 47.2670223)"
3400,7.0,,4.0,,47.65299999999999,,5,,5.0,"LINESTRING (11.3935767 47.267244, 11.3931454 47.2671905, 11.3930031 47.2671739, 11.3929555 47.2671669)"
3401,8.0,,,,27.259999999999998,,5,,8.0,"LINESTRING (11.3952691 47.2686406, 11.3952445 47.268658, 11.3952317 47.2686704, 11.3952179 47.2686863, 11.3952081 47.2687009, 11.3951995 47.268719, 11.3951899 47.2687439, 11.3951863 47.2687663, 11.3951871 47.2687971, 11.3951953 47.2688702)"
3402,8.0,,10.0,,61.72,,5,,7.000000000000001,"LINESTRING (11.3952691 47.2686406, 11.3953024 47.2686213, 11.3953343 47.2686071, 11.3953662 47.2685955, 11.3954121 47.2685854, 11.3954607 47.2685791, 11.3955022 47.2685791, 11.3955475 47.2685818, 11.3960524 47.2686512)"
3403,7.0,,10.0,,17.880000000000003,,5,,7.000000000000001,"LINESTRING (11.3952691 47.2686406, 11.395195 47.2685803, 11.3951303 47.2685107)"
3404,7.0,,,,26.625,,5,,7.000000000000001,"LINESTRING (11.3952691 47.2686406, 11.395308 47.2686779, 11.3953576 47.2688687)"
3405,7.0,,10.0,,24.523,,5,,4.0,"LINESTRING (11.3945445 47.265897, 11.3948604 47.2659488)"
3406,6.0,,,,43.454,,5,,4.0,"LINESTRING (11.3967649 47.2659782, 11.3968876 47.2659624, 11.3973292 47.2659003)"
3407,6.0,,,,180.62199999999999,,5,,4.0,"LINESTRING (11.4054523 47.2524925, 11.4067658 47.2524482, 11.4074117 47.2524504, 11.407648 47.2524012, 11.407782 47.2523147)"
3408,6.0,,,,9.793,,5,,6.000000000000001,"LINESTRING (11.4114545 47.257705, 11.4115604 47.2577559)"
3409,6.0,,,,63.888000000000005,,5,,5.0,"LINESTRING (11.4114545 47.257705, 11.4112509 47.2576522, 11.4107419 47.2575811, 11.4106819 47.2575194)"
3410,10.0,,,,30.42,,5,,7.000000000000001,"LINESTRING (11.4114545 47.257705, 11.4114348 47.2577422, 11.4113031 47.2579585)"
3411,10.0,,,,80.525,,5,,7.000000000000001,"LINESTRING (11.4114545 47.257705, 11.4118118 47.2571347, 11.4119125 47.2570557)"
3412,10.0,,,,9.771,,5,,6.000000000000001,"LINESTRING (11.4113031 47.2579585, 11.4113297 47.2579917, 11.4113582 47.2580379)"
3413,10.0,,,,30.42,,5,,7.000000000000001,"LINESTRING (11.4113031 47.2579585, 11.4114348 47.2577422, 11.4114545 47.257705)"
3414,10.0,,,,294.926,,5,,7.000000000000001,"LINESTRING (11.4113031 47.2579585, 11.4111613 47.2581802, 11.4110661 47.258254, 11.4108988 47.258344, 11.4106641 47.2583897, 11.4104294 47.2583853, 11.4087698 47.258136, 11.4082765 47.2580267, 11.4077982 47.257937)"
3415,8.0,,10.0,,28.254,,5,,6.000000000000001,"LINESTRING (11.4120484 47.2578762, 11.4121755 47.2576372)"
3416,8.0,,10.0,,86.221,,5,,4.0,"LINESTRING (11.4120484 47.2578762, 11.4128515 47.2580338, 11.4131558 47.2580586)"
3417,9.0,,10.0,,98.038,,5,,4.0,"LINESTRING (11.4120484 47.2578762, 11.4118352 47.2582428, 11.4117545 47.2582626, 11.4116416 47.2584689, 11.4115576 47.2585218, 11.4113972 47.2585955)"
3418,6.0,,,,25.637,,10,,4.0,"LINESTRING (11.4114362 47.2579705, 11.4115604 47.2577559)"
3419,10.0,,,,9.53,,5,,5.0,"LINESTRING (11.4114362 47.2579705, 11.4113582 47.2580379)"
3420,8.0,,10.0,9.0,175.44,,5,,7.000000000000001,"LINESTRING (11.4132012 47.2686667, 11.4154757 47.2689943)"
3421,8.0,,10.0,9.0,28.728,,5,,6.000000000000001,"LINESTRING (11.4132012 47.2686667, 11.4128244 47.2686296)"
3422,5.0,,10.0,,43.48,,5,1.0,6.000000000000001,"LINESTRING (11.4132012 47.2686667, 11.4130735 47.269048)"
3423,5.0,,,,12.406,,5,,6.000000000000001,"LINESTRING (11.3938972 47.2467894, 11.3940615 47.2467866)"
3424,6.0,,,,12.537,,5,,6.000000000000001,"LINESTRING (11.3938972 47.2467894, 11.3938599 47.2468101, 11.3938371 47.2468216, 11.3937497 47.2468347)"
3425,6.0,,,,56.410999999999994,,5,,6.000000000000001,"LINESTRING (11.3938972 47.2467894, 11.3939111 47.2467539, 11.393913 47.2467123, 11.3939211 47.2465376, 11.3939117 47.2464712, 11.3938784 47.2463834, 11.393841 47.2463356, 11.393802 47.2463021)"
3426,10.0,,10.0,,35.058,,5,,5.0,"LINESTRING (11.3850012 47.264948, 11.3847834 47.2648015, 11.3847654 47.2647852, 11.3847546 47.2647726, 11.3847456 47.2647597, 11.384733 47.2647386, 11.3847294 47.2647204, 11.3847308 47.2647036)"
3427,10.0,,10.0,,40.389,,10,,4.0,"LINESTRING (11.3850012 47.264948, 11.3851042 47.2648816, 11.3851912 47.264771, 11.3852635 47.2647652, 11.3853982 47.2647545)"
3428,6.0,,10.0,9.0,13.226,,5,,6.000000000000001,"LINESTRING (11.3853567 47.2712869, 11.3851893 47.2712516)"
3429,6.0,,10.0,9.0,85.14899999999999,,5,,6.000000000000001,"LINESTRING (11.3853567 47.2712869, 11.3857097 47.2712496, 11.386068 47.2712543, 11.3862302 47.2712564, 11.3863937 47.2712794, 11.3864709 47.2713014)"
3430,8.0,,10.0,9.0,66.47,,5,,6.000000000000001,"LINESTRING (11.3853567 47.2712869, 11.3850581 47.2715881, 11.3847918 47.271738)"
3431,8.0,,,9.0,43.009,,5,,6.000000000000001,"LINESTRING (11.3815171 47.2720039, 11.3812841 47.2723569)"
3432,8.0,,,9.0,13.101,,5,,6.000000000000001,"LINESTRING (11.3815171 47.2720039, 11.3815998 47.2719003)"
3433,8.0,,,,113.574,,5,,7.000000000000001,"LINESTRING (11.3815171 47.2720039, 11.3817712 47.272113, 11.3818891 47.2721369, 11.3821287 47.2722775, 11.3823161 47.2724369, 11.3824505 47.2725168, 11.382616 47.2725871, 11.3826582 47.2726413)"
3434,8.0,,10.0,9.0,74.051,,10,,4.0,"LINESTRING (11.4249049 47.2603701, 11.4244468 47.2601998, 11.4242754 47.2601351, 11.4240328 47.2600665)"
3435,8.0,,8.0,,188.397,,5,,4.0,"LINESTRING (11.4249049 47.2603701, 11.4244385 47.2609739, 11.4240926 47.2614236, 11.4240469 47.261483, 11.423748 47.2618715)"
3436,8.0,,10.0,9.0,46.11,,10,,4.0,"LINESTRING (11.422912 47.2597344, 11.4223567 47.2595614)"
3437,5.0,,9.0,,188.693,,5,,5.0,"LINESTRING (11.422912 47.2597344, 11.4239452 47.2581891)"
3438,8.0,,10.0,9.0,37.811,,10,,4.0,"LINESTRING (11.4234085 47.2598866, 11.4229519 47.2597466)"
3439,6.0,,,,190.161,,5,,5.0,"LINESTRING (11.4234085 47.2598866, 11.4244845 47.2583402)"
3440,6.0,,,,25.48,,5,,6.000000000000001,"LINESTRING (11.4226088 47.2580193, 11.4229191 47.2581096)"
3441,6.0,,,,31.178,,5,,6.000000000000001,"LINESTRING (11.4226088 47.2580193, 11.4225177 47.2579929, 11.4222288 47.2579093)"
3442,6.0,,,,164.275,,5,,5.0,"LINESTRING (11.4226088 47.2580193, 11.4225465 47.2580951, 11.4215489 47.2593097)"
3443,8.0,,10.0,9.0,33.506,,10,,5.0,"LINESTRING (11.4215489 47.2593097, 11.4212881 47.2592296, 11.4211329 47.2592105)"
3444,6.0,,,,164.275,,5,,5.0,"LINESTRING (11.4215489 47.2593097, 11.4225465 47.2580951, 11.4226088 47.2580193)"
3445,6.0,,,,76.477,,5,,4.0,"LINESTRING (11.4224619 47.2587234, 11.4229191 47.2581096)"
3446,6.0,,,,25.48,,5,,6.000000000000001,"LINESTRING (11.4229191 47.2581096, 11.4226088 47.2580193)"
3447,6.0,,,,33.66,,5,,6.000000000000001,"LINESTRING (11.4229191 47.2581096, 11.4233321 47.2582239)"
3448,6.0,,,,76.477,,5,,4.0,"LINESTRING (11.4229191 47.2581096, 11.4224619 47.2587234)"
3449,6.0,,,,40.887,,5,,4.0,"LINESTRING (11.4221417 47.2590339, 11.4224796 47.2591421, 11.4225809 47.2592332)"
3450,6.0,,,,35.901,,5,,4.0,"LINESTRING (11.4261859 47.2591746, 11.4259882 47.2591047, 11.4259369 47.2591003, 11.4258401 47.2591008, 11.4257363 47.2591077)"
3451,6.0,,,,167.35500000000002,,5,,6.000000000000001,"LINESTRING (11.4261859 47.2591746, 11.4258299 47.2596685, 11.4257907 47.2596913, 11.425735 47.2597086, 11.425689 47.2597044, 11.4256403 47.2596909, 11.4249231 47.2594747, 11.4245518 47.2593554)"
3452,6.0,,,,34.653999999999996,,5,,7.000000000000001,"LINESTRING (11.4261859 47.2591746, 11.4263239 47.2589661, 11.426374 47.2588903)"
3453,6.0,,,,89.516,,5,,4.0,"LINESTRING (11.4265582 47.2600423, 11.425976 47.2607437)"
3454,6.0,,,,35.900999999999996,,5,,4.0,"LINESTRING (11.4257363 47.2591077, 11.4258401 47.2591008, 11.4259369 47.2591003, 11.4259882 47.2591047, 11.4261859 47.2591746)"
3455,8.0,,10.0,,88.24,,5,,5.0,"LINESTRING (11.4245518 47.2593554, 11.4240328 47.2600665)"
3456,8.0,,10.0,,101.284,,5,,6.000000000000001,"LINESTRING (11.4245518 47.2593554, 11.4250827 47.2586111, 11.4251349 47.258535)"
3457,6.0,,,,167.355,,5,,6.000000000000001,"LINESTRING (11.4245518 47.2593554, 11.4249231 47.2594747, 11.4256403 47.2596909, 11.425689 47.2597044, 11.425735 47.2597086, 11.4257907 47.2596913, 11.4258299 47.2596685, 11.4261859 47.2591746)"
3458,6.0,,,,153.775,,5,,5.0,"LINESTRING (11.426374 47.2588903, 11.4263964 47.2588593, 11.4267723 47.2582944, 11.4268597 47.2581642, 11.4269401 47.2581891, 11.4269713 47.2581478, 11.4271923 47.2580755, 11.4273815 47.2577905)"
3459,8.0,,10.0,9.0,101.727,,5,,7.000000000000001,"LINESTRING (11.426374 47.2588903, 11.4263335 47.2588825, 11.4262841 47.2588747, 11.426235 47.2588678, 11.4261939 47.2588592, 11.4257334 47.2587149, 11.4254935 47.2586368, 11.4253501 47.2585961, 11.4251349 47.258535)"
3460,8.0,,10.0,9.0,70.12100000000001,,5,,7.000000000000001,"LINESTRING (11.426374 47.2588903, 11.426414 47.2588994, 11.4264477 47.2589068, 11.4264863 47.2589183, 11.4265386 47.2589389, 11.427203 47.2591735)"
3461,6.0,,,,34.653999999999996,,5,,7.000000000000001,"LINESTRING (11.426374 47.2588903, 11.4263239 47.2589661, 11.4261859 47.2591746)"
3462,8.0,,10.0,9.0,7.746,,10,,4.0,"LINESTRING (11.424996 47.2604022, 11.4249049 47.2603701)"
3463,6.0,,,,77.64500000000001,,5,,3.0000000000000004,"LINESTRING (11.424996 47.2604022, 11.4252889 47.2600142, 11.4252974 47.259945, 11.4253798 47.2598398, 11.4253882 47.2598262, 11.4253927 47.2598072, 11.4253833 47.2597869, 11.425363 47.2597746)"
3464,6.0,,,,77.645,,5,,3.0000000000000004,"LINESTRING (11.425363 47.2597746, 11.4253833 47.2597869, 11.4253927 47.2598072, 11.4253882 47.2598262, 11.4253798 47.2598398, 11.4252974 47.259945, 11.4252889 47.2600142, 11.424996 47.2604022)"
3465,6.0,,,,36.963,,5,,4.0,"LINESTRING (11.4240957 47.2571932, 11.424543 47.2573286)"
3466,6.0,,,,36.829,,5,,4.0,"LINESTRING (11.424543 47.2573286, 11.4247463 47.2570275)"
3467,6.0,,,,36.963,,5,,4.0,"LINESTRING (11.424543 47.2573286, 11.4240957 47.2571932)"
3468,6.0,,,,158.993,,5,,6.000000000000001,"LINESTRING (11.424543 47.2573286, 11.4242932 47.2577207, 11.4241991 47.2577419, 11.4236585 47.2575562, 11.4233503 47.2580368)"
3469,8.0,,10.0,9.0,7.072,,5,,6.000000000000001,"LINESTRING (11.4233503 47.2580368, 11.4234372 47.2580606)"
3470,6.0,,,,158.993,,5,,6.000000000000001,"LINESTRING (11.4233503 47.2580368, 11.4236585 47.2575562, 11.4241991 47.2577419, 11.4242932 47.2577207, 11.424543 47.2573286)"
3471,8.0,,10.0,9.0,83.373,,10,,6.000000000000001,"LINESTRING (11.4233503 47.2580368, 11.4231488 47.2580274, 11.4225835 47.2578796, 11.4223113 47.257799)"
3472,6.0,,,,36.829,,5,,4.0,"LINESTRING (11.4247463 47.2570275, 11.424543 47.2573286)"
3473,8.0,,10.0,9.0,90.377,,5,,6.000000000000001,"LINESTRING (11.4289621 47.2604705, 11.4292037 47.260348, 11.4293508 47.2602573, 11.4294786 47.2601513, 11.4296756 47.2599156, 11.429723 47.2598588)"
3474,8.0,,10.0,9.0,92.85199999999999,,5,,6.000000000000001,"LINESTRING (11.4289621 47.2604705, 11.4287167 47.2605535, 11.4284096 47.2606369, 11.4280907 47.2607044, 11.4278157 47.2607698)"
3475,6.0,,,,65.443,,5,,4.0,"LINESTRING (11.4289621 47.2604705, 11.4288618 47.2604033, 11.4288081 47.2603726, 11.4287487 47.2603429, 11.4286931 47.2603233, 11.4286318 47.2603124, 11.4285932 47.260313, 11.4285575 47.2603185, 11.428259 47.2604792)"
3476,6.0,,,,65.443,,5,,4.0,"LINESTRING (11.428259 47.2604792, 11.4285575 47.2603185, 11.4285932 47.260313, 11.4286318 47.2603124, 11.4286931 47.2603233, 11.4287487 47.2603429, 11.4288081 47.2603726, 11.4288618 47.2604033, 11.4289621 47.2604705)"
3477,5.0,,10.0,7.0,61.897,,5,,7.000000000000001,"LINESTRING (11.4269083 47.2639962, 11.4267812 47.2641632, 11.4266748 47.2643123, 11.4265443 47.264495)"
3478,2.0,,,7.0,47.1,10.0,10,,5.0,"LINESTRING (11.4269083 47.2639962, 11.426959 47.2638288, 11.4271167 47.2635999)"
3479,5.0,,,7.0,43.953,9.0,10,,5.0,"LINESTRING (11.4269083 47.2639962, 11.426816 47.2640018, 11.4266649 47.2639702, 11.4265381 47.2639284, 11.4263691 47.2638684)"
3480,8.0,,10.0,7.0,86.90299999999999,,5,,7.000000000000001,"LINESTRING (11.4269083 47.2639962, 11.4272046 47.2640878, 11.4276025 47.2642118, 11.4279064 47.2643014, 11.4279588 47.2643164)"
3481,8.0,,,7.0,29.286,,5,,6.000000000000001,"LINESTRING (11.4252474 47.2624015, 11.4254066 47.2621613)"
3482,6.0,,,,10.362,,5,,6.000000000000001,"LINESTRING (11.4252474 47.2624015, 11.4252238 47.2624933)"
3483,2.0,,,7.0,22.703,9.0,10,,4.0,"LINESTRING (11.4252474 47.2624015, 11.4255147 47.2624952)"
3484,8.0,,,,34.326,,10,,4.0,"LINESTRING (11.4252238 47.2624933, 11.4250313 47.262773)"
3485,6.0,,,,10.362,,5,,5.0,"LINESTRING (11.4252238 47.2624933, 11.4252474 47.2624015)"
3486,2.0,,,7.0,19.558,9.0,10,,3.0000000000000004,"LINESTRING (11.4252238 47.2624933, 11.4249953 47.2624103)"
3487,2.0,,,7.0,131.963,9.0,10,,4.0,"LINESTRING (11.4255147 47.2624952, 11.4255203 47.2624972, 11.4259315 47.2626461, 11.4270707 47.2630367)"
3488,5.0,,,7.0,41.006,10.0,10,,4.0,"LINESTRING (11.4263691 47.2638684, 11.4259703 47.2636179)"
3489,6.0,9.0,,,56.477000000000004,,5,,6.000000000000001,"LINESTRING (11.4245824 47.2661111, 11.4243973 47.2662186, 11.4240279 47.2664521)"
3490,5.0,,,7.0,36.234,,5,,7.000000000000001,"LINESTRING (11.4245824 47.2661111, 11.4247776 47.2660049, 11.4249571 47.2659073)"
3491,6.0,,,,90.816,,5,,4.0,"LINESTRING (11.4278203 47.2585614, 11.4276646 47.2585384, 11.4273754 47.2589091, 11.427203 47.2591735)"
3492,6.0,,,,153.775,,5,,5.0,"LINESTRING (11.4273815 47.2577905, 11.4271923 47.2580755, 11.4269713 47.2581478, 11.4269401 47.2581891, 11.4268597 47.2581642, 11.4267723 47.2582944, 11.4263964 47.2588593, 11.426374 47.2588903)"
3493,8.0,,10.0,9.0,70.12100000000001,,5,,7.000000000000001,"LINESTRING (11.427203 47.2591735, 11.4265386 47.2589389, 11.4264863 47.2589183, 11.4264477 47.2589068, 11.426414 47.2588994, 11.426374 47.2588903)"
3494,8.0,,10.0,9.0,41.992000000000004,,5,,6.000000000000001,"LINESTRING (11.427203 47.2591735, 11.4273279 47.259216, 11.427709 47.2593304)"
3495,6.0,,,,90.816,,5,,4.0,"LINESTRING (11.427203 47.2591735, 11.4273754 47.2589091, 11.4276646 47.2585384, 11.4278203 47.2585614)"
3496,6.0,,,,8.399,,5,,4.0,"LINESTRING (11.4288407 47.2582082, 11.4289326 47.2582508)"
3497,8.0,,10.0,9.0,17.442,,5,,6.000000000000001,"LINESTRING (11.4280627 47.2594218, 11.4278467 47.259366)"
3498,8.0,,10.0,9.0,11.427,,5,,6.000000000000001,"LINESTRING (11.4280627 47.2594218, 11.4282059 47.2594552)"
3499,6.0,,,,28.119,,5,,6.000000000000001,"LINESTRING (11.4280627 47.2594218, 11.4282153 47.2591911)"
3500,6.0,,,,9.484,,5,,4.0,"LINESTRING (11.4282668 47.2591133, 11.4282153 47.2591911)"
3501,6.0,,,,40.251,,5,,6.000000000000001,"LINESTRING (11.4292392 47.2579546, 11.4289326 47.2582508)"
3502,8.0,,,9.0,51.138999999999996,,5,,6.000000000000001,"LINESTRING (11.4292392 47.2579546, 11.4289619 47.2578254, 11.4286666 47.2577093)"
3503,8.0,,,9.0,55.192,,5,,6.000000000000001,"LINESTRING (11.4292392 47.2579546, 11.4293194 47.2579974, 11.4295639 47.2581295, 11.4298193 47.2582567)"
3504,6.0,,,,21.503,,5,,4.0,"LINESTRING (11.4291711 47.2583566, 11.4289326 47.2582508)"
3505,6.0,,,,21.503,,5,,4.0,"LINESTRING (11.4289326 47.2582508, 11.4291711 47.2583566)"
3506,6.0,,,,40.251,,5,,6.000000000000001,"LINESTRING (11.4289326 47.2582508, 11.4292392 47.2579546)"
3507,6.0,,,,8.399,,5,,4.0,"LINESTRING (11.4289326 47.2582508, 11.4288407 47.2582082)"
3508,8.0,,10.0,9.0,11.427,,5,,6.000000000000001,"LINESTRING (11.4282059 47.2594552, 11.4280627 47.2594218)"
3509,8.0,,10.0,9.0,19.435,,5,,6.000000000000001,"LINESTRING (11.4282059 47.2594552, 11.4284494 47.2595121)"
3510,6.0,,,,36.699,,5,,6.000000000000001,"LINESTRING (11.4282059 47.2594552, 11.4283268 47.2592201, 11.4282153 47.2591911)"
3511,6.0,,,,9.484,,5,,4.0,"LINESTRING (11.4282153 47.2591911, 11.4282668 47.2591133)"
3512,6.0,,,,28.119,,5,,6.000000000000001,"LINESTRING (11.4282153 47.2591911, 11.4280627 47.2594218)"
3513,6.0,,,,36.699,,5,,6.000000000000001,"LINESTRING (11.4282153 47.2591911, 11.4283268 47.2592201, 11.4282059 47.2594552)"
3514,6.0,,,,61.364999999999995,,5,,4.0,"LINESTRING (11.4282939 47.258198, 11.4284201 47.2579877, 11.4286666 47.2577093)"
3515,6.0,,,,50.563,,5,,4.0,"LINESTRING (11.4315579 47.2590976, 11.4313581 47.2589892, 11.4313347 47.2589398, 11.4315132 47.2587452)"
3516,6.0,,,,29.984,,5,,4.0,"LINESTRING (11.4326037 47.2591811, 11.4325751 47.2592522, 11.4324179 47.2593636, 11.4323813 47.2593971)"
3517,6.0,,,,34.457,,5,,4.0,"LINESTRING (11.4323839 47.2596497, 11.43226 47.2595387, 11.4320975 47.2594085)"
3518,8.0,,10.0,9.0,10.727,,5,,6.000000000000001,"LINESTRING (11.4320029 47.2593365, 11.4320975 47.2594085)"
3519,6.0,,,,26.521,,5,,4.0,"LINESTRING (11.4320029 47.2593365, 11.4317564 47.2595065)"
3520,8.0,,10.0,9.0,76.216,,5,,6.000000000000001,"LINESTRING (11.4320029 47.2593365, 11.4318633 47.2590689, 11.4315132 47.2587452)"
3521,6.0,,,,47.525000000000006,,5,,4.0,"LINESTRING (11.4311935 47.2592721, 11.4310379 47.2592479, 11.4309008 47.2591799, 11.4306794 47.2590422)"
3522,8.0,,10.0,9.0,69.499,,5,,6.000000000000001,"LINESTRING (11.4306794 47.2590422, 11.4310304 47.2587552, 11.4311655 47.2586448, 11.4313112 47.2586001)"
3523,8.0,,10.0,9.0,81.944,,5,,6.000000000000001,"LINESTRING (11.4306794 47.2590422, 11.430517 47.2591809, 11.4304013 47.2592778, 11.4299975 47.2596157)"
3524,6.0,,,,47.525000000000006,,5,,4.0,"LINESTRING (11.4306794 47.2590422, 11.4309008 47.2591799, 11.4310379 47.2592479, 11.4311935 47.2592721)"
3525,6.0,,,,26.521,,5,,4.0,"LINESTRING (11.4317564 47.2595065, 11.4320029 47.2593365)"
3526,6.0,,,,41.809,,5,,4.0,"LINESTRING (11.4341081 47.2604254, 11.4337026 47.2601692)"
3527,6.0,,,,12.11,,5,,6.000000000000001,"LINESTRING (11.4341081 47.2604254, 11.4342363 47.2604909)"
3528,6.0,,,,9.971,,5,,4.0,"LINESTRING (11.4341081 47.2604254, 11.4341574 47.2603422)"
3529,6.0,,,,30.027,,5,,4.0,"LINESTRING (11.4345003 47.2598076, 11.4343405 47.2600549)"
3530,6.0,,,,19.601,,5,,4.0,"LINESTRING (11.4342388 47.2602171, 11.434331 47.2600696, 11.4343405 47.2600549)"
3531,6.0,,,,12.74,,5,,3.0000000000000004,"LINESTRING (11.4337311 47.259431, 11.433899 47.2594429)"
3532,6.0,,,,9.971,,5,,4.0,"LINESTRING (11.4341574 47.2603422, 11.4341081 47.2604254)"
3533,6.0,,,,106.719,,5,,3.0000000000000004,"LINESTRING (11.4329348 47.2599009, 11.4333075 47.2599927, 11.4334006 47.259964, 11.433899 47.2594429)"
3534,8.0,,,,40.052,,5,,6.000000000000001,"LINESTRING (11.4237358 47.2559216, 11.4241657 47.2561328)"
3535,8.0,,,,12.16,,5,,6.000000000000001,"LINESTRING (11.4237358 47.2559216, 11.423643 47.256011)"
3536,8.0,,,,145.624,,5,,6.000000000000001,"LINESTRING (11.4237358 47.2559216, 11.4239156 47.2558193, 11.4245607 47.2556973, 11.4251573 47.2556235, 11.4253313 47.25562, 11.4255744 47.2556391)"
3537,6.0,,,,27.88,,5,,6.000000000000001,"LINESTRING (11.4099285 47.2824717, 11.4100529 47.2827078)"
3538,6.0,,,,13.203,,5,,6.000000000000001,"LINESTRING (11.4099285 47.2824717, 11.4098766 47.2823583)"
3539,6.0,,,,143.008,,5,,6.000000000000001,"LINESTRING (11.4099285 47.2824717, 11.4098441 47.282541, 11.4092582 47.2826489, 11.408724 47.2828625, 11.4082869 47.2830731)"
3540,5.0,,10.0,8.0,85.87899999999999,9.0,5,,6.000000000000001,"LINESTRING (11.4101054 47.2823924, 11.4107078 47.282499, 11.4108352 47.2825257, 11.4109637 47.2825578, 11.4110954 47.2825959, 11.4111875 47.2826264)"
3541,5.0,,10.0,8.0,17.67,9.0,5,,6.000000000000001,"LINESTRING (11.4101054 47.2823924, 11.4099666 47.2823714, 11.4098766 47.2823583)"
3542,6.0,,,7.0,44.135999999999996,,5,,6.000000000000001,"LINESTRING (11.4101054 47.2823924, 11.4102086 47.2820543, 11.4102388 47.28204, 11.4102711 47.2820248)"
3543,6.0,,10.0,,132.39700000000002,,5,,7.000000000000001,"LINESTRING (11.3988211 47.2741654, 11.3992087 47.2741391, 11.4004358 47.274056, 11.4005673 47.2740471)"
3544,6.0,,10.0,,64.905,,5,,6.000000000000001,"LINESTRING (11.3988211 47.2741654, 11.3986495 47.2741755, 11.397964 47.2742157)"
3545,6.0,,,,80.675,,5,,4.0,"LINESTRING (11.3988211 47.2741654, 11.3987528 47.2734946, 11.3988309 47.2734907)"
3546,6.0,,,,80.675,,5,,4.0,"LINESTRING (11.3988309 47.2734907, 11.3987528 47.2734946, 11.3988211 47.2741654)"
3547,8.0,,10.0,,84.87899999999999,,5,,5.0,"LINESTRING (11.4025295 47.2725408, 11.4025112 47.2724628, 11.402355 47.2717867)"
3548,8.0,,10.0,,19.587,,10,,4.0,"LINESTRING (11.4025295 47.2725408, 11.4025943 47.2725412, 11.402654 47.2725585, 11.4026992 47.2725901, 11.4027231 47.2726311)"
3549,2.0,,10.0,7.0,57.564,5.0,5,,6.000000000000001,"LINESTRING (11.3963436 47.2738368, 11.3967153 47.2742889)"
3550,6.0,,,,35.126,,5,,4.0,"LINESTRING (11.3963436 47.2738368, 11.3968085 47.2738197)"
3551,2.0,,10.0,7.0,84.492,5.0,5,,6.000000000000001,"LINESTRING (11.3963436 47.2738368, 11.396254 47.2737291, 11.3960601 47.2734368, 11.3958691 47.273149)"
3552,6.0,,,,35.126,,5,,4.0,"LINESTRING (11.3968085 47.2738197, 11.3963436 47.2738368)"
3553,7.0,,,,13.672,,5,,4.0,"LINESTRING (11.3960943 47.2699669, 11.3960742 47.2698447)"
3554,6.0,,,,37.712,,5,,4.0,"LINESTRING (11.397979 47.2745547, 11.397964 47.2742157)"
3555,6.0,,10.0,,70.365,,5,,6.000000000000001,"LINESTRING (11.397964 47.2742157, 11.3970348 47.2742702)"
3556,6.0,,,,37.712,,5,,4.0,"LINESTRING (11.397964 47.2742157, 11.397979 47.2745547)"
3557,6.0,,10.0,,64.905,,5,,6.000000000000001,"LINESTRING (11.397964 47.2742157, 11.3986495 47.2741755, 11.3988211 47.2741654)"
3558,6.0,,,,85.277,,5,,4.0,"LINESTRING (11.3998121 47.2758686, 11.3998057 47.275771, 11.3998314 47.2756748, 11.3997111 47.2751092)"
3559,8.0,,10.0,,50.228,,5,,6.000000000000001,"LINESTRING (11.3997111 47.2751092, 11.399052 47.275173)"
3560,8.0,,10.0,,81.113,,5,,7.000000000000001,"LINESTRING (11.3997111 47.2751092, 11.4006091 47.2750176, 11.4007743 47.2750008)"
3561,6.0,,,,85.277,,5,,4.0,"LINESTRING (11.3997111 47.2751092, 11.3998314 47.2756748, 11.3998057 47.275771, 11.3998121 47.2758686)"
3562,8.0,,10.0,,35.703,,5,,6.000000000000001,"LINESTRING (11.399052 47.275173, 11.3985843 47.275222)"
3563,8.0,,10.0,,50.228,,5,,6.000000000000001,"LINESTRING (11.399052 47.275173, 11.3997111 47.2751092)"
3564,6.0,,,,15.629999999999999,,5,,6.000000000000001,"LINESTRING (11.399052 47.275173, 11.3990681 47.275276, 11.3991116 47.2752983)"
3565,8.0,,10.0,,22.863,,5,,6.000000000000001,"LINESTRING (11.3984712 47.2752337, 11.3981718 47.2752655)"
3566,8.0,,10.0,,8.631,,5,,6.000000000000001,"LINESTRING (11.3984712 47.2752337, 11.3985843 47.275222)"
3567,6.0,,,,36.263000000000005,,5,,4.0,"LINESTRING (11.3984712 47.2752337, 11.3984875 47.2753269, 11.3983968 47.2754034, 11.3983487 47.2754677, 11.3983295 47.2755283)"
3568,6.0,,,,95.223,,5,,6.000000000000001,"LINESTRING (11.3991116 47.2752983, 11.3996715 47.2752377, 11.3996767 47.2753088, 11.3992644 47.2753531, 11.3991116 47.2752983)"
3569,6.0,,,,95.22299999999998,,5,,6.000000000000001,"LINESTRING (11.3991116 47.2752983, 11.3992644 47.2753531, 11.3996767 47.2753088, 11.3996715 47.2752377, 11.3991116 47.2752983)"
3570,6.0,,,,15.629999999999999,,5,,6.000000000000001,"LINESTRING (11.3991116 47.2752983, 11.3990681 47.275276, 11.399052 47.275173)"
3571,6.0,,,,36.263,,5,,4.0,"LINESTRING (11.3983295 47.2755283, 11.3983487 47.2754677, 11.3983968 47.2754034, 11.3984875 47.2753269, 11.3984712 47.2752337)"
3572,6.0,,,,91.595,,5,,4.0,"LINESTRING (11.4013269 47.2779609, 11.4011085 47.2781255, 11.401039 47.2781481, 11.4009714 47.2781337, 11.4007874 47.2780063, 11.4007492 47.2779798, 11.4004288 47.2777932)"
3573,2.0,,10.0,7.0,7.054,5.0,5,,6.000000000000001,"LINESTRING (11.3977562 47.27531, 11.3978126 47.2753606)"
3574,2.0,,10.0,7.0,115.53,5.0,5,,5.0,"LINESTRING (11.3977562 47.27531, 11.3972839 47.2748731, 11.3972095 47.2748043, 11.3968785 47.2744591)"
3575,8.0,,10.0,,31.741999999999997,,10,,5.0,"LINESTRING (11.3977562 47.27531, 11.3980567 47.2752777, 11.3981718 47.2752655)"
3576,6.0,,10.0,,2.874,,5,,6.000000000000001,"LINESTRING (11.4002469 47.2779379, 11.4002237 47.2779584)"
3577,6.0,,10.0,,21.147,,5,,6.000000000000001,"LINESTRING (11.4002469 47.2779379, 11.4004288 47.2777932)"
3578,6.0,,,,76.788,,5,,4.0,"LINESTRING (11.4002469 47.2779379, 11.3999808 47.2778033, 11.3996596 47.2776086, 11.399485 47.2774823)"
3579,6.0,,10.0,,121.12299999999999,,5,,4.0,"LINESTRING (11.3951629 47.2601696, 11.3953622 47.2597071, 11.3955366 47.2597392, 11.3953288 47.260203)"
3580,6.0,,10.0,,101.57000000000001,,10,,4.0,"LINESTRING (11.3951629 47.2601696, 11.3950968 47.2601573, 11.3938955 47.2599344, 11.3938647 47.2599285)"
3581,6.0,,,,64.603,,5,,4.0,"LINESTRING (11.404936 47.2798515, 11.4057901 47.2798939)"
3582,6.0,,,,156.688,,5,,6.000000000000001,"LINESTRING (11.407865 47.2799079, 11.4073502 47.2799237, 11.4067503 47.2799269, 11.4062121 47.2799177, 11.4057901 47.2798939)"
3583,6.0,,,,78.42999999999999,,5,,6.000000000000001,"LINESTRING (11.407865 47.2799079, 11.4080016 47.2797924, 11.4080235 47.2797436, 11.4080161 47.2796932, 11.4079053 47.2793741, 11.4079127 47.2793039, 11.4079465 47.2792513)"
3584,5.0,,,,466.005,,5,,6.000000000000001,"LINESTRING (11.407865 47.2799079, 11.4081021 47.2799013, 11.4081787 47.2798992, 11.4082906 47.2798884, 11.4084625 47.2798717, 11.409083 47.279819, 11.4104078 47.2794984, 11.4112769 47.2792313, 11.4137357 47.2786776)"
3585,8.0,,,,30.084,,10,,4.0,"LINESTRING (11.4085561 47.2782075, 11.4084693 47.2781878, 11.4082487 47.2780427)"
3586,6.0,,,,37.346000000000004,,5,,3.0000000000000004,"LINESTRING (11.4085561 47.2782075, 11.4086037 47.2782859, 11.4088614 47.2784661)"
3587,5.0,,,,12.968,,5,1.0,4.0,"LINESTRING (11.4115666 47.2529689, 11.4114849 47.2530715)"
3588,8.0,,,,34.982,,5,,6.000000000000001,"LINESTRING (11.4109831 47.2770847, 11.4106475 47.2768676)"
3589,6.0,,,,37.901,,5,,4.0,"LINESTRING (11.4109831 47.2770847, 11.4113363 47.2768423)"
3590,8.0,,,,77.626,,5,,6.000000000000001,"LINESTRING (11.4109831 47.2770847, 11.4113372 47.2773138, 11.4113841 47.2773269, 11.4116201 47.2773451, 11.411652 47.2773571, 11.4118049 47.2774596)"
3591,6.0,,,,22.763,,5,,4.0,"LINESTRING (11.4108415 47.2764861, 11.4106288 47.2763409)"
3592,6.0,,,,37.901,,5,,4.0,"LINESTRING (11.4113363 47.2768423, 11.4109831 47.2770847)"
3593,8.0,,,,41.08,,5,,5.0,"LINESTRING (11.4106288 47.2763409, 11.4102421 47.276601)"
3594,6.0,,,,22.763,,5,,4.0,"LINESTRING (11.4106288 47.2763409, 11.4108415 47.2764861)"
3595,8.0,,,,68.593,,5,,6.000000000000001,"LINESTRING (11.4106288 47.2763409, 11.4108772 47.276177, 11.4111833 47.275975, 11.4112743 47.2759067)"
3596,6.0,,,,36.349000000000004,,5,,4.0,"LINESTRING (11.4130478 47.2777322, 11.4130968 47.2776932, 11.4132822 47.2776987, 11.4134387 47.2775931)"
3597,8.0,,,,54.753,,5,,7.000000000000001,"LINESTRING (11.414108 47.2778306, 11.4135957 47.2774818)"
3598,8.0,,,,102.853,,5,,7.000000000000001,"LINESTRING (11.414108 47.2778306, 11.4150692 47.2784866)"
3599,6.0,,,,19.355,,5,,7.000000000000001,"LINESTRING (11.414108 47.2778306, 11.4140169 47.2778945, 11.4139487 47.277966)"
3600,10.0,,,,113.555,,5,,7.000000000000001,"LINESTRING (11.414108 47.2778306, 11.4140938 47.2778985, 11.4150108 47.2785323, 11.4150992 47.2785085)"
3601,8.0,,,,14.166,,10,,4.0,"LINESTRING (11.4076001 47.2784647, 11.4074646 47.2785529)"
3602,6.0,,,,30.85,,5,,3.0000000000000004,"LINESTRING (11.4076001 47.2784647, 11.4078861 47.278663)"
3603,6.0,,,,84.368,,5,,5.0,"LINESTRING (11.408288 47.2798276, 11.4081239 47.2793797, 11.4081545 47.27927, 11.4081432 47.2792394, 11.4079922 47.2791244)"
3604,6.0,,,,33.819,,5,,4.0,"LINESTRING (11.4081813 47.2789702, 11.407858 47.2787595)"
3605,6.0,,,,22.305,,5,,7.000000000000001,"LINESTRING (11.4081813 47.2789702, 11.4079922 47.2791244)"
3606,6.0,,,,17.09,,5,,6.000000000000001,"LINESTRING (11.4081813 47.2789702, 11.4083366 47.2788583)"
3607,6.0,,,,17.13,,5,,6.000000000000001,"LINESTRING (11.4134387 47.2775931, 11.4135957 47.2774818)"
3608,6.0,,,,40.395,,5,,4.0,"LINESTRING (11.4134387 47.2775931, 11.4138167 47.2778504)"
3609,6.0,,,,36.349000000000004,,5,,4.0,"LINESTRING (11.4134387 47.2775931, 11.4132822 47.2776987, 11.4130968 47.2776932, 11.4130478 47.2777322)"
3610,6.0,,,,37.346000000000004,,5,,3.0000000000000004,"LINESTRING (11.4088614 47.2784661, 11.4086037 47.2782859, 11.4085561 47.2782075)"
3611,6.0,,,,19.355,,5,,7.000000000000001,"LINESTRING (11.4139487 47.277966, 11.4140169 47.2778945, 11.414108 47.2778306)"
3612,5.0,,,,95.69,,5,,6.000000000000001,"LINESTRING (11.4139487 47.277966, 11.4137713 47.2780343, 11.4137561 47.2780562, 11.4137578 47.278078, 11.4138695 47.2783226, 11.4138431 47.27837, 11.4137967 47.2784065, 11.4136782 47.2784674, 11.4136596 47.2784915, 11.4137357 47.2786776)"
3613,5.0,,,,126.822,,5,,6.000000000000001,"LINESTRING (11.4139487 47.277966, 11.4140451 47.2779823, 11.4141924 47.278042, 11.414294 47.2781235, 11.4143584 47.2782729, 11.4143736 47.2784141, 11.4143431 47.278498, 11.4142652 47.2785738, 11.4137357 47.2786776)"
3614,6.0,,,,42.287,,5,,3.0000000000000004,"LINESTRING (11.4092872 47.2777663, 11.4096791 47.2780382)"
3615,8.0,,,,74.81400000000001,,10,,4.0,"LINESTRING (11.4092872 47.2777663, 11.4086427 47.2781958, 11.4085561 47.2782075)"
3616,5.0,,,,95.69000000000003,,5,,6.000000000000001,"LINESTRING (11.4137357 47.2786776, 11.4136596 47.2784915, 11.4136782 47.2784674, 11.4137967 47.2784065, 11.4138431 47.27837, 11.4138695 47.2783226, 11.4137578 47.278078, 11.4137561 47.2780562, 11.4137713 47.2780343, 11.4139487 47.277966)"
3617,5.0,,,,126.82200000000002,,5,,6.000000000000001,"LINESTRING (11.4137357 47.2786776, 11.4142652 47.2785738, 11.4143431 47.278498, 11.4143736 47.2784141, 11.4143584 47.2782729, 11.414294 47.2781235, 11.4141924 47.278042, 11.4140451 47.2779823, 11.4139487 47.277966)"
3618,5.0,,,,466.005,,5,,6.000000000000001,"LINESTRING (11.4137357 47.2786776, 11.4112769 47.2792313, 11.4104078 47.2794984, 11.409083 47.279819, 11.4084625 47.2798717, 11.4082906 47.2798884, 11.4081787 47.2798992, 11.4081021 47.2799013, 11.407865 47.2799079)"
3619,6.0,,,,33.819,,5,,4.0,"LINESTRING (11.407858 47.2787595, 11.4081813 47.2789702)"
3620,6.0,,,,40.395,,5,,4.0,"LINESTRING (11.4138167 47.2778504, 11.4134387 47.2775931)"
3621,8.0,,,,93.94,,5,,6.000000000000001,"LINESTRING (11.4135957 47.2774818, 11.4127117 47.2768868)"
3622,8.0,,,,54.753,,5,,7.000000000000001,"LINESTRING (11.4135957 47.2774818, 11.414108 47.2778306)"
3623,6.0,,,,17.13,,5,,6.000000000000001,"LINESTRING (11.4135957 47.2774818, 11.4134387 47.2775931)"
3624,6.0,,,,30.85,,5,,3.0000000000000004,"LINESTRING (11.4078861 47.278663, 11.4076001 47.2784647)"
3625,6.0,,,,42.287,,5,,3.0000000000000004,"LINESTRING (11.4096791 47.2780382, 11.4092872 47.2777663)"
3626,6.0,,,,3.791,,5,,6.000000000000001,"LINESTRING (11.3895296 47.2753561, 11.3895477 47.2753243)"
3627,6.0,,,,36.501000000000005,,5,,6.000000000000001,"LINESTRING (11.3895296 47.2753561, 11.3896532 47.2753909, 11.3897494 47.2754407, 11.3899075 47.2755531)"
3628,6.0,,,,25.706,,5,,7.000000000000001,"LINESTRING (11.3895296 47.2753561, 11.3893009 47.2753535, 11.3891909 47.2753392)"
3629,8.0,,,,44.088,,5,,5.0,"LINESTRING (11.3822283 47.2729093, 11.3823722 47.2728304, 11.3826582 47.2726413)"
3630,6.0,,,,116.01500000000001,,5,,5.0,"LINESTRING (11.3876181 47.2788876, 11.3873303 47.2789355, 11.3869709 47.2789112, 11.3864666 47.2789291, 11.3864214 47.2789495, 11.3864327 47.2789802, 11.3865456 47.2790134, 11.386669 47.2790729)"
3631,6.0,,,,35.312,,5,,5.0,"LINESTRING (11.3876181 47.2788876, 11.3876221 47.2788515, 11.3876296 47.2788053, 11.387643 47.2787592, 11.3876767 47.2786676, 11.3877268 47.2785805)"
3632,6.0,,10.0,,42.498000000000005,,5,,6.000000000000001,"LINESTRING (11.4084978 47.2727814, 11.4087521 47.2726249, 11.408915 47.2725246)"
3633,6.0,,10.0,,32.829,,5,,6.000000000000001,"LINESTRING (11.4084978 47.2727814, 11.4081908 47.2729703, 11.4081734 47.2729779)"
3634,6.0,,,,186.304,,5,,6.000000000000001,"LINESTRING (11.4084978 47.2727814, 11.4096524 47.2735756, 11.4102374 47.2731807)"
3635,2.0,,10.0,,16.274,10.0,10,,3.0000000000000004,"LINESTRING (11.3892214 47.266039, 11.3890261 47.2659769)"
3636,6.0,,,,34.885999999999996,10.0,5,,5.0,"LINESTRING (11.3892214 47.266039, 11.389398 47.2661043, 11.3896265 47.2661902)"
3637,2.0,,10.0,,107.77900000000001,9.0,10,,4.0,"LINESTRING (11.3890261 47.2659769, 11.3888151 47.2658377, 11.3886051 47.2656991, 11.3885729 47.2656779, 11.3884948 47.2656263, 11.3881995 47.2654088, 11.3881161 47.2653462, 11.3880309 47.2652822)"
3638,8.0,,10.0,,133.976,,5,,7.000000000000001,"LINESTRING (11.4112193 47.275565, 11.4124738 47.2747122)"
3639,8.0,,,,25.433,,5,,7.000000000000001,"LINESTRING (11.4112193 47.275565, 11.411087 47.2757618, 11.4110794 47.2757731)"
3640,8.0,,10.0,,103.992,,5,,8.0,"LINESTRING (11.4112193 47.275565, 11.4103497 47.2749551, 11.4102608 47.2748929)"
3641,8.0,,,,192.35899999999998,,5,,7.000000000000001,"LINESTRING (11.4112193 47.275565, 11.4112498 47.2755855, 11.4126745 47.2765431, 11.4130314 47.276782)"
3642,8.0,,10.0,,133.976,,5,,7.000000000000001,"LINESTRING (11.4124738 47.2747122, 11.4112193 47.275565)"
3643,8.0,,10.0,,197.218,,5,,6.000000000000001,"LINESTRING (11.4124738 47.2747122, 11.4128311 47.2749387, 11.4132109 47.2752178, 11.4139698 47.2758013, 11.4142313 47.2760228)"
3644,8.0,,,,103.879,,5,,7.000000000000001,"LINESTRING (11.4124738 47.2747122, 11.4116093 47.2741272, 11.4114989 47.2740525)"
3645,5.0,,10.0,7.0,43.03,,5,,6.000000000000001,"LINESTRING (11.4265889 47.2698221, 11.4264349 47.2694495)"
3646,5.0,,10.0,7.0,122.13000000000001,,5,,7.000000000000001,"LINESTRING (11.4265889 47.2698221, 11.4268 47.2704209, 11.4269261 47.2707785, 11.4269655 47.2708903)"
3647,6.0,,,,25.171,,5,,6.000000000000001,"LINESTRING (11.4261701 47.2681901, 11.425852 47.2682583)"
3648,6.0,,,,38.45,,5,,6.000000000000001,"LINESTRING (11.4261701 47.2681901, 11.426375 47.2685067)"
3649,6.0,,,,59.057,,5,,4.0,"LINESTRING (11.4261701 47.2681901, 11.4264013 47.2681424, 11.4269189 47.2680355)"
3650,6.0,,,,35.28,,5,,6.000000000000001,"LINESTRING (11.4273302 47.2691767, 11.426871 47.2692365)"
3651,6.0,,,,43.557,,5,,4.0,"LINESTRING (11.4273302 47.2691767, 11.427439 47.2695614)"
3652,6.0,,,,16.94,,5,,6.000000000000001,"LINESTRING (11.4273302 47.2691767, 11.4272878 47.2690271)"
3653,8.0,,10.0,,20.384,,5,,8.0,"LINESTRING (11.4261719 47.2688668, 11.4259761 47.2689931)"
3654,8.0,,,,23.98,,5,,8.0,"LINESTRING (11.4261719 47.2688668, 11.4258541 47.2688651)"
3655,5.0,,10.0,7.0,50.673,,5,,8.0,"LINESTRING (11.4261719 47.2688668, 11.426292 47.2691225, 11.4263758 47.269301)"
3656,5.0,,,7.0,47.370000000000005,,5,,7.000000000000001,"LINESTRING (11.4261719 47.2688668, 11.4260743 47.2686845, 11.4259575 47.2684664)"
3657,8.0,,10.0,7.0,79.35300000000001,,5,,8.0,"LINESTRING (11.4261719 47.2688668, 11.4264389 47.2688273, 11.4265157 47.2688159, 11.4271994 47.2687146)"
3658,6.0,,,,21.214,,10,,3.0000000000000004,"LINESTRING (11.4268644 47.269784, 11.4265889 47.2698221)"
3659,6.0,,,,59.694,,5,,4.0,"LINESTRING (11.4268644 47.269784, 11.4267214 47.269256)"
3660,6.0,,,,21.128,,5,,6.000000000000001,"LINESTRING (11.4263758 47.269301, 11.4266508 47.2692652)"
3661,5.0,,,7.0,17.104,,5,,6.000000000000001,"LINESTRING (11.4263758 47.269301, 11.4264349 47.2694495)"
3662,5.0,,10.0,7.0,50.673,,5,,8.0,"LINESTRING (11.4263758 47.269301, 11.426292 47.2691225, 11.4261719 47.2688668)"
3663,6.0,,,,35.269,,5,,6.000000000000001,"LINESTRING (11.4272878 47.2690271, 11.426828 47.2690842)"
3664,6.0,,,,16.94,,5,,6.000000000000001,"LINESTRING (11.4272878 47.2690271, 11.4273302 47.2691767)"
3665,6.0,,,,18.376,,5,,6.000000000000001,"LINESTRING (11.4272878 47.2690271, 11.4272419 47.2688648)"
3666,6.0,,,,35.258,,5,,6.000000000000001,"LINESTRING (11.426783 47.2689246, 11.4272419 47.2688648)"
3667,6.0,,,,18.069,,5,,6.000000000000001,"LINESTRING (11.426783 47.2689246, 11.426828 47.2690842)"
3668,6.0,,,,49.793,,5,,6.000000000000001,"LINESTRING (11.426783 47.2689246, 11.4266212 47.2689457, 11.4265871 47.2689671, 11.4265735 47.2690022, 11.4266508 47.2692652)"
3669,6.0,,,,43.557,,5,,4.0,"LINESTRING (11.427439 47.2695614, 11.4273302 47.2691767)"
3670,6.0,,,,35.269,,5,,6.000000000000001,"LINESTRING (11.426828 47.2690842, 11.4272878 47.2690271)"
3671,6.0,,,,17.243,,5,,6.000000000000001,"LINESTRING (11.426828 47.2690842, 11.426871 47.2692365)"
3672,6.0,,,,18.069,,5,,6.000000000000001,"LINESTRING (11.426828 47.2690842, 11.426783 47.2689246)"
3673,5.0,,10.0,7.0,26.946,,5,,6.000000000000001,"LINESTRING (11.4252563 47.2672687, 11.4253929 47.2674926)"
3674,5.0,,10.0,7.0,92.584,,5,,6.000000000000001,"LINESTRING (11.4252563 47.2672687, 11.4251503 47.2670999, 11.4249585 47.2667769, 11.4248736 47.266634, 11.4248247 47.2665515, 11.4247928 47.2664978)"
3675,8.0,,10.0,7.0,112.567,9.0,5,,6.000000000000001,"LINESTRING (11.4252563 47.2672687, 11.4253934 47.2672012, 11.4257554 47.267023, 11.4264639 47.2666743)"
3676,6.0,,,,17.007,,5,,6.000000000000001,"LINESTRING (11.4271994 47.2687146, 11.4272419 47.2688648)"
3677,8.0,,10.0,7.0,6.089,,5,,6.000000000000001,"LINESTRING (11.4271994 47.2687146, 11.4272781 47.2687025)"
3678,8.0,,10.0,7.0,79.35300000000001,,5,,8.0,"LINESTRING (11.4271994 47.2687146, 11.4265157 47.2688159, 11.4264389 47.2688273, 11.4261719 47.2688668)"
3679,6.0,,,,15.0,,5,,6.000000000000001,"LINESTRING (11.4272781 47.2687025, 11.4272393 47.2685702)"
3680,8.0,,10.0,7.0,6.089,,5,,6.000000000000001,"LINESTRING (11.4272781 47.2687025, 11.4271994 47.2687146)"
3681,8.0,,10.0,7.0,389.292,,5,,5.0,"LINESTRING (11.4272781 47.2687025, 11.4323388 47.268021)"
3682,6.0,,,,15.0,,5,,6.000000000000001,"LINESTRING (11.4272393 47.2685702, 11.4272781 47.2687025)"
3683,6.0,,,,81.876,,5,,6.000000000000001,"LINESTRING (11.4272393 47.2685702, 11.4271878 47.2683993, 11.426375 47.2685067)"
3684,6.0,,,,72.94200000000001,,5,,6.000000000000001,"LINESTRING (11.4272393 47.2685702, 11.4265872 47.2686536, 11.426375 47.2685067)"
3685,8.0,,10.0,7.0,52.963,9.0,5,,6.000000000000001,"LINESTRING (11.4270197 47.2663834, 11.4264639 47.2666743)"
3686,8.0,,10.0,7.0,22.216,9.0,5,,6.000000000000001,"LINESTRING (11.4270197 47.2663834, 11.4272454 47.2662551)"
3687,8.0,,,,432.90500000000003,,5,,6.000000000000001,"LINESTRING (11.4270197 47.2663834, 11.4280317 47.2672796, 11.4282827 47.2673628, 11.4284856 47.2673761, 11.4308254 47.2671032, 11.4311837 47.2670623, 11.4320292 47.2669868)"
3688,6.0,,,,59.057,,5,,4.0,"LINESTRING (11.4269189 47.2680355, 11.4264013 47.2681424, 11.4261701 47.2681901)"
3689,6.0,,,,35.258,,5,,6.000000000000001,"LINESTRING (11.4272419 47.2688648, 11.426783 47.2689246)"
3690,6.0,,,,18.376,,5,,6.000000000000001,"LINESTRING (11.4272419 47.2688648, 11.4272878 47.2690271)"
3691,6.0,,,,17.007,,5,,6.000000000000001,"LINESTRING (11.4272419 47.2688648, 11.4271994 47.2687146)"
3692,6.0,,,,25.171,,5,,6.000000000000001,"LINESTRING (11.425852 47.2682583, 11.4261701 47.2681901)"
3693,5.0,,10.0,7.0,14.524,,5,,6.000000000000001,"LINESTRING (11.425852 47.2682583, 11.4257852 47.2681358)"
3694,5.0,,10.0,7.0,24.47,,5,,5.0,"LINESTRING (11.425852 47.2682583, 11.425919 47.2683906, 11.4259575 47.2684664)"
3695,6.0,,,,38.45,,5,,6.000000000000001,"LINESTRING (11.426375 47.2685067, 11.4261701 47.2681901)"
3696,6.0,,,,72.94200000000001,,5,,6.000000000000001,"LINESTRING (11.426375 47.2685067, 11.4265872 47.2686536, 11.4272393 47.2685702)"
3697,6.0,,,,81.876,,5,,6.000000000000001,"LINESTRING (11.426375 47.2685067, 11.4271878 47.2683993, 11.4272393 47.2685702)"
3698,5.0,,,7.0,45.836,9.0,10,,4.0,"LINESTRING (11.4247928 47.2664978, 11.4246591 47.266252, 11.4245824 47.2661111)"
3699,6.0,,,,67.202,,10,,4.0,"LINESTRING (11.4247928 47.2664978, 11.424622 47.2663837, 11.4245336 47.2663496, 11.4244882 47.2663415, 11.4243663 47.2663367, 11.4242253 47.2663724, 11.4240279 47.2664521)"
3700,5.0,,10.0,7.0,92.584,,5,,5.0,"LINESTRING (11.4247928 47.2664978, 11.4248247 47.2665515, 11.4248736 47.266634, 11.4249585 47.2667769, 11.4251503 47.2670999, 11.4252563 47.2672687)"
3701,2.0,,10.0,7.0,115.90299999999999,,10,,5.0,"LINESTRING (11.4279507 47.2633724, 11.4277226 47.2633593, 11.4276549 47.26336, 11.4275281 47.2633863, 11.4274061 47.2634473, 11.4273129 47.2635285, 11.4271191 47.2637915, 11.4270116 47.2639196, 11.4269083 47.2639962)"
3702,2.0,,,6.0,84.763,10.0,10,,2.0,"LINESTRING (11.4279507 47.2633724, 11.4274161 47.2632229, 11.4269136 47.2630796)"
3703,6.0,,,7.0,17.076,,10,,4.0,"LINESTRING (11.4339696 47.2630148, 11.4340162 47.2629931, 11.43407 47.2629812, 11.4341266 47.2629802, 11.4341812 47.2629902)"
3704,8.0,,10.0,7.0,103.293,9.0,5,,6.000000000000001,"LINESTRING (11.4318654 47.2647851, 11.4304978 47.2648253)"
3705,8.0,,10.0,7.0,154.639,9.0,5,,6.000000000000001,"LINESTRING (11.4318654 47.2647851, 11.4339127 47.2647232)"
3706,8.0,,,,245.13,9.0,5,,6.000000000000001,"LINESTRING (11.4318654 47.2647851, 11.4318674 47.2648179, 11.4318741 47.2649146, 11.4318942 47.2651834, 11.4320292 47.2669868)"
3707,8.0,,10.0,9.0,17.311,9.0,5,,6.000000000000001,"LINESTRING (11.434242 47.2621075, 11.4343569 47.2620967, 11.4344057 47.2620921, 11.4344692 47.262086)"
3708,8.0,,10.0,9.0,146.59099999999998,,5,,6.000000000000001,"LINESTRING (11.434242 47.2621075, 11.4340471 47.2621464, 11.4334037 47.2623363, 11.4331772 47.2624127, 11.4330115 47.2624639, 11.4328523 47.2625104, 11.4327225 47.2625428, 11.4326295 47.2625597, 11.4325555 47.2625715, 11.4324933 47.2625742, 11.4324368 47.262572)"
3709,6.0,,,,24.753,9.0,5,,5.0,"LINESTRING (11.4268161 47.2652827, 11.4265237 47.2651818)"
3710,6.0,,,,168.227,9.0,5,,6.000000000000001,"LINESTRING (11.4268161 47.2652827, 11.4270526 47.2654367, 11.4271678 47.2654498, 11.427278 47.2654324, 11.427911 47.265062, 11.4285439 47.2646915)"
3711,6.0,,,,31.506,,5,,4.0,"LINESTRING (11.4268161 47.2652827, 11.4270811 47.2653902, 11.4271264 47.2653968, 11.4271847 47.2653816)"
3712,2.0,,10.0,6.0,168.539,5.0,10,,4.0,"LINESTRING (11.4303114 47.2636762, 11.430738 47.2637076, 11.4310906 47.2637193, 11.4319046 47.2637349, 11.4320577 47.2636744, 11.4321197 47.2636595, 11.4321874 47.2636334, 11.4322661 47.2635915, 11.4323335 47.2635211, 11.4323789 47.2634664)"
3713,8.0,,,7.0,77.58500000000001,,5,,7.000000000000001,"LINESTRING (11.4287759 47.2733744, 11.4290722 47.2732921, 11.4291387 47.2732737, 11.4297281 47.2731109)"
3714,5.0,,,7.0,48.281,,5,,6.000000000000001,"LINESTRING (11.4287759 47.2733744, 11.4285905 47.2732323, 11.4285469 47.2731989, 11.4283517 47.2730493)"
3715,6.0,,,,29.764,9.0,5,,7.000000000000001,"LINESTRING (11.4287759 47.2733744, 11.4289134 47.273378, 11.4290569 47.2734021, 11.4291389 47.2734509)"
3716,5.0,,,7.0,48.281,,5,,6.000000000000001,"LINESTRING (11.4283517 47.2730493, 11.4285469 47.2731989, 11.4285905 47.2732323, 11.4287759 47.2733744)"
3717,5.0,,10.0,7.0,264.033,,5,,7.000000000000001,"LINESTRING (11.4283517 47.2730493, 11.4279085 47.2725998, 11.4278975 47.272586, 11.4276073 47.2722201, 11.4274005 47.2719072, 11.4273057 47.2717246, 11.4271544 47.2713961, 11.4271261 47.2713254, 11.4269655 47.2708903)"
3718,5.0,,10.0,,116.833,,5,,6.000000000000001,"LINESTRING (11.4298183 47.2739541, 11.4308483 47.2747387)"
3719,5.0,,,,106.493,,5,,6.000000000000001,"LINESTRING (11.4298183 47.2739541, 11.4293967 47.2741175, 11.4292347 47.2742135, 11.4287875 47.2743614, 11.4285745 47.2743704)"
3720,5.0,,,,20.756999999999998,,5,,5.0,"LINESTRING (11.4298183 47.2739541, 11.4299235 47.2739019, 11.4299627 47.2738824, 11.4300387 47.2738424)"
3721,8.0,,10.0,7.0,13.16,9.0,5,,4.0,"LINESTRING (11.4340664 47.2715933, 11.4342164 47.2715329)"
3722,8.0,,10.0,7.0,99.007,9.0,5,,6.000000000000001,"LINESTRING (11.4340664 47.2715933, 11.4329773 47.27209)"
3723,6.0,,,,60.564,,5,,5.0,"LINESTRING (11.4340664 47.2715933, 11.4336909 47.2711119)"
3724,6.0,,,,151.358,,5,,3.0000000000000004,"LINESTRING (11.398568 47.2507356, 11.3987752 47.2507809, 11.3990086 47.2508519, 11.3992567 47.2509457, 11.3994847 47.2510486, 11.3998253 47.2511869, 11.3999433 47.2512652, 11.3999929 47.2513353, 11.4000345 47.2514091, 11.400037 47.2515321)"
3725,5.0,,,,277.39200000000005,,5,,5.0,"LINESTRING (11.3917036 47.244334, 11.3917954 47.2442988, 11.392755 47.245301, 11.393802 47.2463021)"
3726,2.0,,10.0,6.0,257.605,9.0,5,,5.0,"LINESTRING (11.3917036 47.244334, 11.3919448 47.2446147, 11.3920981 47.2447734, 11.3922802 47.2449536, 11.3925137 47.2451805, 11.393515 47.2461303, 11.3936186 47.2462498)"
3727,6.0,,10.0,7.0,16.579,5.0,5,,7.000000000000001,"LINESTRING (11.4057906 47.2643063, 11.4055797 47.2643481)"
3728,6.0,,10.0,7.0,74.936,5.0,5,,8.0,"LINESTRING (11.4057906 47.2643063, 11.405819 47.2643037, 11.4062333 47.2642661, 11.4066102 47.2642294, 11.4067659 47.264191)"
3729,10.0,,,,15.152000000000001,,5,,7.000000000000001,"LINESTRING (11.4057906 47.2643063, 11.4058036 47.2644209, 11.405805 47.2644422)"
3730,10.0,,,,6.141,,5,,7.000000000000001,"LINESTRING (11.4057906 47.2643063, 11.4057871 47.2642716, 11.405785 47.2642512)"
3731,6.0,,,,15.289,,10,,4.0,"LINESTRING (11.4288358 47.2644363, 11.4287786 47.2645682)"
3732,6.0,,,,130.43,,5,,4.0,"LINESTRING (11.4302018 47.2639519, 11.4306323 47.2639107, 11.4308606 47.2639401, 11.4319206 47.2639763)"
3733,6.0,,,,106.652,,5,,7.000000000000001,"LINESTRING (11.4302018 47.2639519, 11.4298606 47.2646695, 11.4297049 47.2648453)"
3734,6.0,,,,9.81,,10,,2.0,"LINESTRING (11.4288385 47.2643481, 11.4288358 47.2644363)"
3735,6.0,,,,63.135,,10,,3.0000000000000004,"LINESTRING (11.4288385 47.2643481, 11.4284492 47.2642674, 11.4280399 47.2641788)"
3736,6.0,,,,130.43,,5,,3.0000000000000004,"LINESTRING (11.4319206 47.2639763, 11.4308606 47.2639401, 11.4306323 47.2639107, 11.4302018 47.2639519)"
3737,6.0,,,,57.053999999999995,,5,,6.000000000000001,"LINESTRING (11.4345121 47.2660221, 11.4346701 47.266033, 11.4347549 47.2660389, 11.4348351 47.2660411, 11.4349265 47.2660392, 11.4350172 47.2660309, 11.4351199 47.2660199, 11.4352626 47.266003)"
3738,6.0,,,,9.169,,5,,6.000000000000001,"LINESTRING (11.4345121 47.2660221, 11.4345044 47.2660348, 11.4344908 47.2660449, 11.4344729 47.2660514, 11.4344529 47.2660533, 11.4344347 47.2660509, 11.4344186 47.2660448, 11.4344161 47.266043)"
3739,6.0,,,,3.05,,5,,6.000000000000001,"LINESTRING (11.4345121 47.2660221, 11.4345129 47.2660084, 11.4345069 47.2659953)"
3740,10.0,,,,256.398,,5,,6.000000000000001,"LINESTRING (11.4105027 47.2591051, 11.4071806 47.258622)"
3741,10.0,,10.0,,21.36,,5,,5.0,"LINESTRING (11.4105027 47.2591051, 11.410397 47.2592833)"
3742,10.0,,10.0,,55.677,,5,,4.0,"LINESTRING (11.4105027 47.2591051, 11.4108772 47.2588439, 11.411037 47.2587614)"
3743,5.0,,10.0,7.0,41.357,9.0,10,,4.0,"LINESTRING (11.41231 47.2571333, 11.4121471 47.2573404, 11.4120536 47.257462)"
3744,9.0,,10.0,,98.038,,5,,4.0,"LINESTRING (11.4113972 47.2585955, 11.4115576 47.2585218, 11.4116416 47.2584689, 11.4117545 47.2582626, 11.4118352 47.2582428, 11.4120484 47.2578762)"
3745,8.0,,,,100.861,,10,,5.0,"LINESTRING (11.4084115 47.261738, 11.407098 47.2615702)"
3746,8.0,,10.0,,22.451999999999998,,5,,6.000000000000001,"LINESTRING (11.4084115 47.261738, 11.4085158 47.2617568, 11.408643 47.2617808, 11.4086985 47.2617912)"
3747,8.0,,10.0,,25.505,,5,,5.0,"LINESTRING (11.4053575 47.2617991, 11.4053834 47.2620278)"
3748,8.0,,10.0,,61.800999999999995,,10,,4.0,"LINESTRING (11.4053575 47.2617991, 11.4052952 47.2614609, 11.4052928 47.2614445, 11.4052866 47.2614028, 11.4052783 47.2613504, 11.4052837 47.2612466)"
3749,6.0,,10.0,7.0,26.701,9.0,5,,7.000000000000001,"LINESTRING (11.4086985 47.2617912, 11.4088256 47.2615671)"
3750,8.0,,,,11.875,,5,,7.000000000000001,"LINESTRING (11.4086985 47.2617912, 11.4088384 47.2618401)"
3751,6.0,,10.0,,176.851,,5,,8.0,"LINESTRING (11.4086985 47.2617912, 11.4086408 47.2618968, 11.4084908 47.2621724, 11.408277 47.262567, 11.4080452 47.2630607, 11.4079776 47.2632411, 11.4079782 47.2633004)"
3752,8.0,,10.0,,22.451999999999998,,5,,6.000000000000001,"LINESTRING (11.4086985 47.2617912, 11.408643 47.2617808, 11.4085158 47.2617568, 11.4084115 47.261738)"
3753,10.0,,,,18.091,,5,,6.000000000000001,"LINESTRING (11.4119125 47.2570557, 11.4121522 47.2570541)"
3754,10.0,,,,12.073,,5,,6.000000000000001,"LINESTRING (11.4119125 47.2570557, 11.4119613 47.2569523)"
3755,10.0,,,,80.525,,5,,7.000000000000001,"LINESTRING (11.4119125 47.2570557, 11.4118118 47.2571347, 11.4114545 47.257705)"
3756,7.0,,,,27.894,10.0,10,,5.0,"LINESTRING (11.4125263 47.2568253, 11.4125605 47.2569558, 11.4125617 47.2570741)"
3757,5.0,,10.0,7.0,27.735,9.0,10,,4.0,"LINESTRING (11.4125263 47.2568253, 11.4124405 47.256961, 11.4123746 47.2570524)"
3758,7.0,,,,31.829,10.0,10,,3.0000000000000004,"LINESTRING (11.4125263 47.2568253, 11.4123369 47.2569729, 11.4122039 47.2569796)"
3759,10.0,,,,67.924,,5,,4.0,"LINESTRING (11.411061 47.2585234, 11.410952 47.2583902, 11.4111172 47.2583115, 11.4112415 47.2582105, 11.4113582 47.2580379)"
3760,8.0,,10.0,,9.064,,5,,6.000000000000001,"LINESTRING (11.4122039 47.2569796, 11.4120848 47.2569691)"
3761,5.0,,10.0,,367.3689999999999,9.0,10,,4.0,"LINESTRING (11.4122039 47.2569796, 11.4123086 47.2568454, 11.4124073 47.2567091, 11.4124532 47.2565949, 11.4126105 47.2561269, 11.4128682 47.2555483, 11.4129463 47.2553267, 11.4132475 47.2544155, 11.4133233 47.2542074, 11.4133922 47.2540066, 11.4134068 47.2539609, 11.4134072 47.253914, 11.4133989 47.2538788, 11.4133423 47.2538022)"
3762,6.0,,,,9.813,,5,,6.000000000000001,"LINESTRING (11.4077982 47.257937, 11.4077617 47.2580217)"
3763,6.0,,,,13.5,,5,,5.0,"LINESTRING (11.4077982 47.257937, 11.4078371 47.2578554, 11.4078533 47.2578215)"
3764,10.0,,10.0,,177.82799999999997,,5,,6.000000000000001,"LINESTRING (11.4077982 47.257937, 11.4074311 47.2578719, 11.4069995 47.2578006, 11.406866 47.2578019, 11.4059673 47.2577251, 11.4058647 47.2576933, 11.4057838 47.2576298, 11.4056918 47.2575046, 11.4056411 47.2575066)"
3765,10.0,,,,294.926,,5,,7.000000000000001,"LINESTRING (11.4077982 47.257937, 11.4082765 47.2580267, 11.4087698 47.258136, 11.4104294 47.2583853, 11.4106641 47.2583897, 11.4108988 47.258344, 11.4110661 47.258254, 11.4111613 47.2581802, 11.4113031 47.2579585)"
3766,6.0,,,,9.793,,5,,6.000000000000001,"LINESTRING (11.4115604 47.2577559, 11.4114545 47.257705)"
3767,6.0,,,,83.059,,10,,3.0000000000000004,"LINESTRING (11.4115604 47.2577559, 11.4119021 47.2572329, 11.4120997 47.2571207)"
3768,10.0,,10.0,,55.677,,5,,4.0,"LINESTRING (11.411037 47.2587614, 11.4108772 47.2588439, 11.4105027 47.2591051)"
3769,6.0,,,,58.485,,5,,4.0,"LINESTRING (11.4051521 47.2597464, 11.4048808 47.2596998, 11.4043882 47.2597338)"
3770,8.0,,10.0,,52.394,,5,,6.000000000000001,"LINESTRING (11.4043882 47.2597338, 11.4044761 47.2602012)"
3771,8.0,,10.0,,38.005,,5,,6.000000000000001,"LINESTRING (11.4043882 47.2597338, 11.4043433 47.2594647, 11.4043438 47.2594269, 11.4043572 47.259395)"
3772,6.0,,,,58.485,,5,,4.0,"LINESTRING (11.4043882 47.2597338, 11.4048808 47.2596998, 11.4051521 47.2597464)"
3773,8.0,,10.0,,16.637,,5,,4.0,"LINESTRING (11.4054987 47.2612797, 11.4052837 47.2612466)"
3774,8.0,,10.0,,58.866,,10,,4.0,"LINESTRING (11.4054987 47.2612797, 11.4054438 47.2614164, 11.4054167 47.2614839, 11.4053575 47.2617991)"
3775,8.0,,10.0,,22.253999999999998,,5,,4.0,"LINESTRING (11.4054987 47.2612797, 11.4056227 47.2612999, 11.4057856 47.261326)"
3776,8.0,,10.0,,49.13,,5,,6.000000000000001,"LINESTRING (11.4045267 47.2606417, 11.4044761 47.2602012)"
3777,8.0,,10.0,,100.095,,5,,5.0,"LINESTRING (11.4045267 47.2606417, 11.404543 47.2607415, 11.4045644 47.2608543, 11.4045851 47.2609416, 11.4046263 47.2610132, 11.4046868 47.2610775, 11.4047441 47.2611134, 11.4047641 47.2611243, 11.4048871 47.2611641, 11.4051057 47.2612141, 11.4052837 47.2612466)"
3778,6.0,,,,87.90899999999999,,5,,4.0,"LINESTRING (11.4045267 47.2606417, 11.4047893 47.2606126, 11.4049426 47.2606036, 11.4049792 47.2603813, 11.4050064 47.2603239, 11.4050637 47.2603004, 11.405321 47.2602771)"
3779,6.0,,,,87.90899999999999,,5,,4.0,"LINESTRING (11.405321 47.2602771, 11.4050637 47.2603004, 11.4050064 47.2603239, 11.4049792 47.2603813, 11.4049426 47.2606036, 11.4047893 47.2606126, 11.4045267 47.2606417)"
3780,7.0,,,,75.87100000000001,,5,,3.0000000000000004,"LINESTRING (11.4054369 47.2602827, 11.4059244 47.260369, 11.4060228 47.2603442, 11.4064056 47.2604146)"
3781,8.0,,,,16.231,,10,,4.0,"LINESTRING (11.4064056 47.2604146, 11.4066104 47.2604592)"
3782,7.0,,,,75.87100000000001,,5,,3.0000000000000004,"LINESTRING (11.4064056 47.2604146, 11.4060228 47.2603442, 11.4059244 47.260369, 11.4054369 47.2602827)"
3783,8.0,,,,19.856,,10,,3.0000000000000004,"LINESTRING (11.4060438 47.2613062, 11.4063053 47.2612864)"
3784,8.0,,,,102.832,,10,,3.0000000000000004,"LINESTRING (11.4060438 47.2613062, 11.4064056 47.2604146)"
3785,6.0,,10.0,,30.865,,5,,7.000000000000001,"LINESTRING (11.3831424 47.263035, 11.3834625 47.2628622)"
3786,6.0,,10.0,,30.865,,5,,7.000000000000001,"LINESTRING (11.3831424 47.263035, 11.3834625 47.2628622)"
3787,6.0,,,,16.663,,5,,7.000000000000001,"LINESTRING (11.3831424 47.263035, 11.3832822 47.263151)"
3788,6.0,,10.0,,99.67,,5,,7.000000000000001,"LINESTRING (11.3831424 47.263035, 11.3830134 47.2628988, 11.3828217 47.2626748, 11.3825408 47.2623715, 11.3824957 47.2622584)"
3789,8.0,,10.0,,24.784,,5,,7.000000000000001,"LINESTRING (11.404092 47.2571218, 11.4040644 47.2573439)"
3790,6.0,,,,98.434,,5,,4.0,"LINESTRING (11.404092 47.2571218, 11.4041533 47.2571213, 11.4042842 47.2571202, 11.4042716 47.2572073, 11.4043097 47.2572353, 11.4050716 47.257291, 11.4051155 47.2572754, 11.4051676 47.2572088)"
3791,8.0,,10.0,,30.162,,5,,6.000000000000001,"LINESTRING (11.404092 47.2571218, 11.4040982 47.2569197, 11.4041003 47.2568506)"
3792,6.0,,,,41.69,,5,,4.0,"LINESTRING (11.4046329 47.2566375, 11.4044736 47.2565952, 11.4043419 47.2568381)"
3793,6.0,,,,60.048,,5,,6.000000000000001,"LINESTRING (11.4056101 47.2567292, 11.40587 47.2562188)"
3794,6.0,,,,98.506,,5,,4.0,"LINESTRING (11.4056101 47.2567292, 11.4053644 47.2571947, 11.4053644 47.2572373, 11.405418 47.2572724, 11.4058374 47.2573615)"
3795,6.0,,,,50.965999999999994,,5,,4.0,"LINESTRING (11.4056101 47.2567292, 11.4060842 47.256841, 11.4061627 47.2568441, 11.406232 47.2568002)"
3796,6.0,,,,50.966,,5,,4.0,"LINESTRING (11.406232 47.2568002, 11.4061627 47.2568441, 11.4060842 47.256841, 11.4056101 47.2567292)"
3797,6.0,,,,68.21,,5,,5.0,"LINESTRING (11.4054405 47.256781, 11.405699 47.2562727, 11.405685 47.2561976)"
3798,6.0,,,,98.43399999999998,,5,,4.0,"LINESTRING (11.4051676 47.2572088, 11.4051155 47.2572754, 11.4050716 47.257291, 11.4043097 47.2572353, 11.4042716 47.2572073, 11.4042842 47.2571202, 11.4041533 47.2571213, 11.404092 47.2571218)"
3799,8.0,,,,14.16,,5,,7.000000000000001,"LINESTRING (11.405685 47.2561976, 11.40587 47.2562188)"
3800,8.0,,,,27.186,,5,,7.000000000000001,"LINESTRING (11.405685 47.2561976, 11.4053298 47.2561569)"
3801,6.0,,,,68.21,,5,,5.0,"LINESTRING (11.405685 47.2561976, 11.405699 47.2562727, 11.4054405 47.256781)"
3802,6.0,,,,84.947,,5,,5.0,"LINESTRING (11.405685 47.2561976, 11.4057077 47.2560711, 11.4059272 47.2557075, 11.4062629 47.2557936)"
3803,6.0,,,,98.506,,5,,4.0,"LINESTRING (11.4058374 47.2573615, 11.405418 47.2572724, 11.4053644 47.2572373, 11.4053644 47.2571947, 11.4056101 47.2567292)"
3804,6.0,,,,18.286,,5,,6.000000000000001,"LINESTRING (11.4043419 47.2568381, 11.4041003 47.2568506)"
3805,6.0,,,,29.904,,5,,4.0,"LINESTRING (11.4043419 47.2568381, 11.4043589 47.2568795, 11.4046752 47.25695)"
3806,6.0,,,,41.69,,5,,4.0,"LINESTRING (11.4043419 47.2568381, 11.4044736 47.2565952, 11.4046329 47.2566375)"
3807,6.0,,,,29.904,,5,,4.0,"LINESTRING (11.4046752 47.25695, 11.4043589 47.2568795, 11.4043419 47.2568381)"
3808,8.0,,,,14.16,,5,,7.000000000000001,"LINESTRING (11.40587 47.2562188, 11.405685 47.2561976)"
3809,6.0,,,,60.048,,5,,6.000000000000001,"LINESTRING (11.40587 47.2562188, 11.4056101 47.2567292)"
3810,8.0,,,,145.353,,5,,7.000000000000001,"LINESTRING (11.40587 47.2562188, 11.4065169 47.2562929, 11.4072206 47.2563507, 11.4075291 47.2563761, 11.4077775 47.2563971)"
3811,6.0,,,,63.888000000000005,,5,,5.0,"LINESTRING (11.4106819 47.2575194, 11.4107419 47.2575811, 11.4112509 47.2576522, 11.4114545 47.257705)"
3812,8.0,,,,98.906,,5,,6.000000000000001,"LINESTRING (11.4024657 47.2521569, 11.4023538 47.2523016, 11.4023219 47.2524512, 11.402338 47.253026)"
3813,8.0,,,,38.95,,5,,6.000000000000001,"LINESTRING (11.4024657 47.2521569, 11.4026613 47.2522193, 11.4029171 47.2523256)"
3814,8.0,,10.0,,126.416,,5,,6.000000000000001,"LINESTRING (11.4024657 47.2521569, 11.402357 47.2521293, 11.4023022 47.2521154, 11.4021942 47.252088, 11.4018723 47.2520388, 11.4016788 47.2520215, 11.4014421 47.2520284, 11.4012423 47.2520527, 11.401078 47.2520911, 11.4008678 47.2521782)"
3815,8.0,,,,36.208,,5,,6.000000000000001,"LINESTRING (11.402338 47.253026, 11.4023952 47.2533493)"
3816,8.0,,,,98.906,,5,,6.000000000000001,"LINESTRING (11.402338 47.253026, 11.4023219 47.2524512, 11.4023538 47.2523016, 11.4024657 47.2521569)"
3817,6.0,,,,52.024,,5,,6.000000000000001,"LINESTRING (11.402338 47.253026, 11.4022967 47.2530259, 11.4019619 47.2530253, 11.4018033 47.2530681, 11.401661 47.2530734)"
3818,6.0,,,,7.266,,5,,6.000000000000001,"LINESTRING (11.4029171 47.2523256, 11.4028854 47.2523873)"
3819,8.0,,10.0,,171.728,,5,,6.000000000000001,"LINESTRING (11.4029171 47.2523256, 11.4031004 47.2523947, 11.4035655 47.2525633, 11.4041449 47.2527734, 11.4042579 47.2528266, 11.4043269 47.2529347, 11.4044679 47.2531686, 11.4045274 47.2532968)"
3820,8.0,,,,38.95,,5,,6.000000000000001,"LINESTRING (11.4029171 47.2523256, 11.4026613 47.2522193, 11.4024657 47.2521569)"
3821,6.0,,,,31.02,,5,,4.0,"LINESTRING (11.4013951 47.2533437, 11.4014639 47.2532331, 11.4015111 47.2531283, 11.4015058 47.2530791)"
3822,8.0,,10.0,,5.934,,5,,5.0,"LINESTRING (11.4009117 47.2519122, 11.4008721 47.2518661)"
3823,8.0,,10.0,,30.102,,5,,6.000000000000001,"LINESTRING (11.4009117 47.2519122, 11.4009093 47.2519654, 11.4008605 47.2520838, 11.4008629 47.2521298, 11.4008678 47.2521782)"
3824,6.0,,,,52.126000000000005,,5,,4.0,"LINESTRING (11.4009117 47.2519122, 11.4011895 47.2519563, 11.4015909 47.2519181)"
3825,8.0,,10.0,,5.934,,5,,4.0,"LINESTRING (11.4008721 47.2518661, 11.4009117 47.2519122)"
3826,8.0,9.0,10.0,,73.416,,10,,3.0000000000000004,"LINESTRING (11.4008721 47.2518661, 11.4003629 47.2516379, 11.4000846 47.2515398, 11.400037 47.2515321)"
3827,10.0,,10.0,,416.261,,5,,6.000000000000001,"LINESTRING (11.4000893 47.2570284, 11.4005148 47.2571408, 11.400764 47.257173, 11.4044525 47.2575541, 11.4046047 47.2575671, 11.4048156 47.2575811, 11.4049452 47.2575818, 11.4050506 47.2575781, 11.4051791 47.2575665, 11.4053984 47.2575346, 11.4055152 47.2575158)"
3828,8.0,,10.0,,127.14200000000001,,5,,5.0,"LINESTRING (11.4000893 47.2570284, 11.4001211 47.2569781, 11.4002464 47.256765, 11.400383 47.2565765, 11.4006828 47.2562974, 11.4007811 47.2562012, 11.4008363 47.2560183)"
3829,2.0,,10.0,7.0,6.882,9.0,5,,6.000000000000001,"LINESTRING (11.3988046 47.2543811, 11.3988312 47.2543219)"
3830,2.0,,10.0,7.0,36.844,,5,,6.000000000000001,"LINESTRING (11.3988046 47.2543811, 11.3986688 47.2546791, 11.3986601 47.2546976)"
3831,6.0,,,,37.825,,5,,6.000000000000001,"LINESTRING (11.3988046 47.2543811, 11.3989871 47.2544065, 11.3990831 47.2544198, 11.3992971 47.2543958)"
3832,6.0,,,,134.525,,5,,4.0,"LINESTRING (11.4031431 47.2526393, 11.4033701 47.2526415, 11.4034245 47.2526697, 11.4034453 47.2527283, 11.4034229 47.2527912, 11.4033669 47.252839, 11.4032854 47.2528639, 11.4028801 47.2528727, 11.4028696 47.2524179, 11.4028854 47.2523873)"
3833,2.0,,10.0,7.0,5.687,,5,,6.000000000000001,"LINESTRING (11.3986371 47.2547463, 11.3986601 47.2546976)"
3834,2.0,,10.0,7.0,74.73,,5,,6.000000000000001,"LINESTRING (11.3986371 47.2547463, 11.3985525 47.254931, 11.3983414 47.2553877)"
3835,6.0,,,9.0,37.274,,5,,5.0,"LINESTRING (11.3892102 47.2698348, 11.3888009 47.2696471)"
3836,6.0,,,9.0,42.113,,5,,6.000000000000001,"LINESTRING (11.3892102 47.2698348, 11.3894375 47.2699675, 11.3895804 47.2701135)"
3837,6.0,,,9.0,95.768,,5,,6.000000000000001,"LINESTRING (11.3892102 47.2698348, 11.3888188 47.270149, 11.3886744 47.2702044, 11.3886279 47.2702359, 11.3886091 47.2702445, 11.3885827 47.2702402, 11.388292 47.2700725)"
3838,8.0,,10.0,,49.652,,5,,6.000000000000001,"LINESTRING (11.3855412 47.2652823, 11.3860497 47.2655657)"
3839,8.0,,10.0,,47.12,,5,,6.000000000000001,"LINESTRING (11.3855412 47.2652823, 11.3850902 47.2649892)"
3840,10.0,,10.0,,97.26199999999999,,5,,6.000000000000001,"LINESTRING (11.3855412 47.2652823, 11.3856077 47.2652354, 11.385248 47.2650075, 11.38503 47.2648609, 11.3850243 47.2648568, 11.3848379 47.2647253, 11.3848039 47.2647083, 11.3847776 47.2647028, 11.3847539 47.2647015, 11.3847308 47.2647036)"
3841,6.0,,,,10.073,,5,,6.000000000000001,"LINESTRING (11.3877289 47.268513, 11.3877606 47.268425)"
3842,6.0,,,,27.125,,5,,4.0,"LINESTRING (11.3877289 47.268513, 11.387989 47.2686814)"
3843,6.0,,10.0,,122.56700000000001,,5,,4.0,"LINESTRING (11.3877289 47.268513, 11.38765 47.2686019, 11.3875648 47.2686776, 11.3868946 47.269458)"
3844,6.0,,,,67.60000000000001,,5,,4.0,"LINESTRING (11.3887921 47.2686802, 11.3891184 47.2685407, 11.3892485 47.2684956, 11.3893952 47.2683582, 11.3894668 47.2682979)"
3845,6.0,,,,27.125,,5,,4.0,"LINESTRING (11.387989 47.2686814, 11.3877289 47.268513)"
3846,6.0,,10.0,9.0,100.991,,5,,7.000000000000001,"LINESTRING (11.3894668 47.2682979, 11.3898089 47.2684819, 11.3899161 47.2685519, 11.3899885 47.2686083, 11.3900717 47.2686829, 11.3901939 47.2688143, 11.3903375 47.2689743)"
3847,6.0,,10.0,9.0,119.69600000000001,,5,,6.000000000000001,"LINESTRING (11.3894668 47.2682979, 11.3891668 47.2681451, 11.3890403 47.2680941, 11.3889264 47.2680532, 11.3888231 47.268024, 11.3887225 47.2679995, 11.3886187 47.2679794, 11.3884522 47.2679526, 11.3883575 47.2679436, 11.388174 47.2679358, 11.3880161 47.2679359)"
3848,6.0,,,,67.60000000000001,,5,,4.0,"LINESTRING (11.3894668 47.2682979, 11.3893952 47.2683582, 11.3892485 47.2684956, 11.3891184 47.2685407, 11.3887921 47.2686802)"
3849,5.0,,,,46.491,,5,,3.0000000000000004,"LINESTRING (11.3879216 47.2697329, 11.3882033 47.2698127, 11.3884582 47.2699335)"
3850,6.0,,10.0,9.0,26.494,10.0,10,,4.0,"LINESTRING (11.3889995 47.2694506, 11.3888009 47.2696471)"
3851,6.0,,,,81.845,,5,,3.0000000000000004,"LINESTRING (11.3889995 47.2694506, 11.3886303 47.269286, 11.3883019 47.2696611)"
3852,6.0,,,,81.845,,5,,3.0000000000000004,"LINESTRING (11.3883019 47.2696611, 11.3886303 47.269286, 11.3889995 47.2694506)"
3853,6.0,,10.0,9.0,19.903,10.0,10,,5.0,"LINESTRING (11.3884582 47.2699335, 11.388292 47.2700725)"
3854,5.0,,,,46.491,,5,,3.0000000000000004,"LINESTRING (11.3884582 47.2699335, 11.3882033 47.2698127, 11.3879216 47.2697329)"
3855,6.0,,10.0,9.0,1.688,10.0,10,,4.0,"LINESTRING (11.3890122 47.2694381, 11.3889995 47.2694506)"
3856,6.0,,,,40.123999999999995,,5,,3.0000000000000004,"LINESTRING (11.3890122 47.2694381, 11.389326 47.2695782, 11.3894739 47.2696122)"
3857,6.0,,10.0,,20.245,5.0,5,,5.0,"LINESTRING (11.3903375 47.2689743, 11.3905778 47.2688933)"
3858,6.0,,,9.0,14.999,,5,,6.000000000000001,"LINESTRING (11.3903375 47.2689743, 11.3904409 47.2690895)"
3859,6.0,,10.0,9.0,123.33699999999999,10.0,10,,5.0,"LINESTRING (11.3903375 47.2689743, 11.3901444 47.2690055, 11.3898716 47.2690563, 11.3897864 47.2690367, 11.3896542 47.269021, 11.389521 47.269034, 11.3893383 47.2691171, 11.3890122 47.2694381)"
3860,6.0,,10.0,9.0,100.991,,5,,6.000000000000001,"LINESTRING (11.3903375 47.2689743, 11.3901939 47.2688143, 11.3900717 47.2686829, 11.3899885 47.2686083, 11.3899161 47.2685519, 11.3898089 47.2684819, 11.3894668 47.2682979)"
3861,6.0,,,,40.123999999999995,,5,,3.0000000000000004,"LINESTRING (11.3894739 47.2696122, 11.389326 47.2695782, 11.3890122 47.2694381)"
3862,6.0,,,9.0,31.372999999999998,,5,,4.0,"LINESTRING (11.3883861 47.2702838, 11.3884702 47.2702139, 11.3883157 47.2701235, 11.388292 47.2700725)"
3863,6.0,,,,31.526000000000003,,5,,3.0000000000000004,"LINESTRING (11.3881578 47.2705228, 11.3879223 47.2704509, 11.3877988 47.2703823)"
3864,6.0,,,9.0,36.472,,5,,4.0,"LINESTRING (11.3895804 47.2701135, 11.3898479 47.2703867)"
3865,6.0,,,9.0,42.113,,5,,6.000000000000001,"LINESTRING (11.3895804 47.2701135, 11.3894375 47.2699675, 11.3892102 47.2698348)"
3866,6.0,,,9.0,71.05199999999999,,5,,4.0,"LINESTRING (11.3895804 47.2701135, 11.3890875 47.2704003, 11.3890698 47.2704336, 11.3888932 47.2705441)"
3867,6.0,,,,87.418,,5,,3.0000000000000004,"LINESTRING (11.3886174 47.2707407, 11.3884004 47.270933, 11.3882155 47.2711591, 11.3880701 47.2714269)"
3868,6.0,,,9.0,71.05199999999999,,5,,4.0,"LINESTRING (11.3888932 47.2705441, 11.3890698 47.2704336, 11.3890875 47.2704003, 11.3895804 47.2701135)"
3869,6.0,,10.0,9.0,73.623,10.0,10,,4.0,"LINESTRING (11.3877988 47.2703823, 11.3870736 47.2708253)"
3870,6.0,,,,31.526000000000003,,5,,3.0000000000000004,"LINESTRING (11.3877988 47.2703823, 11.3879223 47.2704509, 11.3881578 47.2705228)"
3871,6.0,,,,58.833000000000006,,5,,3.0000000000000004,"LINESTRING (11.3880169 47.2641058, 11.3878793 47.2640712, 11.3878203 47.2641025, 11.3877032 47.2642778, 11.3875032 47.2644053)"
3872,6.0,,,,102.702,,5,,4.0,"LINESTRING (11.388565 47.2642556, 11.3884809 47.2643647, 11.3884751 47.2643796, 11.3884762 47.2643927, 11.3884866 47.264406, 11.3885025 47.2644165, 11.3885321 47.2644306, 11.388563 47.2644438, 11.388661 47.264485, 11.3886704 47.2644923, 11.3886767 47.2645007, 11.3886809 47.2645086, 11.3886831 47.2645159, 11.3886863 47.2645327, 11.3886885 47.2645502, 11.3886871 47.2645883, 11.3886823 47.2646171, 11.3886748 47.2646542, 11.3886625 47.2646955, 11.3886458 47.2647342, 11.3886311 47.2647618, 11.3884963 47.2649438, 11.3884005 47.2650503)"
3873,2.0,,10.0,,98.632,9.0,10,,5.0,"LINESTRING (11.3875032 47.2644053, 11.3884005 47.2650503)"
3874,6.0,,,,58.833000000000006,,5,,3.0000000000000004,"LINESTRING (11.3875032 47.2644053, 11.3877032 47.2642778, 11.3878203 47.2641025, 11.3878793 47.2640712, 11.3880169 47.2641058)"
3875,6.0,,,,14.574,,5,,3.0000000000000004,"LINESTRING (11.3873902 47.2641471, 11.3873099 47.2642663)"
3876,6.0,,,,24.533,,5,,4.0,"LINESTRING (11.3865834 47.2708224, 11.3865795 47.2707738, 11.3865969 47.2707411, 11.3867439 47.2706469)"
3877,8.0,,,,31.817,,5,,5.0,"LINESTRING (11.3867439 47.2706469, 11.3870736 47.2708253)"
3878,8.0,,,,71.02,,5,,4.0,"LINESTRING (11.3867439 47.2706469, 11.3867068 47.2706268, 11.3871327 47.2700936)"
3879,6.0,,,,24.533,,5,,4.0,"LINESTRING (11.3867439 47.2706469, 11.3865969 47.2707411, 11.3865795 47.2707738, 11.3865834 47.2708224)"
3880,6.0,,,,108.637,,5,,4.0,"LINESTRING (11.3855677 47.267862, 11.3857592 47.2680144, 11.3860956 47.2682751, 11.3862264 47.2683472, 11.3863602 47.2684133, 11.3864917 47.2684638, 11.3866246 47.2685093)"
3881,8.0,,10.0,,61.955000000000005,,5,,6.000000000000001,"LINESTRING (11.3866246 47.2685093, 11.3865414 47.2686072, 11.3871277 47.2688047)"
3882,8.0,,10.0,,117.936,,5,,6.000000000000001,"LINESTRING (11.3866246 47.2685093, 11.3867672 47.268338, 11.3867927 47.2683241, 11.3868298 47.2683191, 11.3868781 47.2683217, 11.3871857 47.2684293, 11.3873847 47.2682089, 11.3874464 47.2681141, 11.3875421 47.2679396)"
3883,6.0,,,,108.63699999999999,,5,,4.0,"LINESTRING (11.3866246 47.2685093, 11.3864917 47.2684638, 11.3863602 47.2684133, 11.3862264 47.2683472, 11.3860956 47.2682751, 11.3857592 47.2680144, 11.3855677 47.267862)"
3884,8.0,,10.0,,68.505,,5,,6.000000000000001,"LINESTRING (11.3835869 47.2651399, 11.383413 47.2650232, 11.3829856 47.264679)"
3885,6.0,,,,68.77199999999999,,5,,4.0,"LINESTRING (11.3835869 47.2651399, 11.3838654 47.2653267, 11.3838674 47.265367, 11.3835433 47.2655889)"
3886,10.0,,10.0,,29.329,,5,,6.000000000000001,"LINESTRING (11.3835869 47.2651399, 11.3837113 47.2651629, 11.3838999 47.2652841)"
3887,10.0,,10.0,,76.206,,5,,6.000000000000001,"LINESTRING (11.3770624 47.2641931, 11.3770187 47.2642295, 11.3769517 47.2648238, 11.3768912 47.2648342)"
3888,10.0,,,,234.43199999999996,,5,,7.000000000000001,"LINESTRING (11.3770624 47.2641931, 11.3771339 47.2641868, 11.3774084 47.2642466, 11.3780331 47.2643353, 11.3786323 47.2644291, 11.3790148 47.2645644, 11.3794649 47.2647598, 11.3798891 47.2649726)"
3889,10.0,,,,49.163,,5,,5.0,"LINESTRING (11.3770624 47.2641931, 11.3769687 47.2641204, 11.3769412 47.2640893, 11.376972 47.2639999, 11.3770818 47.2637956)"
3890,8.0,,10.0,,3.739,,5,,4.0,"LINESTRING (11.3902552 47.2673831, 11.3902947 47.2673628)"
3891,8.0,,10.0,,136.139,,10,,3.0000000000000004,"LINESTRING (11.3902552 47.2673831, 11.3900096 47.2671876, 11.3894994 47.2668981, 11.3893996 47.266791, 11.3892971 47.266728, 11.3891141 47.2665599, 11.3890772 47.2665362, 11.3890408 47.2665139, 11.3890176 47.2665036)"
3892,8.0,9.0,10.0,,28.619,,10,,3.0000000000000004,"LINESTRING (11.3902552 47.2673831, 11.3900022 47.2675128, 11.3899471 47.2675324)"
3893,6.0,,,,31.207,,5,,6.000000000000001,"LINESTRING (11.3836023 47.2629733, 11.3832822 47.263151)"
3894,6.0,,,,16.0,,5,,6.000000000000001,"LINESTRING (11.3836023 47.2629733, 11.3837365 47.2630847)"
3895,6.0,,,,16.245,,5,,6.000000000000001,"LINESTRING (11.3836023 47.2629733, 11.3834625 47.2628622)"
3896,6.0,,,,31.2,,5,,4.0,"LINESTRING (11.3837365 47.2630847, 11.3834164 47.2632623)"
3897,6.0,,,,16.0,,5,,5.0,"LINESTRING (11.3837365 47.2630847, 11.3836023 47.2629733)"
3898,6.0,,,,79.673,,10,,3.0000000000000004,"LINESTRING (11.3837365 47.2630847, 11.3842101 47.2634891, 11.3843601 47.2636171, 11.3843935 47.2636456)"
3899,6.0,,,,31.207,,5,,6.000000000000001,"LINESTRING (11.3832822 47.263151, 11.3836023 47.2629733)"
3900,6.0,,,,16.663,,5,,7.000000000000001,"LINESTRING (11.3832822 47.263151, 11.3831424 47.263035)"
3901,6.0,,,,15.991,,5,,5.0,"LINESTRING (11.3832822 47.263151, 11.3834164 47.2632623)"
3902,6.0,,,,15.991,,5,,6.000000000000001,"LINESTRING (11.3834164 47.2632623, 11.3832822 47.263151)"
3903,6.0,,,,31.2,,5,,6.000000000000001,"LINESTRING (11.3834164 47.2632623, 11.3837365 47.2630847)"
3904,7.0,,7.0,,28.273,,5,,6.000000000000001,"LINESTRING (11.3923621 47.2661869, 11.3923733 47.2661412, 11.3924478 47.2659395)"
3905,7.0,,7.0,,62.083999999999996,,5,,6.000000000000001,"LINESTRING (11.3923621 47.2661869, 11.3920618 47.2661284, 11.3920618 47.2660065, 11.3919915 47.2659027, 11.3919842 47.2658727, 11.3919918 47.2657931)"
3906,7.0,,7.0,,24.081000000000003,,5,,4.0,"LINESTRING (11.3923621 47.2661869, 11.3923391 47.2662937, 11.3923189 47.2663879, 11.3923161 47.2664012)"
3907,7.0,,7.0,,24.081000000000003,,5,,4.0,"LINESTRING (11.3923161 47.2664012, 11.3923189 47.2663879, 11.3923391 47.2662937, 11.3923621 47.2661869)"
3908,7.0,,4.0,,26.564,,5,,6.000000000000001,"LINESTRING (11.3919918 47.2657931, 11.3920462 47.2657577, 11.3920843 47.2657266, 11.3921145 47.2656801, 11.3921419 47.2656293, 11.3921742 47.265593)"
3909,7.0,,7.0,,33.428000000000004,,5,,5.0,"LINESTRING (11.3919918 47.2657931, 11.3919747 47.2657676, 11.3919243 47.2657425, 11.3918891 47.2656974, 11.3918577 47.265684, 11.3916968 47.265655, 11.3916756 47.2656512, 11.3916382 47.265645)"
3910,7.0,,7.0,,62.084,,5,,6.000000000000001,"LINESTRING (11.3919918 47.2657931, 11.3919842 47.2658727, 11.3919915 47.2659027, 11.3920618 47.2660065, 11.3920618 47.2661284, 11.3923621 47.2661869)"
3911,8.0,,10.0,,5.775,,5,,6.000000000000001,"LINESTRING (11.3916544 47.2655863, 11.3916471 47.2655346)"
3912,6.0,,,,32.518,,5,,4.0,"LINESTRING (11.3916544 47.2655863, 11.3920722 47.265658)"
3913,8.0,9.0,10.0,,32.433,,10,,2.0,"LINESTRING (11.3922391 47.2663215, 11.3922075 47.2662879, 11.3921624 47.2662667, 11.3918615 47.2662007)"
3914,6.0,,,,44.346,,10,,2.0,"LINESTRING (11.3922391 47.2663215, 11.3922495 47.266274, 11.3922491 47.2662577, 11.3922488 47.2662469, 11.3922432 47.2662207, 11.3922035 47.266192, 11.3921403 47.2661744, 11.392013 47.2661504, 11.3919661 47.2661497, 11.3919251 47.2661597, 11.3918912 47.2661744, 11.3918615 47.2662007)"
3915,2.0,,10.0,,39.212,9.0,10,,4.0,"LINESTRING (11.3901173 47.2663745, 11.3904357 47.2666532)"
3916,6.0,,,,45.59,,5,,5.0,"LINESTRING (11.3901173 47.2663745, 11.3901931 47.2663388, 11.390383 47.2662456, 11.3904411 47.2662156, 11.3906056 47.2661331)"
3917,6.0,,,,28.766,,5,,4.0,"LINESTRING (11.3906056 47.2661331, 11.3907996 47.2659104)"
3918,6.0,,,,28.467,,5,,4.0,"LINESTRING (11.3906056 47.2661331, 11.3908239 47.2663419)"
3919,6.0,,,,45.59,,5,,5.0,"LINESTRING (11.3906056 47.2661331, 11.3904411 47.2662156, 11.390383 47.2662456, 11.3901931 47.2663388, 11.3901173 47.2663745)"
3920,6.0,,,,28.766,,5,,4.0,"LINESTRING (11.3907996 47.2659104, 11.3906056 47.2661331)"
3921,7.0,,7.0,,24.652,,5,,4.0,"LINESTRING (11.3918632 47.2668093, 11.391756 47.266821, 11.3915417 47.2667934)"
3922,6.0,,,,28.467,,5,,4.0,"LINESTRING (11.3908239 47.2663419, 11.3906056 47.2661331)"
3923,8.0,,10.0,,98.671,,5,,6.000000000000001,"LINESTRING (11.392176 47.2636022, 11.3908922 47.2634337)"
3924,8.0,,10.0,,50.033,,5,,6.000000000000001,"LINESTRING (11.392176 47.2636022, 11.3920607 47.2640453)"
3925,8.0,,10.0,,65.182,,5,,6.000000000000001,"LINESTRING (11.392176 47.2636022, 11.3923089 47.2631523, 11.3923407 47.2630268)"
3926,8.0,,10.0,,98.671,,5,,6.000000000000001,"LINESTRING (11.3908922 47.2634337, 11.392176 47.2636022)"
3927,6.0,,10.0,,122.416,,5,,7.000000000000001,"LINESTRING (11.3908922 47.2634337, 11.3910438 47.2628854, 11.3911736 47.2624676, 11.3912113 47.2623544)"
3928,6.0,,10.0,,107.026,,5,,7.000000000000001,"LINESTRING (11.3908922 47.2634337, 11.3906466 47.2642902, 11.3906307 47.2643426, 11.3906242 47.2643641, 11.3906199 47.2643783)"
3929,8.0,,10.0,,32.096,,10,,4.0,"LINESTRING (11.3850638 47.2691239, 11.3848324 47.2693661)"
3930,6.0,,,,72.565,,5,,3.0000000000000004,"LINESTRING (11.3850638 47.2691239, 11.3858759 47.2694735)"
3931,6.0,,,,72.565,,5,,3.0000000000000004,"LINESTRING (11.3858759 47.2694735, 11.3850638 47.2691239)"
3932,8.0,,10.0,,168.309,,10,,4.0,"LINESTRING (11.3845509 47.2696554, 11.3838156 47.2704409, 11.3833549 47.2709331)"
3933,6.0,,,,132.261,,5,,3.0000000000000004,"LINESTRING (11.3845509 47.2696554, 11.3849922 47.2698415, 11.3850153 47.2698735, 11.3849997 47.2699089, 11.3845479 47.2703935, 11.3843688 47.2705407)"
3934,5.0,,,,66.584,,5,,4.0,"LINESTRING (11.3857243 47.2701093, 11.3856334 47.2702087, 11.3856302 47.2702659, 11.3856328 47.2702819, 11.3856381 47.2702971, 11.3856472 47.2703172, 11.3856572 47.2703304, 11.3856698 47.2703463, 11.3856872 47.2703622, 11.3857364 47.2704089, 11.3857475 47.2704213, 11.3857507 47.2704372, 11.3857495 47.2704539, 11.385745 47.2704701, 11.3857095 47.2705667, 11.385671 47.2706616)"
3935,6.0,,,,132.261,,5,,3.0000000000000004,"LINESTRING (11.3843688 47.2705407, 11.3845479 47.2703935, 11.3849997 47.2699089, 11.3850153 47.2698735, 11.3849922 47.2698415, 11.3845509 47.2696554)"
3936,6.0,,,,12.062999999999999,,5,,4.0,"LINESTRING (11.3828122 47.270097, 11.3828985 47.270096, 11.3829597 47.2701237)"
3937,6.0,,,,60.411,,5,,4.0,"LINESTRING (11.3828122 47.270097, 11.382869 47.2700699, 11.3828807 47.2700394, 11.3828739 47.2700105, 11.382979 47.2698892, 11.3830022 47.2698797, 11.3830279 47.2698832, 11.3833583 47.2700119)"
3938,6.0,,,,70.41499999999999,,5,,6.000000000000001,"LINESTRING (11.3828122 47.270097, 11.3827387 47.2700901, 11.3820171 47.2697738)"
3939,6.0,,,,12.062999999999999,,5,,4.0,"LINESTRING (11.3829597 47.2701237, 11.3828985 47.270096, 11.3828122 47.270097)"
3940,6.0,,,9.0,31.921,,5,,6.000000000000001,"LINESTRING (11.3820171 47.2697738, 11.382212 47.269519)"
3941,6.0,,,9.0,53.952,,5,,6.000000000000001,"LINESTRING (11.3820171 47.2697738, 11.3818501 47.2700017, 11.3818205 47.2700817, 11.3817817 47.2701864, 11.3817677 47.2702255)"
3942,6.0,,,,70.41499999999999,,5,,6.000000000000001,"LINESTRING (11.3820171 47.2697738, 11.3827387 47.2700901, 11.3828122 47.270097)"
3943,6.0,,,,60.410999999999994,,5,,4.0,"LINESTRING (11.3833583 47.2700119, 11.3830279 47.2698832, 11.3830022 47.2698797, 11.382979 47.2698892, 11.3828739 47.2700105, 11.3828807 47.2700394, 11.382869 47.2700699, 11.3828122 47.270097)"
3944,6.0,,,,97.439,,5,,4.0,"LINESTRING (11.3836096 47.2697562, 11.3832203 47.2696023, 11.3836346 47.2691058)"
3945,6.0,,10.0,9.0,10.9,,5,,6.000000000000001,"LINESTRING (11.3818785 47.2702884, 11.3817677 47.2702255)"
3946,6.0,,10.0,9.0,58.095,,5,,6.000000000000001,"LINESTRING (11.3818785 47.2702884, 11.3823155 47.2705307, 11.3824332 47.2705898, 11.3824856 47.2706085)"
3947,6.0,,,,61.579,,5,,4.0,"LINESTRING (11.3818785 47.2702884, 11.3818158 47.2703488, 11.3819138 47.2704546, 11.3819218 47.2705472, 11.3818576 47.2706704, 11.3817885 47.2707238, 11.3817082 47.27075)"
3948,8.0,,,,91.533,,5,,5.0,"LINESTRING (11.3836346 47.2691058, 11.384604 47.2696007)"
3949,8.0,,,,43.59,,5,,6.000000000000001,"LINESTRING (11.3836346 47.2691058, 11.3834412 47.2690196, 11.3831429 47.2689002)"
3950,6.0,,,,97.439,,5,,4.0,"LINESTRING (11.3836346 47.2691058, 11.3832203 47.2696023, 11.3836096 47.2697562)"
3951,6.0,,,,61.394,,5,,3.0000000000000004,"LINESTRING (11.38472 47.2690719, 11.3848417 47.2691288, 11.3845735 47.2693929, 11.3847326 47.2694673)"
3952,8.0,,10.0,,17.725,,10,,4.0,"LINESTRING (11.3847326 47.2694673, 11.384604 47.2696007)"
3953,6.0,,,,61.394000000000005,,5,,3.0000000000000004,"LINESTRING (11.3847326 47.2694673, 11.3845735 47.2693929, 11.3848417 47.2691288, 11.38472 47.2690719)"
3954,7.0,,,,17.32,,5,,4.0,"LINESTRING (11.3914957 47.266946, 11.3915417 47.2667934)"
3955,7.0,,,,17.32,,5,,4.0,"LINESTRING (11.3915417 47.2667934, 11.3914957 47.266946)"
3956,7.0,,7.0,,38.638,,5,,6.000000000000001,"LINESTRING (11.3915417 47.2667934, 11.3910417 47.2667184)"
3957,7.0,,7.0,,24.652,,5,,4.0,"LINESTRING (11.3915417 47.2667934, 11.391756 47.266821, 11.3918632 47.2668093)"
3958,6.0,,,,18.854,,5,,4.0,"LINESTRING (11.3819975 47.267867, 11.3820961 47.2677112)"
3959,6.0,,,,41.564,,5,,3.0000000000000004,"LINESTRING (11.3837377 47.2675914, 11.3839888 47.2672587)"
3960,6.0,,,,40.102,,5,,3.0000000000000004,"LINESTRING (11.3824331 47.2670704, 11.3826485 47.2667407)"
3961,6.0,,,,39.608,,5,,3.0000000000000004,"LINESTRING (11.3820755 47.2669567, 11.3822781 47.2666281)"
3962,6.0,,,,55.892,,5,,3.0000000000000004,"LINESTRING (11.3819628 47.2670848, 11.3819805 47.2670258, 11.3822313 47.2666174)"
3963,8.0,,10.0,,34.959,9.0,10,,4.0,"LINESTRING (11.3839888 47.2672587, 11.3843737 47.2674337)"
3964,6.0,,,,41.564,,5,,3.0000000000000004,"LINESTRING (11.3839888 47.2672587, 11.3837377 47.2675914)"
3965,6.0,,10.0,,24.807,9.0,5,,6.000000000000001,"LINESTRING (11.3812047 47.2668345, 11.3810843 47.2670421)"
3966,6.0,,,,20.726,,5,,4.0,"LINESTRING (11.3812047 47.2668345, 11.3814617 47.2669003)"
3967,6.0,,10.0,,44.513000000000005,9.0,5,,6.000000000000001,"LINESTRING (11.3812047 47.2668345, 11.3813589 47.2665651, 11.3813986 47.2664571)"
3968,8.0,,10.0,,3.726,9.0,10,,4.0,"LINESTRING (11.3822313 47.2666174, 11.3822781 47.2666281)"
3969,6.0,,,,55.892,,5,,3.0000000000000004,"LINESTRING (11.3822313 47.2666174, 11.3819805 47.2670258, 11.3819628 47.2670848)"
3970,6.0,,,,35.383,,5,,4.0,"LINESTRING (11.3822914 47.2674219, 11.3820961 47.2677112)"
3971,8.0,,10.0,,62.358,9.0,10,,4.0,"LINESTRING (11.3832855 47.2669642, 11.3839888 47.2672587)"
3972,6.0,,,,47.118,,5,,3.0000000000000004,"LINESTRING (11.3832855 47.2669642, 11.3830134 47.2673456)"
3973,6.0,,,,35.383,,5,,4.0,"LINESTRING (11.3820961 47.2677112, 11.3822914 47.2674219)"
3974,6.0,,,,18.854,,5,,4.0,"LINESTRING (11.3820961 47.2677112, 11.3819975 47.267867)"
3975,6.0,,,,49.443000000000005,,5,,6.000000000000001,"LINESTRING (11.3820961 47.2677112, 11.3821522 47.2677249, 11.3821807 47.2677412, 11.3821999 47.267762, 11.382205 47.2677927, 11.3821943 47.2678235, 11.3821682 47.2678543, 11.3821351 47.2678852, 11.3820909 47.2679125, 11.3820207 47.2679391, 11.3818567 47.2679914)"
3976,6.0,,10.0,,24.807,9.0,5,,6.000000000000001,"LINESTRING (11.3810843 47.2670421, 11.3812047 47.2668345)"
3977,6.0,,10.0,,67.625,9.0,5,,5.0,"LINESTRING (11.3810843 47.2670421, 11.3808999 47.2673605, 11.3807564 47.2676081)"
3978,6.0,,,,86.97800000000001,,5,,4.0,"LINESTRING (11.3810843 47.2670421, 11.3817528 47.2672162, 11.3818806 47.2673069, 11.3821126 47.2673732)"
3979,6.0,,10.0,,89.129,9.0,5,,6.000000000000001,"LINESTRING (11.3818567 47.2679914, 11.3820905 47.2680815, 11.3822588 47.2681618, 11.3824045 47.2682582, 11.3824927 47.26834, 11.3825768 47.2684381, 11.382649 47.2685548)"
3980,6.0,,10.0,,93.426,9.0,5,,5.0,"LINESTRING (11.3818567 47.2679914, 11.3814438 47.2678322, 11.3811851 47.2677448, 11.3808308 47.2676251, 11.3807564 47.2676081)"
3981,6.0,,,,49.443,,5,,6.000000000000001,"LINESTRING (11.3818567 47.2679914, 11.3820207 47.2679391, 11.3820909 47.2679125, 11.3821351 47.2678852, 11.3821682 47.2678543, 11.3821943 47.2678235, 11.382205 47.2677927, 11.3821999 47.267762, 11.3821807 47.2677412, 11.3821522 47.2677249, 11.3820961 47.2677112)"
3982,6.0,,,,40.102,,5,,3.0000000000000004,"LINESTRING (11.3826485 47.2667407, 11.3824331 47.2670704)"
3983,8.0,,10.0,,54.150999999999996,9.0,10,,4.0,"LINESTRING (11.3826485 47.2667407, 11.3828225 47.2667933, 11.3832347 47.2669429, 11.3832855 47.2669642)"
3984,6.0,,,,20.726,,5,,4.0,"LINESTRING (11.3814617 47.2669003, 11.3812047 47.2668345)"
3985,6.0,,,,60.569,,5,,4.0,"LINESTRING (11.3830221 47.2680725, 11.382649 47.2685548)"
3986,6.0,,,,86.97800000000001,,5,,4.0,"LINESTRING (11.3821126 47.2673732, 11.3818806 47.2673069, 11.3817528 47.2672162, 11.3810843 47.2670421)"
3987,6.0,,,,47.118,,5,,3.0000000000000004,"LINESTRING (11.3830134 47.2673456, 11.3832855 47.2669642)"
3988,6.0,,,,28.293,,5,,4.0,"LINESTRING (11.3808902 47.2660182, 11.380994 47.2657737)"
3989,6.0,,,,48.765,,5,,4.0,"LINESTRING (11.3787486 47.2656384, 11.3790011 47.2655922, 11.3791263 47.2654531, 11.3791736 47.2653604)"
3990,6.0,,,,37.165000000000006,,5,,4.0,"LINESTRING (11.3901247 47.2721418, 11.3902741 47.2721005, 11.3903045 47.272048, 11.3902907 47.2718799)"
3991,6.0,,,,48.922000000000004,,5,,5.0,"LINESTRING (11.3901247 47.2721418, 11.38996 47.2721324, 11.3899365 47.2721484, 11.3899324 47.2722, 11.3899019 47.272246, 11.3896118 47.2722961)"
3992,5.0,,,,27.233,,5,,6.000000000000001,"LINESTRING (11.3901247 47.2721418, 11.3901745 47.2723014, 11.3901335 47.2723783)"
3993,6.0,,,,26.131,,5,,3.0000000000000004,"LINESTRING (11.3920835 47.2716398, 11.3917527 47.2717094)"
3994,8.0,,10.0,,9.449,,10,,4.0,"LINESTRING (11.3920835 47.2716398, 11.3920953 47.2715552)"
3995,6.0,,,9.0,36.874,,10,,4.0,"LINESTRING (11.3902146 47.2731168, 11.3905644 47.2733484)"
3996,6.0,,,,124.42599999999999,,5,,3.0000000000000004,"LINESTRING (11.3902146 47.2731168, 11.3905564 47.2729618, 11.3910597 47.2727881, 11.3911225 47.2727892, 11.3911701 47.2728082, 11.3913098 47.2730002, 11.3911828 47.2731382)"
3997,6.0,,10.0,9.0,10.253,,10,,4.0,"LINESTRING (11.3875277 47.2713774, 11.3876635 47.2713809)"
3998,6.0,,,,54.89,,5,,3.0000000000000004,"LINESTRING (11.3875277 47.2713774, 11.3874489 47.2716823, 11.3873784 47.2717287, 11.3873287 47.2718412)"
3999,6.0,,,9.0,24.316,,10,,4.0,"LINESTRING (11.3896118 47.2722961, 11.3896795 47.2725099)"
4000,6.0,,,,48.922000000000004,,5,,5.0,"LINESTRING (11.3896118 47.2722961, 11.3899019 47.272246, 11.3899324 47.2722, 11.3899365 47.2721484, 11.38996 47.2721324, 11.3901247 47.2721418)"
4001,6.0,,,,26.131,,5,,3.0000000000000004,"LINESTRING (11.3917527 47.2717094, 11.3920835 47.2716398)"
4002,6.0,,,,37.248,,5,,5.0,"LINESTRING (11.3896795 47.2725099, 11.3901335 47.2723783)"
4003,6.0,,,9.0,38.691,,10,,4.0,"LINESTRING (11.3896795 47.2725099, 11.3897287 47.2726652, 11.3898695 47.2728284)"
4004,6.0,,,,40.526,,5,,4.0,"LINESTRING (11.3906275 47.2722352, 11.3901335 47.2723783)"
4005,6.0,,,,14.701,,5,,4.0,"LINESTRING (11.3876978 47.2725244, 11.3877681 47.2724011)"
4006,6.0,,,,55.417,,5,,3.0000000000000004,"LINESTRING (11.3906717 47.2727888, 11.3906193 47.2727574, 11.3900478 47.2729876)"
4007,6.0,,,,40.526,,5,,4.0,"LINESTRING (11.3901335 47.2723783, 11.3906275 47.2722352)"
4008,6.0,,,,37.248,,5,,5.0,"LINESTRING (11.3901335 47.2723783, 11.3896795 47.2725099)"
4009,5.0,,,,27.233,,5,,6.000000000000001,"LINESTRING (11.3901335 47.2723783, 11.3901745 47.2723014, 11.3901247 47.2721418)"
4010,6.0,,,,54.89,,5,,3.0000000000000004,"LINESTRING (11.3873287 47.2718412, 11.3873784 47.2717287, 11.3874489 47.2716823, 11.3875277 47.2713774)"
4011,6.0,,,,103.17099999999999,,5,,3.0000000000000004,"LINESTRING (11.391073 47.2725473, 11.3902969 47.2728231, 11.3902468 47.2728209, 11.3901204 47.2727543, 11.3900392 47.2727568, 11.3898695 47.2728284)"
4012,6.0,,,,37.165000000000006,,5,,4.0,"LINESTRING (11.3902907 47.2718799, 11.3903045 47.272048, 11.3902741 47.2721005, 11.3901247 47.2721418)"
4013,6.0,,,,124.426,,5,,3.0000000000000004,"LINESTRING (11.3911828 47.2731382, 11.3913098 47.2730002, 11.3911701 47.2728082, 11.3911225 47.2727892, 11.3910597 47.2727881, 11.3905564 47.2729618, 11.3902146 47.2731168)"
4014,6.0,,,9.0,22.234,,10,,4.0,"LINESTRING (11.3898695 47.2728284, 11.3900478 47.2729876)"
4015,6.0,,,,103.17099999999999,,5,,3.0000000000000004,"LINESTRING (11.3898695 47.2728284, 11.3900392 47.2727568, 11.3901204 47.2727543, 11.3902468 47.2728209, 11.3902969 47.2728231, 11.391073 47.2725473)"
4016,6.0,,,,30.937,,5,,4.0,"LINESTRING (11.3882434 47.2723272, 11.3878482 47.272253)"
4017,6.0,,,9.0,9.869,,5,,5.0,"LINESTRING (11.3920953 47.2715552, 11.3920743 47.2715207, 11.3920439 47.2714736)"
4018,6.0,,,9.0,60.121,,5,,7.000000000000001,"LINESTRING (11.3920953 47.2715552, 11.3921608 47.2716514, 11.3924296 47.272046)"
4019,6.0,,,,56.223,,5,,4.0,"LINESTRING (11.3913383 47.2735024, 11.3916835 47.2736889, 11.3917507 47.2737464, 11.3919122 47.2738215)"
4020,6.0,,,,56.223,,5,,4.0,"LINESTRING (11.3919122 47.2738215, 11.3917507 47.2737464, 11.3916835 47.2736889, 11.3913383 47.2735024)"
4021,8.0,,,,15.655000000000001,,5,,4.0,"LINESTRING (11.3919122 47.2738215, 11.3918587 47.2738701, 11.3918323 47.2739482)"
4022,8.0,,,,110.37899999999999,,5,,5.0,"LINESTRING (11.3919122 47.2738215, 11.3920604 47.2737098, 11.3921495 47.2736201, 11.3921885 47.2735633, 11.3922048 47.2734882, 11.3921989 47.2733424, 11.3922144 47.2732134, 11.3922697 47.2731036, 11.392387 47.2730246, 11.3925083 47.2729831)"
4023,6.0,,,,3.856,,5,,6.000000000000001,"LINESTRING (11.3795729 47.2694255, 11.3796209 47.2694374)"
4024,6.0,,,,142.456,,5,,7.000000000000001,"LINESTRING (11.3795729 47.2694255, 11.3778997 47.2690097, 11.3777995 47.2689859)"
4025,6.0,,,,41.768,,5,,4.0,"LINESTRING (11.3795729 47.2694255, 11.3796916 47.2692212, 11.3797006 47.2690653)"
4026,6.0,,,,69.539,,5,,4.0,"LINESTRING (11.3810021 47.2691972, 11.380596 47.2697586)"
4027,6.0,,,,41.768,,5,,4.0,"LINESTRING (11.3797006 47.2690653, 11.3796916 47.2692212, 11.3795729 47.2694255)"
4028,6.0,,,,41.147,,5,,4.0,"LINESTRING (11.3798181 47.2690924, 11.3796209 47.2694374)"
4029,6.0,,,,88.416,,5,,4.0,"LINESTRING (11.37867 47.268957, 11.3790912 47.268215)"
4030,6.0,,,,88.416,,5,,4.0,"LINESTRING (11.3790912 47.268215, 11.37867 47.268957)"
4031,8.0,,,,61.559,,5,,6.000000000000001,"LINESTRING (11.3790912 47.268215, 11.3789025 47.2681839, 11.3782955 47.2680928)"
4032,8.0,,,,150.79500000000002,,5,,6.000000000000001,"LINESTRING (11.3790912 47.268215, 11.380995 47.2685285, 11.3810334 47.2685347)"
4033,6.0,,,9.0,115.184,,5,,6.000000000000001,"LINESTRING (11.3941622 47.2738528, 11.3940234 47.2736945, 11.3940074 47.2736742, 11.3939068 47.2735636, 11.3933829 47.2729621)"
4034,6.0,,,9.0,22.988,,5,,6.000000000000001,"LINESTRING (11.3941622 47.2738528, 11.3942249 47.2739184, 11.3943406 47.2740202)"
4035,6.0,,,,53.19,,5,,4.0,"LINESTRING (11.3941622 47.2738528, 11.3940685 47.2739223, 11.3940095 47.2739775, 11.3939297 47.274022, 11.3936324 47.2741626)"
4036,6.0,,,,53.19,,5,,4.0,"LINESTRING (11.3936324 47.2741626, 11.3939297 47.274022, 11.3940095 47.2739775, 11.3940685 47.2739223, 11.3941622 47.2738528)"
4037,6.0,,,,35.36,,5,,4.0,"LINESTRING (11.3814544 47.269212, 11.38179 47.2693379, 11.3818447 47.2693822)"
4038,6.0,,,,14.152,,5,,4.0,"LINESTRING (11.381661 47.2693618, 11.3817539 47.2693642, 11.3818447 47.2693822)"
4039,6.0,,,,31.614,,5,,6.000000000000001,"LINESTRING (11.3818447 47.2693822, 11.382212 47.269519)"
4040,6.0,,,,35.36,,5,,4.0,"LINESTRING (11.3818447 47.2693822, 11.38179 47.2693379, 11.3814544 47.269212)"
4041,6.0,,,,14.152,,5,,4.0,"LINESTRING (11.3818447 47.2693822, 11.3817539 47.2693642, 11.381661 47.2693618)"
4042,6.0,,,,60.301,,5,,4.0,"LINESTRING (11.3814179 47.2691399, 11.3817781 47.2686558)"
4043,8.0,,,,3.211,,5,,6.000000000000001,"LINESTRING (11.3817781 47.2686558, 11.3817367 47.2686491)"
4044,8.0,,,,72.895,,5,,7.000000000000001,"LINESTRING (11.3817781 47.2686558, 11.3827176 47.2688086)"
4045,6.0,,,,60.301,,5,,4.0,"LINESTRING (11.3817781 47.2686558, 11.3814179 47.2691399)"
4046,10.0,,10.0,,36.134,,5,,6.000000000000001,"LINESTRING (11.4045425 47.2669489, 11.4047938 47.2668874, 11.4048592 47.2668571, 11.4049687 47.2668064)"
4047,10.0,,10.0,,35.539,,5,,6.000000000000001,"LINESTRING (11.4045425 47.2669489, 11.4042664 47.2669807, 11.4040755 47.2669834)"
4048,8.0,,10.0,,197.451,,5,,6.000000000000001,"LINESTRING (11.4045425 47.2669489, 11.4047407 47.2669657, 11.4048865 47.2670925, 11.4051577 47.2673734, 11.4053147 47.2675199, 11.4054421 47.2676955, 11.4055118 47.2678648, 11.4057903 47.2681836, 11.4055099 47.2682946)"
4049,6.0,,,,4.081,,5,,6.000000000000001,"LINESTRING (11.4044003 47.2646686, 11.4044108 47.2647046)"
4050,6.0,,,,130.39700000000002,,5,,6.000000000000001,"LINESTRING (11.4044003 47.2646686, 11.4043793 47.2645575, 11.4043178 47.264205, 11.4042657 47.2640195, 11.404129 47.2638414, 11.4039295 47.2635558)"
4051,10.0,,10.0,,98.476,,10,,6.000000000000001,"LINESTRING (11.4044003 47.2646686, 11.404693 47.2645582, 11.4050564 47.2644381, 11.4055733 47.2642817)"
4052,10.0,,,,20.335,,5,,7.000000000000001,"LINESTRING (11.4026386 47.2663263, 11.4028651 47.2662272)"
4053,10.0,,,,4.401,,5,,7.000000000000001,"LINESTRING (11.4026386 47.2663263, 11.4025986 47.2663551)"
4054,6.0,,10.0,,59.385,,10,,5.0,"LINESTRING (11.4026386 47.2663263, 11.4029183 47.2665211, 11.4031889 47.2667081)"
4055,6.0,,,,9.858,,5,,5.0,"LINESTRING (11.402418 47.265814, 11.4025236 47.2658662)"
4056,10.0,,10.0,,27.847,,5,,5.0,"LINESTRING (11.402418 47.265814, 11.4023302 47.2659565, 11.4023148 47.2660084, 11.4022951 47.2660493)"
4057,10.0,,10.0,,97.34700000000001,,10,,5.0,"LINESTRING (11.402418 47.265814, 11.4025461 47.2656689, 11.4025904 47.2656416, 11.4033445 47.2652158)"
4058,6.0,,,,201.24499999999998,,5,,6.000000000000001,"LINESTRING (11.402418 47.265814, 11.4023268 47.2657556, 11.4021567 47.2655875, 11.4021262 47.265539, 11.4021121 47.2654884, 11.4021112 47.2654229, 11.4021319 47.2653603, 11.4021836 47.2652817, 11.4022469 47.2652056, 11.402304 47.2651336, 11.4024311 47.264965, 11.4024807 47.2648959, 11.4025184 47.2648391, 11.402553 47.2647838, 11.4025853 47.2647206, 11.4026082 47.2646699, 11.4026325 47.2645922, 11.4026493 47.2645368, 11.40266 47.2644877, 11.4026661 47.2644322, 11.4026686 47.2643706, 11.4026641 47.2643121, 11.4026524 47.2642599, 11.4026349 47.2642077, 11.4026081 47.2641554)"
4059,6.0,,10.0,,10.212,,10,,5.0,"LINESTRING (11.4025207 47.2662812, 11.4026386 47.2663263)"
4060,6.0,,,,11.594999999999999,,10,,3.0000000000000004,"LINESTRING (11.4025207 47.2662812, 11.4024481 47.2663152, 11.4023942 47.2663404)"
4061,10.0,,,,4.401,,5,,5.0,"LINESTRING (11.4025986 47.2663551, 11.4026386 47.2663263)"
4062,6.0,,,,16.233,,10,,3.0000000000000004,"LINESTRING (11.4025986 47.2663551, 11.4025358 47.2663302, 11.4023942 47.2663404)"
4063,10.0,,,,68.38700000000001,,10,,4.0,"LINESTRING (11.4025986 47.2663551, 11.4025844 47.2663624, 11.4025643 47.266366, 11.4025442 47.266366, 11.4025295 47.2663606, 11.4025053 47.2663542, 11.4024557 47.2663633, 11.4024074 47.2663733, 11.4023202 47.2663897, 11.4021184 47.2664164, 11.4018192 47.266457, 11.4017597 47.2664629, 11.4017183 47.2664663)"
4064,6.0,,10.0,,27.177,,10,,4.0,"LINESTRING (11.4031889 47.2667081, 11.4034523 47.2668748)"
4065,6.0,,10.0,,19.461,,10,,4.0,"LINESTRING (11.4036021 47.2669653, 11.4037915 47.2670841)"
4066,6.0,,,,13.538,,10,,4.0,"LINESTRING (11.4026312 47.2661947, 11.4025565 47.2662098, 11.4024766 47.2662046, 11.4024555 47.2662032)"
4067,6.0,,,,12.786,,10,,3.0000000000000004,"LINESTRING (11.4026312 47.2661947, 11.4025907 47.2662346, 11.4025207 47.2662812)"
4068,6.0,,,,14.975999999999999,,10,,4.0,"LINESTRING (11.4026312 47.2661947, 11.4026181 47.2662416, 11.4026176 47.2662822, 11.4026386 47.2663263)"
4069,6.0,,,,11.507,,10,,3.0000000000000004,"LINESTRING (11.4027707 47.2659555, 11.4029161 47.2659867)"
4070,6.0,,10.0,7.0,22.096,,10,,4.0,"LINESTRING (11.4027707 47.2659555, 11.4027205 47.266048, 11.4026884 47.2661036, 11.4026644 47.2661406)"
4071,6.0,,,,10.519,,5,,4.0,"LINESTRING (11.3763338 47.2641245, 11.3763329 47.2642191)"
4072,2.0,,10.0,,175.32600000000002,,10,,4.0,"LINESTRING (11.3749934 47.2650624, 11.3747604 47.2650634, 11.3745182 47.2650645, 11.3738405 47.2650601, 11.373587 47.2650595, 11.3728296 47.2650502, 11.3726701 47.265048)"
4073,6.0,,,,34.52,,5,,6.000000000000001,"LINESTRING (11.3754524 47.2642085, 11.3759098 47.264214)"
4074,6.0,,,,162.749,,5,,7.000000000000001,"LINESTRING (11.3754524 47.2642085, 11.3754356 47.264561, 11.3754402 47.2646011, 11.375469 47.2646847, 11.3755632 47.2647488, 11.3757023 47.2647847, 11.376782 47.2647955, 11.3768347 47.2648444)"
4075,6.0,,,,13.044,,5,,6.000000000000001,"LINESTRING (11.3754524 47.2642085, 11.3753487 47.2642073, 11.3752823 47.2642204)"
4076,6.0,,,,70.009,,5,,4.0,"LINESTRING (11.3772096 47.265625, 11.3776495 47.2656553, 11.3779577 47.2656806, 11.3781079 47.2656194)"
4077,6.0,,,,13.955,,5,,6.000000000000001,"LINESTRING (11.3763329 47.2642191, 11.376148 47.2642169)"
4078,6.0,,,,17.917,,5,,6.000000000000001,"LINESTRING (11.3763329 47.2642191, 11.3765703 47.2642219)"
4079,6.0,,,,10.519,,5,,4.0,"LINESTRING (11.3763329 47.2642191, 11.3763338 47.2641245)"
4080,6.0,,,,17.977,,5,,6.000000000000001,"LINESTRING (11.376148 47.2642169, 11.3759098 47.264214)"
4081,6.0,,,,13.955,,5,,6.000000000000001,"LINESTRING (11.376148 47.2642169, 11.3763329 47.2642191)"
4082,6.0,,,,13.321,,5,,4.0,"LINESTRING (11.376148 47.2642169, 11.3761486 47.2640971)"
4083,6.0,,,,8.076,,5,,4.0,"LINESTRING (11.3765732 47.2641493, 11.3765703 47.2642219)"
4084,10.0,,10.0,,9.556,,5,,4.0,"LINESTRING (11.4055152 47.2575158, 11.4056411 47.2575066)"
4085,10.0,,10.0,,416.261,,5,,4.0,"LINESTRING (11.4055152 47.2575158, 11.4053984 47.2575346, 11.4051791 47.2575665, 11.4050506 47.2575781, 11.4049452 47.2575818, 11.4048156 47.2575811, 11.4046047 47.2575671, 11.4044525 47.2575541, 11.400764 47.257173, 11.4005148 47.2571408, 11.4000893 47.2570284)"
4086,2.0,,10.0,,25.551,10.0,10,,4.0,"LINESTRING (11.4055152 47.2575158, 11.4054896 47.2574745, 11.4054601 47.2574506, 11.4054143 47.2574275, 11.4052641 47.2573741)"
4087,6.0,,,,13.5,,5,,5.0,"LINESTRING (11.4078533 47.2578215, 11.4078371 47.2578554, 11.4077982 47.257937)"
4088,5.0,,,,10.583,,5,,2.0,"LINESTRING (11.407496 47.257737, 11.4074549 47.257828)"
4089,6.0,,,,30.022,,5,,4.0,"LINESTRING (11.3764984 47.2674839, 11.3763664 47.2677386)"
4090,6.0,,,,37.179,,5,,3.0000000000000004,"LINESTRING (11.3776711 47.2669559, 11.3775022 47.26727)"
4091,8.0,,10.0,,49.589,10.0,10,,4.0,"LINESTRING (11.3776711 47.2669559, 11.3780294 47.2670746, 11.378281 47.2671148)"
4092,8.0,,10.0,,23.537,10.0,10,,4.0,"LINESTRING (11.378281 47.2671148, 11.3785846 47.2671634)"
4093,5.0,,,,31.98,,5,,3.0000000000000004,"LINESTRING (11.378281 47.2671148, 11.3781569 47.2673898)"
4094,8.0,,,,47.422,,5,,6.000000000000001,"LINESTRING (11.3777445 47.2680126, 11.3771352 47.267908)"
4095,8.0,,,,42.521,,5,,6.000000000000001,"LINESTRING (11.3777445 47.2680126, 11.3782955 47.2680928)"
4096,6.0,,,,24.365,,5,,6.000000000000001,"LINESTRING (11.3777445 47.2680126, 11.3776293 47.2682173)"
4097,8.0,,,,9.66,,5,,6.000000000000001,"LINESTRING (11.3757252 47.2675929, 11.3758487 47.2676158)"
4098,7.0,,,,65.81299999999999,,5,,4.0,"LINESTRING (11.3757252 47.2675929, 11.3755497 47.2675604, 11.3753779 47.2675446, 11.3751302 47.2675464, 11.3750354 47.2675737, 11.3750198 47.267594, 11.3750211 47.2676839)"
4099,6.0,,,,51.096,,5,,4.0,"LINESTRING (11.3757252 47.2675929, 11.3758307 47.2674007, 11.3759232 47.2673258, 11.3760255 47.2672972, 11.3761456 47.2672927)"
4100,7.0,,,,65.813,,5,,4.0,"LINESTRING (11.3750211 47.2676839, 11.3750198 47.267594, 11.3750354 47.2675737, 11.3751302 47.2675464, 11.3753779 47.2675446, 11.3755497 47.2675604, 11.3757252 47.2675929)"
4101,6.0,,,,77.842,,5,,3.0000000000000004,"LINESTRING (11.3759816 47.2671269, 11.3764162 47.266492)"
4102,5.0,,,,31.98,,5,,3.0000000000000004,"LINESTRING (11.3781569 47.2673898, 11.378281 47.2671148)"
4103,6.0,,,,37.179,,5,,3.0000000000000004,"LINESTRING (11.3775022 47.26727, 11.3776711 47.2669559)"
4104,6.0,,,,62.633,,5,,4.0,"LINESTRING (11.3761195 47.2682695, 11.3759831 47.2685551, 11.3760013 47.268585, 11.3760403 47.2686053, 11.3762078 47.2686326, 11.3762234 47.2686494, 11.3762132 47.2687096)"
4105,8.0,,10.0,,28.618,10.0,10,,4.0,"LINESTRING (11.3769787 47.2667086, 11.3773085 47.2668357)"
4106,6.0,,,,42.093,,5,,3.0000000000000004,"LINESTRING (11.3769787 47.2667086, 11.3767644 47.2670581)"
4107,6.0,,,,33.796,,5,,4.0,"LINESTRING (11.3776073 47.2684701, 11.3780273 47.2685757)"
4108,6.0,,,,27.16,,5,,5.0,"LINESTRING (11.3757757 47.2684108, 11.3757185 47.2685218, 11.3756857 47.2686465)"
4109,8.0,,,,41.38,,5,,6.000000000000001,"LINESTRING (11.3763664 47.2677386, 11.3758487 47.2676158)"
4110,8.0,,,,22.761,,5,,6.000000000000001,"LINESTRING (11.3763664 47.2677386, 11.3766521 47.2678043)"
4111,6.0,,,,30.022,,5,,4.0,"LINESTRING (11.3763664 47.2677386, 11.3764984 47.2674839)"
4112,6.0,,,,13.227,,5,,6.000000000000001,"LINESTRING (11.3762132 47.2687096, 11.3760404 47.2686896)"
4113,6.0,,,,123.774,,5,,7.000000000000001,"LINESTRING (11.3762132 47.2687096, 11.3769578 47.2688065, 11.3772436 47.2688674, 11.3774775 47.2689173, 11.3777995 47.2689859)"
4114,6.0,,,,62.63300000000001,,5,,4.0,"LINESTRING (11.3762132 47.2687096, 11.3762234 47.2686494, 11.3762078 47.2686326, 11.3760403 47.2686053, 11.3760013 47.268585, 11.3759831 47.2685551, 11.3761195 47.2682695)"
4115,5.0,,,,35.342,,5,,3.0000000000000004,"LINESTRING (11.3770361 47.2670221, 11.3771257 47.2670417, 11.3772212 47.2668657, 11.3773085 47.2668357)"
4116,8.0,,,,9.988,,5,,6.000000000000001,"LINESTRING (11.3771352 47.267908, 11.3770069 47.2678859)"
4117,8.0,,,,47.422,,5,,6.000000000000001,"LINESTRING (11.3771352 47.267908, 11.3777445 47.2680126)"
4118,5.0,,,,40.338,,5,,4.0,"LINESTRING (11.3771352 47.267908, 11.37732 47.2675676)"
4119,8.0,,10.0,,48.743,,5,,7.000000000000001,"LINESTRING (11.3780273 47.2685757, 11.3777995 47.2689859)"
4120,8.0,,10.0,,57.383,,5,,6.000000000000001,"LINESTRING (11.3780273 47.2685757, 11.3782955 47.2680928)"
4121,6.0,,,,33.796,,5,,4.0,"LINESTRING (11.3780273 47.2685757, 11.3776073 47.2684701)"
4122,5.0,,,,40.338,,5,,4.0,"LINESTRING (11.37732 47.2675676, 11.3771352 47.267908)"
4123,6.0,,,,19.877,,5,,4.0,"LINESTRING (11.3773811 47.2681574, 11.3776293 47.2682173)"
4124,6.0,,,,30.971,,5,,4.0,"LINESTRING (11.375389 47.2662781, 11.3752445 47.2665388)"
4125,6.0,,10.0,,28.429,,5,,6.000000000000001,"LINESTRING (11.375389 47.2662781, 11.3750129 47.266263)"
4126,6.0,,10.0,,43.72,,5,,6.000000000000001,"LINESTRING (11.375389 47.2662781, 11.3759674 47.2663013)"
4127,6.0,,,,51.096000000000004,,5,,4.0,"LINESTRING (11.3761456 47.2672927, 11.3760255 47.2672972, 11.3759232 47.2673258, 11.3758307 47.2674007, 11.3757252 47.2675929)"
4128,6.0,,,,30.971,,5,,4.0,"LINESTRING (11.3752445 47.2665388, 11.375389 47.2662781)"
4129,6.0,,,,5.463,,5,,4.0,"LINESTRING (11.3776035 47.2682632, 11.3776293 47.2682173)"
4130,8.0,,,,22.761,,5,,6.000000000000001,"LINESTRING (11.3766521 47.2678043, 11.3763664 47.2677386)"
4131,8.0,,,,28.267,,5,,6.000000000000001,"LINESTRING (11.3766521 47.2678043, 11.3770069 47.2678859)"
4132,6.0,,,,30.736,,5,,4.0,"LINESTRING (11.3766521 47.2678043, 11.376513 47.2680641)"
4133,8.0,,10.0,,28.895,10.0,10,,4.0,"LINESTRING (11.3766456 47.2665804, 11.3769787 47.2667086)"
4134,5.0,,,,38.184,,5,,3.0000000000000004,"LINESTRING (11.3766456 47.2665804, 11.3764326 47.2668919)"
4135,6.0,,,,5.463,,5,,4.0,"LINESTRING (11.3776293 47.2682173, 11.3776035 47.2682632)"
4136,6.0,,,,24.365,,5,,6.000000000000001,"LINESTRING (11.3776293 47.2682173, 11.3777445 47.2680126)"
4137,6.0,,,,19.877,,5,,4.0,"LINESTRING (11.3776293 47.2682173, 11.3773811 47.2681574)"
4138,6.0,,,,13.909,,5,,6.000000000000001,"LINESTRING (11.3756857 47.2686465, 11.3755047 47.2686228)"
4139,6.0,,,,27.189,,5,,7.000000000000001,"LINESTRING (11.3756857 47.2686465, 11.3760404 47.2686896)"
4140,6.0,,,,33.265,,5,,5.0,"LINESTRING (11.3756857 47.2686465, 11.375628 47.2688578, 11.3755074 47.2688377)"
4141,6.0,,,,27.16,,5,,5.0,"LINESTRING (11.3756857 47.2686465, 11.3757185 47.2685218, 11.3757757 47.2684108)"
4142,6.0,,,,30.736,,5,,4.0,"LINESTRING (11.376513 47.2680641, 11.3766521 47.2678043)"
4143,6.0,,,,42.093,,5,,3.0000000000000004,"LINESTRING (11.3767644 47.2670581, 11.3769787 47.2667086)"
4144,5.0,,,,38.184,,5,,3.0000000000000004,"LINESTRING (11.3764326 47.2668919, 11.3766456 47.2665804)"
4145,6.0,,,,44.827,,5,,4.0,"LINESTRING (11.3768123 47.2682668, 11.3770069 47.2678859)"
4146,6.0,,,,9.345,,5,,4.0,"LINESTRING (11.3758271 47.2593734, 11.3757941 47.2594544)"
4147,6.0,,,,3.753,,5,,6.000000000000001,"LINESTRING (11.3758271 47.2593734, 11.3758405 47.2593409)"
4148,6.0,,,,147.57899999999998,,10,,6.000000000000001,"LINESTRING (11.3758271 47.2593734, 11.3752611 47.2592696, 11.3750205 47.2592254, 11.3750063 47.2592062, 11.3750402 47.2591222, 11.375072 47.2591025, 11.3751151 47.2590962, 11.3753199 47.2591365, 11.3756642 47.2591989, 11.3756859 47.2592193, 11.3756934 47.2592787, 11.3757187 47.2593034, 11.3757754 47.2593241, 11.3758405 47.2593409)"
4149,6.0,,,,12.779,,5,,6.000000000000001,"LINESTRING (11.3758167 47.2588085, 11.3759649 47.2588641)"
4150,6.0,,,,36.765,,5,,6.000000000000001,"LINESTRING (11.3758167 47.2588085, 11.3757538 47.2588177, 11.3756921 47.2588104, 11.3753953 47.2586719)"
4151,6.0,,,,10.425,,5,,6.000000000000001,"LINESTRING (11.3758167 47.2588085, 11.375816 47.2587662, 11.375862 47.2587253)"
4152,6.0,,,,47.715,,5,,5.0,"LINESTRING (11.3992137 47.2702136, 11.399846 47.2702058)"
4153,8.0,9.0,10.0,9.0,19.249,,10,,4.0,"LINESTRING (11.4063428 47.2710202, 11.4063067 47.2711407, 11.4062661 47.2711826)"
4154,6.0,,,,119.58399999999999,,5,,4.0,"LINESTRING (11.4063428 47.2710202, 11.4066208 47.2711629, 11.4070164 47.271424, 11.407216 47.2716054, 11.4073728 47.2716852, 11.4074334 47.2717819)"
4155,8.0,9.0,10.0,9.0,14.033,,10,,4.0,"LINESTRING (11.4063601 47.2705765, 11.4063601 47.2707027)"
4156,6.0,,,,35.663,,5,,3.0000000000000004,"LINESTRING (11.4063601 47.2705765, 11.4065524 47.2706212, 11.4066901 47.2706865, 11.4067723 47.2707268)"
4157,6.0,,,,25.812,,5,,4.0,"LINESTRING (11.3743166 47.26773, 11.3739861 47.2677899)"
4158,6.0,,,,40.305,,5,,4.0,"LINESTRING (11.3744435 47.2676499, 11.3741985 47.2676893, 11.3739888 47.2677551, 11.3739861 47.2677899)"
4159,8.0,,10.0,,8.994,,5,,6.000000000000001,"LINESTRING (11.3948171 47.2639783, 11.3948251 47.264059)"
4160,7.0,,10.0,,85.377,,5,,6.000000000000001,"LINESTRING (11.3948171 47.2639783, 11.3949561 47.2639508, 11.3951311 47.2639575, 11.3954304 47.2639829, 11.3955477 47.263998, 11.3959312 47.2640474)"
4161,8.0,,10.0,,119.86800000000001,,5,,5.0,"LINESTRING (11.3948171 47.2639783, 11.3948078 47.2637893, 11.3947825 47.2629565, 11.3947808 47.2629006)"
4162,7.0,,10.0,,68.263,,5,,6.000000000000001,"LINESTRING (11.3959481 47.2628075, 11.3959271 47.262894, 11.3959255 47.2629006, 11.3958829 47.2630727, 11.3960074 47.263299, 11.3961298 47.2633607)"
4163,6.0,,,,92.851,,10,,5.0,"LINESTRING (11.3959481 47.2628075, 11.3958091 47.2628654, 11.3956494 47.2628542, 11.3951924 47.2628223, 11.3949898 47.2628182, 11.3949248 47.2628305, 11.3947966 47.2628923, 11.3947808 47.2629006)"
4164,6.0,,10.0,,42.692,,5,,5.0,"LINESTRING (11.3959481 47.2628075, 11.3957938 47.2627831, 11.3953963 47.2627228)"
4165,6.0,,10.0,,36.367,,5,,7.000000000000001,"LINESTRING (11.3959481 47.2628075, 11.3960237 47.2628195, 11.3964174 47.2628819)"
4166,6.0,,10.0,,68.518,,5,5.0,6.000000000000001,"LINESTRING (11.3866117 47.2609447, 11.386619 47.2608536, 11.3866664 47.2606181, 11.386669 47.2605911, 11.3866723 47.2605669, 11.3866856 47.2604668, 11.3866849 47.2603314)"
4167,6.0,,10.0,,98.73400000000001,,5,5.0,6.000000000000001,"LINESTRING (11.3866117 47.2609447, 11.3866049 47.2610146, 11.3865632 47.2611728, 11.38649 47.2614678, 11.3864479 47.2616135, 11.3863948 47.2617572, 11.3863836 47.261787, 11.3863725 47.2618167)"
4168,8.0,,10.0,9.0,7.19,9.0,5,,5.0,"LINESTRING (11.3866849 47.2603314, 11.3867762 47.2603129)"
4169,8.0,,10.0,9.0,202.90599999999995,9.0,5,,6.000000000000001,"LINESTRING (11.3866849 47.2603314, 11.3865371 47.2603435, 11.3857167 47.2603104, 11.3856801 47.2603089, 11.385006 47.2602894, 11.3846992 47.260302, 11.3845351 47.2603303, 11.3844521 47.2603445, 11.3843711 47.2603607, 11.3842594 47.2603858, 11.3841634 47.2604066, 11.3840465 47.2604607)"
4170,6.0,,10.0,,68.518,,5,5.0,5.0,"LINESTRING (11.3866849 47.2603314, 11.3866856 47.2604668, 11.3866723 47.2605669, 11.386669 47.2605911, 11.3866664 47.2606181, 11.386619 47.2608536, 11.3866117 47.2609447)"
4171,6.0,,,,89.02199999999999,,5,,3.0000000000000004,"LINESTRING (11.3850827 47.2623592, 11.3850522 47.2624441, 11.3850842 47.2624936, 11.3857585 47.2626232, 11.3860189 47.2626728)"
4172,6.0,,,,34.561,,5,,4.0,"LINESTRING (11.3972267 47.2628338, 11.3976065 47.2626601)"
4173,7.0,,10.0,,45.106,,5,,4.0,"LINESTRING (11.3972267 47.2628338, 11.3973234 47.2624335)"
4174,7.0,,10.0,,10.771,,5,,6.000000000000001,"LINESTRING (11.3972267 47.2628338, 11.3972094 47.2629162, 11.3972066 47.2629297)"
4175,7.0,,10.0,,45.106,,5,,4.0,"LINESTRING (11.3973234 47.2624335, 11.3972267 47.2628338)"
4176,6.0,,,,16.605,,10,,3.0000000000000004,"LINESTRING (11.4005675 47.2647038, 11.4006362 47.2647596, 11.4006862 47.2648283)"
4177,7.0,,4.0,,3.666,,5,,6.000000000000001,"LINESTRING (11.3929555 47.2671669, 11.3929077 47.267161)"
4178,7.0,,4.0,,27.14,,5,,6.000000000000001,"LINESTRING (11.3929555 47.2671669, 11.3929669 47.2671337, 11.393006 47.2670196, 11.3930219 47.2669745, 11.3930324 47.2669447, 11.3930378 47.2669293)"
4179,7.0,,4.0,,47.653,,5,,5.0,"LINESTRING (11.3929555 47.2671669, 11.3930031 47.2671739, 11.3931454 47.2671905, 11.3935767 47.267244)"
4180,2.0,,10.0,,22.696,9.0,10,,3.0000000000000004,"LINESTRING (11.3909363 47.2675885, 11.3907907 47.2674099)"
4181,6.0,,,,18.581,,10,,3.0000000000000004,"LINESTRING (11.3909363 47.2675885, 11.3908054 47.2675471, 11.3907536 47.2674876)"
4182,8.0,,10.0,,8.082,,5,,7.000000000000001,"LINESTRING (11.3910005 47.2674584, 11.3909072 47.2674227)"
4183,2.0,,10.0,,17.708,10.0,10,,8.0,"LINESTRING (11.3910005 47.2674584, 11.3910064 47.2674766, 11.3910325 47.267557, 11.3910036 47.2676119)"
4184,8.0,,10.0,,17.214,,5,,6.000000000000001,"LINESTRING (11.3910005 47.2674584, 11.3910392 47.2674652, 11.3911149 47.2674791, 11.3912228 47.2674655)"
4185,2.0,,10.0,,17.526,9.0,10,,5.0,"LINESTRING (11.3907289 47.267334, 11.3907069 47.2673077, 11.390675 47.2672696, 11.3906245 47.2671934)"
4186,8.0,9.0,10.0,,66.40100000000001,,10,,4.0,"LINESTRING (11.3929152 47.2596771, 11.3931044 47.2595534, 11.3932853 47.2594262, 11.3935125 47.2592396)"
4187,6.0,,,,113.328,,5,,5.0,"LINESTRING (11.3929152 47.2596771, 11.3927983 47.2595856, 11.3927088 47.2595117, 11.3926346 47.259442, 11.3926259 47.2594275, 11.3926206 47.25941, 11.3926182 47.2593869, 11.3926169 47.2591721, 11.3930592 47.2591709, 11.3932725 47.2591703)"
4188,10.0,,10.0,,16.173,,5,,6.000000000000001,"LINESTRING (11.3891795 47.2574549, 11.3891741 47.2573095)"
4189,10.0,,10.0,,9.684,,5,,5.0,"LINESTRING (11.3891795 47.2574549, 11.3893078 47.2574561)"
4190,10.0,,10.0,,30.741999999999997,,5,,6.000000000000001,"LINESTRING (11.3891795 47.2574549, 11.3891845 47.2575877, 11.3892409 47.2576026, 11.3893919 47.2575992)"
4191,6.0,,,,34.564,,5,,4.0,"LINESTRING (11.3732276 47.2664949, 11.3732587 47.2664818, 11.373277 47.2664613, 11.3732935 47.2661995)"
4192,6.0,,,,68.738,,5,,6.000000000000001,"LINESTRING (11.3742825 47.2668223, 11.3746326 47.2662516)"
4193,6.0,,,,30.558,,5,,4.0,"LINESTRING (11.3742825 47.2668223, 11.3739068 47.2667197)"
4194,6.0,,,,27.662,,5,,6.000000000000001,"LINESTRING (11.3742825 47.2668223, 11.3741644 47.2670147, 11.3741709 47.2670548)"
4195,6.0,,,,24.681,,5,,4.0,"LINESTRING (11.3744124 47.2671851, 11.3742095 47.2671188, 11.3741709 47.2670548)"
4196,6.0,,,,30.558,,5,,4.0,"LINESTRING (11.3739068 47.2667197, 11.3742825 47.2668223)"
4197,6.0,,10.0,,60.849,,5,,6.000000000000001,"LINESTRING (11.3740986 47.2662308, 11.3732935 47.2661995)"
4198,6.0,,10.0,,40.36,,5,,6.000000000000001,"LINESTRING (11.3740986 47.2662308, 11.3746326 47.2662516)"
4199,6.0,,,,39.583,,5,,4.0,"LINESTRING (11.3740986 47.2662308, 11.3740834 47.26647, 11.3740174 47.2665776)"
4200,6.0,,10.0,,60.849,,5,,6.000000000000001,"LINESTRING (11.3732935 47.2661995, 11.3740986 47.2662308)"
4201,6.0,,,,34.564,,5,,4.0,"LINESTRING (11.3732935 47.2661995, 11.373277 47.2664613, 11.3732587 47.2664818, 11.3732276 47.2664949)"
4202,6.0,,10.0,,64.167,,5,,6.000000000000001,"LINESTRING (11.3732935 47.2661995, 11.3729675 47.2661868, 11.3726502 47.2661723, 11.3725874 47.2661829, 11.3725409 47.2662069, 11.3725003 47.2662558)"
4203,6.0,,,,39.583,,5,,4.0,"LINESTRING (11.3740174 47.2665776, 11.3740834 47.26647, 11.3740986 47.2662308)"
4204,8.0,,10.0,,6.808,,5,,4.0,"LINESTRING (11.4000503 47.2647874, 11.4001398 47.2647797)"
4205,8.0,,10.0,,104.475,,5,,5.0,"LINESTRING (11.4000503 47.2647874, 11.4000113 47.2647924, 11.3999618 47.2647992, 11.3986929 47.2649725)"
4206,8.0,,10.0,7.0,13.945,,10,,3.0000000000000004,"LINESTRING (11.4000503 47.2647874, 11.4000854 47.2647733, 11.4001058 47.2647551, 11.4001206 47.264731, 11.4001173 47.2646823)"
4207,6.0,,10.0,7.0,12.814,,5,,5.0,"LINESTRING (11.3993439 47.2619446, 11.3993357 47.2618295)"
4208,6.0,,10.0,7.0,73.4,5.0,5,,4.0,"LINESTRING (11.3993439 47.2619446, 11.399438 47.2622641, 11.3995476 47.26259)"
4209,6.0,,,,76.94,,10,,4.0,"LINESTRING (11.3993439 47.2619446, 11.3994336 47.2619775, 11.3995726 47.2624598, 11.3995476 47.26259)"
4210,6.0,,10.0,7.0,9.422,,5,,6.000000000000001,"LINESTRING (11.3997021 47.2630446, 11.3997265 47.2631277)"
4211,6.0,,10.0,7.0,51.879,5.0,5,,4.0,"LINESTRING (11.3997021 47.2630446, 11.3996829 47.2629808, 11.3995476 47.26259)"
4212,6.0,,,,22.177999999999997,,10,,2.0,"LINESTRING (11.3997021 47.2630446, 11.3998321 47.2630271, 11.3999907 47.2630069)"
4213,6.0,,10.0,,10.093,,10,,5.0,"LINESTRING (11.4003527 47.2647408, 11.4002242 47.2647156)"
4214,6.0,,,,16.95,,5,,5.0,"LINESTRING (11.4003527 47.2647408, 11.4003325 47.2647524, 11.4003044 47.2647621, 11.4001398 47.2647797)"
4215,6.0,,,,5.288,,5,,6.000000000000001,"LINESTRING (11.4003527 47.2647408, 11.400374 47.2647223, 11.400387 47.2646999)"
4216,6.0,,10.0,7.0,45.945,9.0,10,,3.0000000000000004,"LINESTRING (11.4001173 47.2646823, 11.4001055 47.2646364, 11.4000123 47.2642753)"
4217,6.0,,10.0,7.0,15.023,9.0,10,,4.0,"LINESTRING (11.4000123 47.2642753, 11.4000143 47.2641402)"
4218,6.0,,10.0,7.0,7.211,3.0,5,,7.000000000000001,"LINESTRING (11.3997265 47.2631277, 11.3997444 47.2631914)"
4219,6.0,,10.0,7.0,9.422,,5,,7.000000000000001,"LINESTRING (11.3997265 47.2631277, 11.3997021 47.2630446)"
4220,6.0,,10.0,7.0,120.566,,5,,8.0,"LINESTRING (11.3997265 47.2631277, 11.3994977 47.2631082, 11.3982414 47.2630142, 11.3981942 47.2630111, 11.3981389 47.263006)"
4221,6.0,,,,22.066,,5,,8.0,"LINESTRING (11.3997265 47.2631277, 11.3999347 47.2631618, 11.4000063 47.2631832)"
4222,6.0,,,,35.663,,5,,3.0000000000000004,"LINESTRING (11.4067723 47.2707268, 11.4066901 47.2706865, 11.4065524 47.2706212, 11.4063601 47.2705765)"
4223,6.0,,,,66.559,,5,,5.0,"LINESTRING (11.3726701 47.265048, 11.3726696 47.2652249, 11.3726577 47.2653658, 11.3726934 47.2656453)"
4224,2.0,,10.0,,34.097,9.0,10,,4.0,"LINESTRING (11.3726701 47.265048, 11.3723551 47.2650435, 11.3722269 47.2650111)"
4225,6.0,,,,17.325,,5,,5.0,"LINESTRING (11.3762861 47.265188, 11.3762742 47.2650324)"
4226,6.0,,,,29.943,,5,,4.0,"LINESTRING (11.3762861 47.265188, 11.3762847 47.2652933, 11.3763408 47.2654528)"
4227,6.0,,,,61.493,,5,,4.0,"LINESTRING (11.3762861 47.265188, 11.3764447 47.2655534, 11.3764413 47.2655793, 11.3764158 47.2656078, 11.3763793 47.2656251, 11.3762581 47.2656322)"
4228,6.0,,,,61.493,,5,,4.0,"LINESTRING (11.3762581 47.2656322, 11.3763793 47.2656251, 11.3764158 47.2656078, 11.3764413 47.2655793, 11.3764447 47.2655534, 11.3762861 47.265188)"
4229,6.0,,,,17.325,,5,,5.0,"LINESTRING (11.3762742 47.2650324, 11.3762861 47.265188)"
4230,2.0,,10.0,,65.605,,10,,4.0,"LINESTRING (11.3762742 47.2650324, 11.3761888 47.265032, 11.3756446 47.2650475, 11.3754054 47.2650534)"
4231,5.0,,,,12.832,,5,,4.0,"LINESTRING (11.3716452 47.2650403, 11.3716225 47.2650703, 11.3716522 47.2651063, 11.3716341 47.2651448)"
4232,6.0,,,,66.559,,5,,5.0,"LINESTRING (11.3726934 47.2656453, 11.3726577 47.2653658, 11.3726696 47.2652249, 11.3726701 47.265048)"
4233,8.0,,,,162.502,,5,,4.0,"LINESTRING (11.3726934 47.2656453, 11.3727995 47.2656453, 11.3730539 47.2656425, 11.3736007 47.2657046, 11.3745053 47.2657095, 11.3747196 47.2656847, 11.3748326 47.2656652)"
4234,8.0,,,,48.033,,5,,6.000000000000001,"LINESTRING (11.3726934 47.2656453, 11.3721772 47.2656342, 11.3721102 47.2656215, 11.3720764 47.265596)"
4235,6.0,,,,29.943,,5,,4.0,"LINESTRING (11.3763408 47.2654528, 11.3762847 47.2652933, 11.3762861 47.265188)"
4236,5.0,,,,107.10299999999998,,5,,6.000000000000001,"LINESTRING (11.3912931 47.247311, 11.3917641 47.2469853, 11.3920118 47.2469505, 11.3922482 47.2468979, 11.3924803 47.246845)"
4237,5.0,,,,574.419,,5,,6.000000000000001,"LINESTRING (11.3912931 47.247311, 11.39041 47.24751, 11.3896516 47.2477055, 11.3892725 47.2477981, 11.3889161 47.2479628, 11.3885673 47.2482356, 11.3880366 47.2485547, 11.3873836 47.2487535, 11.3871561 47.2488718, 11.3871419 47.2491209, 11.387168 47.2494413, 11.3870516 47.2496709, 11.3868765 47.2498518, 11.3867189 47.2500397, 11.3868298 47.2501601, 11.3871514 47.2502429, 11.3871625 47.2502994, 11.3870904 47.2505102)"
4238,5.0,,,,265.06399999999996,,5,,7.000000000000001,"LINESTRING (11.3912931 47.247311, 11.3908745 47.2472981, 11.3907545 47.2472632, 11.3906434 47.2469274, 11.3907408 47.2467122, 11.3908329 47.2465921, 11.3908884 47.2463889, 11.3911378 47.2461915, 11.391526 47.24602, 11.3918351 47.2459548, 11.3919751 47.245892, 11.392025 47.2457038)"
4239,8.0,,,,225.46300000000002,,5,,4.0,"LINESTRING (11.3976825 47.2542803, 11.397237 47.2543087, 11.3962409 47.2545376, 11.3948523 47.254901)"
4240,6.0,,10.0,7.0,14.756,,5,,7.000000000000001,"LINESTRING (11.397725 47.253732, 11.3979205 47.2537331)"
4241,6.0,,10.0,7.0,13.474,,5,,6.000000000000001,"LINESTRING (11.397725 47.253732, 11.3975465 47.253734)"
4242,6.0,,,,68.772,,5,,4.0,"LINESTRING (11.3835433 47.2655889, 11.3838674 47.265367, 11.3838654 47.2653267, 11.3835869 47.2651399)"
4243,6.0,,,9.0,16.781,,10,,4.0,"LINESTRING (11.4323878 47.26301, 11.4323851 47.2631609)"
4244,6.0,,,9.0,14.699,9.0,5,,5.0,"LINESTRING (11.4323878 47.26301, 11.4323927 47.2629229, 11.4323952 47.2628779)"
4245,6.0,,,,14.048,,10,,3.0000000000000004,"LINESTRING (11.4331037 47.2631018, 11.4330882 47.2629759)"
4246,6.0,,,9.0,59.416000000000004,,10,,4.0,"LINESTRING (11.4331037 47.2631018, 11.4336585 47.2630627, 11.4336842 47.2630516, 11.4337495 47.2630235, 11.4338161 47.2629543)"
4247,6.0,,,9.0,13.395,,10,,3.0000000000000004,"LINESTRING (11.4338161 47.2629543, 11.4338813 47.26298, 11.4339029 47.2629885, 11.4339696 47.2630148)"
4248,6.0,,,9.0,55.364000000000004,,10,,3.0000000000000004,"LINESTRING (11.4338161 47.2629543, 11.433765 47.2629407, 11.4330882 47.2629759)"
4249,6.0,,,9.0,7.193,,5,,3.0000000000000004,"LINESTRING (11.4323491 47.2632208, 11.4323851 47.2631609)"
4250,6.0,,10.0,9.0,28.94,9.0,5,,6.000000000000001,"LINESTRING (11.4298879 47.2630514, 11.4295065 47.2630241)"
4251,6.0,,10.0,9.0,22.675,9.0,5,,7.000000000000001,"LINESTRING (11.4298879 47.2630514, 11.4301846 47.2630837)"
4252,6.0,,10.0,9.0,6.455,9.0,5,,7.000000000000001,"LINESTRING (11.4290761 47.2630143, 11.4289914 47.2630062)"
4253,6.0,,10.0,9.0,5.386,9.0,5,,5.0,"LINESTRING (11.4290761 47.2630143, 11.4291474 47.2630166)"
4254,6.0,,,9.0,22.569,,5,,6.000000000000001,"LINESTRING (11.4290761 47.2630143, 11.4290581 47.2632169)"
4255,6.0,,,9.0,10.026,10.0,10,,4.0,"LINESTRING (11.4291637 47.2619922, 11.4290671 47.2620436, 11.4290591 47.2620478)"
4256,6.0,,,9.0,13.388,10.0,10,,3.0000000000000004,"LINESTRING (11.4292936 47.2619102, 11.4291637 47.2619922)"
4257,6.0,,,9.0,87.62,,10,,2.0,"LINESTRING (11.4294228 47.2618258, 11.428613 47.2612611)"
4258,6.0,,,9.0,13.533,10.0,10,,2.0,"LINESTRING (11.4294228 47.2618258, 11.4292936 47.2619102)"
4259,6.0,,,9.0,12.792,10.0,10,,4.0,"LINESTRING (11.429542 47.261744, 11.4294228 47.2618258)"
4260,6.0,,,9.0,14.436,10.0,10,,2.0,"LINESTRING (11.429681 47.2616548, 11.429542 47.261744)"
4261,6.0,,,9.0,65.757,,10,,3.0000000000000004,"LINESTRING (11.429681 47.2616548, 11.4292437 47.2613535, 11.4290079 47.2613009)"
4262,6.0,,,9.0,52.989,,10,,4.0,"LINESTRING (11.4330882 47.2629759, 11.4323878 47.26301)"
4263,6.0,,,9.0,12.991,9.0,5,,4.0,"LINESTRING (11.4323952 47.2628779, 11.4324081 47.2627614)"
4264,6.0,,,9.0,118.707,,10,,4.0,"LINESTRING (11.4323952 47.2628779, 11.4338915 47.2628052, 11.4339603 47.2628217)"
4265,6.0,,,9.0,14.699,9.0,5,,4.0,"LINESTRING (11.4323952 47.2628779, 11.4323927 47.2629229, 11.4323878 47.26301)"
4266,6.0,,,9.0,97.768,,10,,2.0,"LINESTRING (11.4282604 47.2613619, 11.4291637 47.2619922)"
4267,6.0,,,9.0,11.527000000000001,,10,,2.0,"LINESTRING (11.4282604 47.2613619, 11.4283076 47.2613258, 11.4283699 47.26129)"
4268,6.0,,,,16.801,9.0,10,,4.0,"LINESTRING (11.4283699 47.26129, 11.4283814 47.2612383, 11.4283915 47.2611949, 11.4284031 47.2611406)"
4269,8.0,,10.0,9.0,21.01,5.0,5,,6.000000000000001,"LINESTRING (11.4284031 47.2611406, 11.4286806 47.2611559)"
4270,8.0,,10.0,9.0,43.638000000000005,,5,,6.000000000000001,"LINESTRING (11.4284031 47.2611406, 11.4281628 47.2611534, 11.4279422 47.2611722, 11.4278282 47.2611819)"
4271,6.0,,,9.0,91.439,,10,,2.0,"LINESTRING (11.4284497 47.2613201, 11.4292936 47.2619102)"
4272,6.0,,,9.0,6.945,,10,,2.0,"LINESTRING (11.4284497 47.2613201, 11.4284065 47.2613083, 11.4283699 47.26129)"
4273,6.0,,,9.0,13.961,,10,,4.0,"LINESTRING (11.428613 47.2612611, 11.4284497 47.2613201)"
4274,6.0,,,9.0,30.338,,10,,2.0,"LINESTRING (11.4290079 47.2613009, 11.4288024 47.2612662, 11.4287067 47.261258, 11.428613 47.2612611)"
4275,6.0,,,9.0,65.789,,10,,2.0,"LINESTRING (11.4290079 47.2613009, 11.4289913 47.2613352, 11.4290156 47.2613691, 11.429542 47.261744)"
4276,6.0,,,9.0,14.821,,10,,3.0000000000000004,"LINESTRING (11.4296083 47.2626833, 11.4295698 47.262814)"
4277,6.0,,,9.0,62.236999999999995,,10,,5.0,"LINESTRING (11.4296083 47.2626833, 11.4299121 47.2628944, 11.4301846 47.2630837)"
4278,6.0,,,9.0,23.845,,10,,4.0,"LINESTRING (11.4295698 47.262814, 11.4295065 47.2630241)"
4279,6.0,,,9.0,35.679,,10,,3.0000000000000004,"LINESTRING (11.4295698 47.262814, 11.4297756 47.2629676, 11.4298879 47.2630514)"
4280,6.0,,,9.0,73.827,,10,,3.0000000000000004,"LINESTRING (11.4300976 47.2635191, 11.4310745 47.2635554)"
4281,2.0,,10.0,9.0,23.895,,10,,3.0000000000000004,"LINESTRING (11.4300976 47.2635191, 11.4301559 47.2635765, 11.4303114 47.2636762)"
4282,6.0,,,9.0,56.4,,10,,5.0,"LINESTRING (11.4293608 47.2634339, 11.4300976 47.2635191)"
4283,6.0,,,9.0,36.455,,5,,6.000000000000001,"LINESTRING (11.4293608 47.2634339, 11.4292963 47.2633147, 11.4292787 47.2632888, 11.4292571 47.2632682, 11.4292305 47.2632525, 11.4292021 47.2632419, 11.4291659 47.2632326, 11.4291308 47.2632262, 11.4290581 47.2632169)"
4284,6.0,,,,38.45,,5,,6.000000000000001,"LINESTRING (11.4293608 47.2634339, 11.4294755 47.2632509, 11.4294954 47.2631046)"
4285,6.0,,,9.0,22.569,,5,,6.000000000000001,"LINESTRING (11.4290581 47.2632169, 11.4290761 47.2630143)"
4286,6.0,,,,9.304,,5,,4.0,"LINESTRING (11.4290581 47.2632169, 11.4290375 47.2632994)"
4287,6.0,,,9.0,36.455,,5,,6.000000000000001,"LINESTRING (11.4290581 47.2632169, 11.4291308 47.2632262, 11.4291659 47.2632326, 11.4292021 47.2632419, 11.4292305 47.2632525, 11.4292571 47.2632682, 11.4292787 47.2632888, 11.4292963 47.2633147, 11.4293608 47.2634339)"
4288,6.0,,,9.0,12.600000000000001,9.0,5,,3.0000000000000004,"LINESTRING (11.4300553 47.2616768, 11.4300971 47.2616469, 11.430125 47.2616245, 11.4301638 47.2615908)"
4289,6.0,,,,26.773,9.0,5,,4.0,"LINESTRING (11.4307252 47.2611213, 11.4304446 47.2612033, 11.430405 47.2612232)"
4290,6.0,,,,65.522,,5,,4.0,"LINESTRING (11.3790134 47.2646677, 11.3788661 47.2648803, 11.3787152 47.2652195)"
4291,6.0,,,,113.09299999999999,,5,,7.000000000000001,"LINESTRING (11.3778321 47.264465, 11.3778075 47.2645861, 11.3784545 47.2647059, 11.3784734 47.2647312, 11.3784778 47.2647589, 11.3783447 47.2650031, 11.3782784 47.2651177)"
4292,6.0,,,,65.115,,5,,3.0000000000000004,"LINESTRING (11.3789444 47.2643057, 11.3792517 47.2637585)"
4293,6.0,,10.0,,98.3,,10,,5.0,"LINESTRING (11.3789444 47.2643057, 11.3795515 47.2644783, 11.3799628 47.2645961, 11.3801453 47.2646483)"
4294,6.0,,,,65.115,,5,,3.0000000000000004,"LINESTRING (11.3792517 47.2637585, 11.3789444 47.2643057)"
4295,6.0,,10.0,,31.795,,10,,4.0,"LINESTRING (11.3785545 47.2641973, 11.3789444 47.2643057)"
4296,6.0,,,,84.06899999999999,,5,,3.0000000000000004,"LINESTRING (11.3785545 47.2641973, 11.3788435 47.263684, 11.3788261 47.2636404, 11.3786258 47.2635534)"
4297,6.0,,,,84.069,,5,,3.0000000000000004,"LINESTRING (11.3786258 47.2635534, 11.3788261 47.2636404, 11.3788435 47.263684, 11.3785545 47.2641973)"
4298,8.0,,,,34.011,,5,,6.000000000000001,"LINESTRING (11.420734 47.2691426, 11.4203669 47.2689651)"
4299,8.0,,,,10.219,,5,,6.000000000000001,"LINESTRING (11.420734 47.2691426, 11.4208176 47.2692149)"
4300,6.0,,,,78.855,,5,,6.000000000000001,"LINESTRING (11.420734 47.2691426, 11.4209044 47.2690328, 11.4215721 47.2690149, 11.4216938 47.2690644)"
4301,7.0,,10.0,,271.18300000000005,,5,,5.0,"LINESTRING (11.4210652 47.2672399, 11.4204721 47.2676889, 11.4204129 47.2676666, 11.4201814 47.2677067, 11.4196875 47.2677957, 11.419393 47.2678434, 11.4192933 47.2678596, 11.4188248 47.2679343, 11.4184138 47.2679856, 11.4178318 47.2680124)"
4302,10.0,,,,84.907,,10,,5.0,"LINESTRING (11.4210652 47.2672399, 11.4202452 47.2669481, 11.4201151 47.2668456)"
4303,8.0,,,,23.98,,5,,8.0,"LINESTRING (11.4258541 47.2688651, 11.4261719 47.2688668)"
4304,8.0,,,,32.922000000000004,,5,,6.000000000000001,"LINESTRING (11.4258541 47.2688651, 11.425808 47.2688487, 11.4254679 47.2687273)"
4305,6.0,,,,17.52,10.0,5,,6.000000000000001,"LINESTRING (11.4258541 47.2688651, 11.4259359 47.2689143, 11.4259761 47.2689931)"
4306,8.0,,,,58.283,9.0,5,,6.000000000000001,"LINESTRING (11.4254679 47.2687273, 11.4247901 47.2684759)"
4307,8.0,,,,32.922000000000004,,5,,6.000000000000001,"LINESTRING (11.4254679 47.2687273, 11.425808 47.2688487, 11.4258541 47.2688651)"
4308,8.0,,,,52.608999999999995,10.0,10,,5.0,"LINESTRING (11.4254679 47.2687273, 11.425617 47.2687248, 11.4257785 47.2686837, 11.4258844 47.2686101, 11.4259575 47.2684664)"
4309,5.0,,,7.0,47.370000000000005,,5,,8.0,"LINESTRING (11.4259575 47.2684664, 11.4260743 47.2686845, 11.4261719 47.2688668)"
4310,5.0,,10.0,7.0,24.47,,5,,6.000000000000001,"LINESTRING (11.4259575 47.2684664, 11.425919 47.2683906, 11.425852 47.2682583)"
4311,5.0,,10.0,7.0,43.03,,5,,4.0,"LINESTRING (11.4264349 47.2694495, 11.4265889 47.2698221)"
4312,5.0,,,7.0,17.104,,5,,5.0,"LINESTRING (11.4264349 47.2694495, 11.4263758 47.269301)"
4313,8.0,,,,77.452,10.0,10,,4.0,"LINESTRING (11.4264349 47.2694495, 11.4261946 47.2693221, 11.4260029 47.2692708, 11.4257885 47.2692656, 11.4254959 47.2693134)"
4314,8.0,,,,13.36,,5,,6.000000000000001,"LINESTRING (11.4254959 47.2693134, 11.4256163 47.2692253)"
4315,8.0,,,,295.141,,5,,5.0,"LINESTRING (11.4254959 47.2693134, 11.4250422 47.2696423, 11.4248844 47.2697566, 11.4228099 47.271243)"
4316,6.0,,,,52.338,,5,,3.0000000000000004,"LINESTRING (11.3762343 47.2635731, 11.3765877 47.2631681)"
4317,6.0,,10.0,,56.989,,10,,4.0,"LINESTRING (11.3762343 47.2635731, 11.376666 47.2636855, 11.3769394 47.2637567)"
4318,6.0,,10.0,,4.189,3.0,5,,6.000000000000001,"LINESTRING (11.3778656 47.2596904, 11.3779099 47.2597131)"
4319,6.0,,,,23.754,,5,,6.000000000000001,"LINESTRING (11.3778656 47.2596904, 11.3776252 47.2598283)"
4320,6.0,,10.0,,49.986000000000004,3.0,5,,6.000000000000001,"LINESTRING (11.3778656 47.2596904, 11.3775725 47.2595699, 11.3772949 47.2594623)"
4321,5.0,,,,10.996,,5,,4.0,"LINESTRING (11.377984 47.2599596, 11.3778835 47.259888)"
4322,2.0,,10.0,,240.32200000000003,9.0,10,,4.0,"LINESTRING (11.377984 47.2599596, 11.3778216 47.2600702, 11.3771132 47.2605547, 11.3767469 47.2608494, 11.3765951 47.2609902, 11.3764657 47.2611295, 11.3764144 47.2611881, 11.3761462 47.2615525, 11.3760853 47.2616677)"
4323,6.0,,,,35.266000000000005,,5,,4.0,"LINESTRING (11.3780703 47.2636498, 11.3780379 47.2637072, 11.3779832 47.2638039, 11.3781896 47.2638632)"
4324,6.0,,,,25.563,,5,,6.000000000000001,"LINESTRING (11.3757951 47.2604773, 11.375577 47.2606532)"
4325,6.0,,,,18.324,,5,,6.000000000000001,"LINESTRING (11.3757951 47.2604773, 11.3756093 47.2603712)"
4326,6.0,,,,24.038,,5,,4.0,"LINESTRING (11.3757951 47.2604773, 11.3760002 47.2603119)"
4327,6.0,,,,24.134,,5,,5.0,"LINESTRING (11.3780693 47.2640643, 11.3781896 47.2638632)"
4328,6.0,,10.0,,10.826,,10,,4.0,"LINESTRING (11.3780693 47.2640643, 11.3782023 47.2641008)"
4329,6.0,,,,18.411,,5,,4.0,"LINESTRING (11.3781896 47.2638632, 11.3782825 47.2637101)"
4330,6.0,,,,24.134,,5,,5.0,"LINESTRING (11.3781896 47.2638632, 11.3780693 47.2640643)"
4331,6.0,,,,35.266,,5,,4.0,"LINESTRING (11.3781896 47.2638632, 11.3779832 47.2638039, 11.3780379 47.2637072, 11.3780703 47.2636498)"
4332,5.0,,,,10.996,,5,,4.0,"LINESTRING (11.3778835 47.259888, 11.377984 47.2599596)"
4333,2.0,,10.0,,21.04,5.0,10,,6.000000000000001,"LINESTRING (11.3778835 47.259888, 11.3781365 47.2598085)"
4334,6.0,,,,90.509,,5,,4.0,"LINESTRING (11.3768397 47.2604434, 11.3776252 47.2598283)"
4335,6.0,,,,52.889,,5,,3.0000000000000004,"LINESTRING (11.3763275 47.2626178, 11.3757292 47.2624664, 11.3756708 47.2624516)"
4336,6.0,,,,52.338,,5,,3.0000000000000004,"LINESTRING (11.3765877 47.2631681, 11.3762343 47.2635731)"
4337,8.0,,10.0,,18.602,,10,,5.0,"LINESTRING (11.375577 47.2606532, 11.3753909 47.2605435)"
4338,6.0,,,,25.563,,5,,6.000000000000001,"LINESTRING (11.375577 47.2606532, 11.3757951 47.2604773)"
4339,10.0,,10.0,,127.441,,5,,6.000000000000001,"LINESTRING (11.375577 47.2606532, 11.3757003 47.2606801, 11.3762697 47.2610396, 11.3765396 47.2612309, 11.3768199 47.2614162)"
4340,6.0,,,,18.411,,5,,4.0,"LINESTRING (11.3782825 47.2637101, 11.3781896 47.2638632)"
4341,8.0,,10.0,,25.273,,5,,5.0,"LINESTRING (11.3756093 47.2603712, 11.3753909 47.2605435)"
4342,6.0,,,,18.324,,5,,6.000000000000001,"LINESTRING (11.3756093 47.2603712, 11.3757951 47.2604773)"
4343,8.0,,10.0,,122.21900000000001,,5,,6.000000000000001,"LINESTRING (11.3756093 47.2603712, 11.3760584 47.2600169, 11.3766616 47.2595357)"
4344,8.0,,10.0,,30.346,,5,,6.000000000000001,"LINESTRING (11.3766616 47.2595357, 11.376803 47.2594197, 11.3768566 47.2593784, 11.3769222 47.2593279)"
4345,8.0,,10.0,,122.21900000000001,,5,,6.000000000000001,"LINESTRING (11.3766616 47.2595357, 11.3760584 47.2600169, 11.3756093 47.2603712)"
4346,6.0,,,,99.76400000000001,,5,,6.000000000000001,"LINESTRING (11.3766616 47.2595357, 11.376861 47.2596544, 11.3770214 47.2595293, 11.3770792 47.2595167, 11.377224 47.2595581, 11.3775944 47.2597414, 11.3776268 47.2597827, 11.3776252 47.2598283)"
4347,6.0,,,,24.038,,5,,4.0,"LINESTRING (11.3760002 47.2603119, 11.3757951 47.2604773)"
4348,6.0,,,,90.509,,5,,4.0,"LINESTRING (11.3776252 47.2598283, 11.3768397 47.2604434)"
4349,6.0,,,,23.754,,5,,6.000000000000001,"LINESTRING (11.3776252 47.2598283, 11.3778656 47.2596904)"
4350,6.0,,,,99.76400000000001,,5,,6.000000000000001,"LINESTRING (11.3776252 47.2598283, 11.3776268 47.2597827, 11.3775944 47.2597414, 11.377224 47.2595581, 11.3770792 47.2595167, 11.3770214 47.2595293, 11.376861 47.2596544, 11.3766616 47.2595357)"
4351,8.0,,10.0,,21.168,,5,,6.000000000000001,"LINESTRING (11.3786977 47.2601891, 11.3785314 47.2600358)"
4352,8.0,,10.0,,129.118,,5,,6.000000000000001,"LINESTRING (11.3786977 47.2601891, 11.3789474 47.2604601, 11.379243 47.2608131, 11.3793775 47.2609738, 11.3794595 47.26109, 11.3795327 47.2612013)"
4353,6.0,,,,197.276,,5,,6.000000000000001,"LINESTRING (11.3786977 47.2601891, 11.3777201 47.260741, 11.3771831 47.26112, 11.3768199 47.2614162)"
4354,5.0,,,,13.566,,5,,2.0,"LINESTRING (11.4078312 47.2692316, 11.4077746 47.2691158)"
4355,5.0,,,,48.436,,5,,4.0,"LINESTRING (11.4053804 47.2659552, 11.4054619 47.2659593, 11.405517 47.2659668, 11.4055444 47.2659771, 11.4055957 47.2660212, 11.4056066 47.266068, 11.4056084 47.2662172, 11.4056413 47.2662814)"
4356,5.0,,,,13.522,,5,,4.0,"LINESTRING (11.4054904 47.266347, 11.4056413 47.2662814)"
4357,5.0,,,,51.525,,5,,4.0,"LINESTRING (11.4062936 47.2663537, 11.4060567 47.266365, 11.4058876 47.2663588, 11.4057699 47.2663404, 11.4056413 47.2662814)"
4358,8.0,,,,54.949,,5,,6.000000000000001,"LINESTRING (11.4074318 47.2644929, 11.4081011 47.2646876)"
4359,8.0,,10.0,,39.766999999999996,,5,,6.000000000000001,"LINESTRING (11.4074318 47.2644929, 11.4073549 47.2644698, 11.4069498 47.2643483)"
4360,10.0,,,,37.725,,10,,4.0,"LINESTRING (11.4074318 47.2644929, 11.4072973 47.264502, 11.4072299 47.2645066, 11.406934 47.2645241)"
4361,5.0,,,,13.522,,5,,4.0,"LINESTRING (11.4056413 47.2662814, 11.4054904 47.266347)"
4362,5.0,,,,51.525,,5,,4.0,"LINESTRING (11.4056413 47.2662814, 11.4057699 47.2663404, 11.4058876 47.2663588, 11.4060567 47.266365, 11.4062936 47.2663537)"
4363,5.0,,,,48.436,,5,,4.0,"LINESTRING (11.4056413 47.2662814, 11.4056084 47.2662172, 11.4056066 47.266068, 11.4055957 47.2660212, 11.4055444 47.2659771, 11.405517 47.2659668, 11.4054619 47.2659593, 11.4053804 47.2659552)"
4364,8.0,,,,110.935,,5,,6.000000000000001,"LINESTRING (11.415016 47.2666693, 11.4150194 47.266866, 11.4145894 47.2676119)"
4365,6.0,,,,102.025,,5,,4.0,"LINESTRING (11.415016 47.2666693, 11.4154576 47.2667997, 11.4155587 47.2666784, 11.4155573 47.2666472, 11.4155165 47.2666194, 11.4149958 47.2664771)"
4366,6.0,,,,88.10600000000001,,5,,6.000000000000001,"LINESTRING (11.415016 47.2666693, 11.4143005 47.266464, 11.4141752 47.2664261, 11.4139435 47.2663561)"
4367,6.0,,,,102.02499999999999,,5,,4.0,"LINESTRING (11.4149958 47.2664771, 11.4155165 47.2666194, 11.4155573 47.2666472, 11.4155587 47.2666784, 11.4154576 47.2667997, 11.415016 47.2666693)"
4368,8.0,,,,114.311,,5,,6.000000000000001,"LINESTRING (11.4139435 47.2663561, 11.4139135 47.2665545, 11.4134423 47.2673189)"
4369,6.0,,,,88.106,,5,,6.000000000000001,"LINESTRING (11.4139435 47.2663561, 11.4141752 47.2664261, 11.4143005 47.266464, 11.415016 47.2666693)"
4370,6.0,,,,89.696,,5,,6.000000000000001,"LINESTRING (11.4139435 47.2663561, 11.4134991 47.2662195, 11.4133931 47.266219, 11.4132969 47.2661908, 11.4132351 47.2662658, 11.4129091 47.2661568)"
4371,8.0,,,,29.747,9.0,10,,5.0,"LINESTRING (11.4236386 47.2646893, 11.4238523 47.2649141)"
4372,8.0,,,9.0,66.534,,5,,5.0,"LINESTRING (11.4232246 47.2646249, 11.422588 47.2650389)"
4373,8.0,,10.0,,41.70399999999999,,5,,5.0,"LINESTRING (11.4232246 47.2646249, 11.4234164 47.264507, 11.4236342 47.2643731)"
4374,8.0,,,,34.485,,10,,3.0000000000000004,"LINESTRING (11.4232246 47.2646249, 11.4233211 47.2646047, 11.4234591 47.2646087, 11.4235704 47.264645, 11.4236386 47.2646893)"
4375,2.0,,10.0,,92.619,9.0,10,,4.0,"LINESTRING (11.3760853 47.2616677, 11.3758697 47.2620565, 11.3756708 47.2624516)"
4376,6.0,,,,90.432,,5,,5.0,"LINESTRING (11.3760853 47.2616677, 11.3761398 47.2616809, 11.3766863 47.2618132, 11.3767357 47.2617194, 11.3768771 47.2614557)"
4377,8.0,,10.0,,22.863,,5,,6.000000000000001,"LINESTRING (11.3981718 47.2752655, 11.3984712 47.2752337)"
4378,10.0,,10.0,,30.46,,5,,7.000000000000001,"LINESTRING (11.3981718 47.2752655, 11.3980857 47.2752856, 11.3979979 47.275323, 11.3979646 47.2753489, 11.3979252 47.2753645, 11.3978126 47.2753606)"
4379,7.0,,,,36.397999999999996,,10,,5.0,"LINESTRING (11.3981718 47.2752655, 11.3981155 47.2752841, 11.3980741 47.2753081, 11.3980452 47.2753398, 11.3980275 47.2753817, 11.3980256 47.2754188, 11.3980265 47.2754592, 11.3980329 47.2755486)"
4380,2.0,,10.0,7.0,18.755,5.0,5,,6.000000000000001,"LINESTRING (11.3980329 47.2755486, 11.3978774 47.275417)"
4381,2.0,,10.0,7.0,54.058,5.0,5,,6.000000000000001,"LINESTRING (11.3980329 47.2755486, 11.3984977 47.2759186)"
4382,8.0,,10.0,9.0,27.326,,10,,4.0,"LINESTRING (11.4152068 47.2751026, 11.4152993 47.274865)"
4383,6.0,,,,33.747,,5,,5.0,"LINESTRING (11.4152068 47.2751026, 11.4156056 47.2751853, 11.4156344 47.2751917)"
4384,6.0,10.0,10.0,7.0,5.543,,5,,6.000000000000001,"LINESTRING (11.4129091 47.2661568, 11.4129489 47.2661149)"
4385,6.0,10.0,10.0,7.0,108.94400000000002,,5,,7.000000000000001,"LINESTRING (11.4129091 47.2661568, 11.4128448 47.2662341, 11.4124238 47.2667627, 11.4123393 47.2669237, 11.4122803 47.267036)"
4386,6.0,,,,89.696,,5,,6.000000000000001,"LINESTRING (11.4129091 47.2661568, 11.4132351 47.2662658, 11.4132969 47.2661908, 11.4133931 47.266219, 11.4134991 47.2662195, 11.4139435 47.2663561)"
4387,6.0,9.0,10.0,,113.015,,5,,7.000000000000001,"LINESTRING (11.4128201 47.2625454, 11.4120206 47.2626586, 11.4113542 47.2627536)"
4388,6.0,,,,76.473,,5,,7.000000000000001,"LINESTRING (11.4128201 47.2625454, 11.4130636 47.2625079, 11.4132211 47.2624859, 11.413808 47.2623922)"
4389,6.0,,,,14.504000000000001,,10,,6.000000000000001,"LINESTRING (11.4128201 47.2625454, 11.4128773 47.2624871, 11.4129638 47.2624729)"
4390,10.0,,,,10.108,,5,,4.0,"LINESTRING (11.4061946 47.2665394, 11.4062258 47.266451)"
4391,10.0,,,,32.597,,5,,7.000000000000001,"LINESTRING (11.4061946 47.2665394, 11.4061608 47.2666352, 11.4061426 47.2667498, 11.4061079 47.2668256)"
4392,5.0,,,,42.259,,5,,4.0,"LINESTRING (11.4061946 47.2665394, 11.4062771 47.2665785, 11.4063225 47.2666549, 11.406357 47.2666759, 11.4064206 47.2666759, 11.4066005 47.2666302, 11.4066356 47.2666356)"
4393,5.0,,,,42.259,,5,,4.0,"LINESTRING (11.4066356 47.2666356, 11.4066005 47.2666302, 11.4064206 47.2666759, 11.406357 47.2666759, 11.4063225 47.2666549, 11.4062771 47.2665785, 11.4061946 47.2665394)"
4394,8.0,,10.0,,3.604,,10,,4.0,"LINESTRING (11.4016862 47.2664423, 11.4017183 47.2664663)"
4395,6.0,,,,12.14,,10,,3.0000000000000004,"LINESTRING (11.4016862 47.2664423, 11.4016265 47.2664504, 11.4015282 47.2664629)"
4396,6.0,,,,19.281,,5,,5.0,"LINESTRING (11.3797753 47.2629369, 11.3797532 47.2630207, 11.3796814 47.2630943)"
4397,8.0,,10.0,,17.559,,5,,7.000000000000001,"LINESTRING (11.3796814 47.2630943, 11.3794903 47.2630042)"
4398,8.0,,10.0,,22.973,,5,,7.000000000000001,"LINESTRING (11.3796814 47.2630943, 11.3799315 47.2632121)"
4399,6.0,,,,19.281,,5,,5.0,"LINESTRING (11.3796814 47.2630943, 11.3797532 47.2630207, 11.3797753 47.2629369)"
4400,6.0,,,,68.80799999999999,,5,,5.0,"LINESTRING (11.3796814 47.2630943, 11.3796305 47.2631495, 11.379332 47.2636648)"
4401,8.0,,10.0,,6.158,,5,,6.000000000000001,"LINESTRING (11.3768771 47.2614557, 11.3768199 47.2614162)"
4402,8.0,,10.0,,120.72200000000001,,5,,7.000000000000001,"LINESTRING (11.3768771 47.2614557, 11.377317 47.2617497, 11.3780048 47.2622257)"
4403,6.0,,,,90.432,,5,,5.0,"LINESTRING (11.3768771 47.2614557, 11.3767357 47.2617194, 11.3766863 47.2618132, 11.3761398 47.2616809, 11.3760853 47.2616677)"
4404,6.0,,,,17.598,,5,,4.0,"LINESTRING (11.3796216 47.2628734, 11.3794903 47.2630042)"
4405,8.0,,10.0,,22.973,,5,,7.000000000000001,"LINESTRING (11.3799315 47.2632121, 11.3796814 47.2630943)"
4406,8.0,,10.0,,35.349,,5,,6.000000000000001,"LINESTRING (11.3799315 47.2632121, 11.3803163 47.2633934)"
4407,6.0,,,,29.964,,5,,4.0,"LINESTRING (11.3799315 47.2632121, 11.3800048 47.2631337, 11.3799951 47.2629572)"
4408,8.0,,10.0,,14.175,,5,,6.000000000000001,"LINESTRING (11.3794903 47.2630042, 11.379336 47.2629315)"
4409,8.0,,10.0,,17.559,,5,,7.000000000000001,"LINESTRING (11.3794903 47.2630042, 11.3796814 47.2630943)"
4410,6.0,,,,17.598,,5,,4.0,"LINESTRING (11.3794903 47.2630042, 11.3796216 47.2628734)"
4411,6.0,,,,29.964,,5,,4.0,"LINESTRING (11.3799951 47.2629572, 11.3800048 47.2631337, 11.3799315 47.2632121)"
4412,6.0,,,,96.775,,5,,4.0,"LINESTRING (11.3769073 47.2560258, 11.3775337 47.2556906, 11.3775631 47.2556791, 11.3775967 47.2556788, 11.3776206 47.2556869, 11.3776411 47.2557094, 11.377655 47.255744, 11.3777112 47.255943)"
4413,5.0,,10.0,,72.187,,5,,6.000000000000001,"LINESTRING (11.3769073 47.2560258, 11.3772617 47.2562992, 11.3775298 47.2565186)"
4414,5.0,,10.0,,77.43799999999999,,5,,6.000000000000001,"LINESTRING (11.3769073 47.2560258, 11.3768596 47.255985, 11.3765969 47.255794, 11.3765188 47.2557382, 11.3764052 47.25566, 11.3763504 47.2556237, 11.3761983 47.2555229)"
4415,6.0,,,,96.775,,5,,4.0,"LINESTRING (11.3777112 47.255943, 11.377655 47.255744, 11.3776411 47.2557094, 11.3776206 47.2556869, 11.3775967 47.2556788, 11.3775631 47.2556791, 11.3775337 47.2556906, 11.3769073 47.2560258)"
4416,8.0,,10.0,9.0,27.989,,5,,4.0,"LINESTRING (11.3814103 47.257665, 11.3816406 47.2578623)"
4417,8.0,,10.0,9.0,71.671,,5,,6.000000000000001,"LINESTRING (11.3814103 47.257665, 11.3808367 47.2571513)"
4418,6.0,,,,63.289,,5,,4.0,"LINESTRING (11.3814103 47.257665, 11.3812299 47.2577422, 11.3810753 47.2578089, 11.3810463 47.2578184, 11.3808229 47.2575851)"
4419,6.0,,,,63.289,,5,,4.0,"LINESTRING (11.3808229 47.2575851, 11.3810463 47.2578184, 11.3810753 47.2578089, 11.3812299 47.2577422, 11.3814103 47.257665)"
4420,6.0,,10.0,9.0,70.485,,5,,6.000000000000001,"LINESTRING (11.384512 47.2711815, 11.3840811 47.2711482, 11.3838374 47.2711051, 11.3836846 47.2710583, 11.3836125 47.2710332)"
4421,6.0,,10.0,9.0,51.75,,5,,6.000000000000001,"LINESTRING (11.384512 47.2711815, 11.3849249 47.2712134, 11.3851893 47.2712516)"
4422,6.0,,,,51.795,,5,,6.000000000000001,"LINESTRING (11.384512 47.2711815, 11.3845586 47.271454, 11.3845409 47.2716451)"
4423,8.0,,10.0,9.0,11.79,,5,,6.000000000000001,"LINESTRING (11.3845409 47.2716451, 11.3846515 47.27172)"
4424,8.0,,10.0,9.0,93.47800000000001,,5,,5.0,"LINESTRING (11.3845409 47.2716451, 11.3842323 47.271574, 11.383676 47.271362, 11.3835363 47.2713324, 11.3834077 47.2713296)"
4425,6.0,,,,51.795,,5,,6.000000000000001,"LINESTRING (11.3845409 47.2716451, 11.3845586 47.271454, 11.384512 47.2711815)"
4426,8.0,,,,26.941,,5,,4.0,"LINESTRING (11.3873458 47.2544792, 11.3877012 47.2545018)"
4427,2.0,,10.0,,7.15,9.0,10,,5.0,"LINESTRING (11.3961733 47.2562387, 11.3962088 47.2562394, 11.396268 47.2562406)"
4428,6.0,,,,20.161,,5,,5.0,"LINESTRING (11.3961733 47.2562387, 11.396147 47.2562546, 11.3960508 47.256291, 11.3959306 47.2563043)"
4429,8.0,,10.0,,57.026999999999994,,5,,4.0,"LINESTRING (11.3968537 47.2551656, 11.3968468 47.2552057, 11.396862 47.2553083, 11.3970752 47.2554964, 11.3972271 47.2555789)"
4430,6.0,,10.0,,21.869999999999997,,5,,7.000000000000001,"LINESTRING (11.4080564 47.2634852, 11.408001 47.263426, 11.4079782 47.2633004)"
4431,6.0,,10.0,,12.244,,5,,7.000000000000001,"LINESTRING (11.4080564 47.2634852, 11.4081081 47.263509, 11.4081907 47.263547)"
4432,10.0,,,,21.323999999999998,,10,,5.0,"LINESTRING (11.4080564 47.2634852, 11.4081755 47.2634365, 11.4083069 47.2633973)"
4433,10.0,,,,29.5,,5,,6.000000000000001,"LINESTRING (11.4089205 47.2634124, 11.4088629 47.2636748)"
4434,10.0,,,,16.529,,5,,7.000000000000001,"LINESTRING (11.4089205 47.2634124, 11.4087935 47.2633378, 11.4087549 47.2633151)"
4435,6.0,,10.0,7.0,25.938,,5,,6.000000000000001,"LINESTRING (11.4090662 47.2632162, 11.4087549 47.2633151)"
4436,10.0,,,,24.431,,10,,4.0,"LINESTRING (11.4090662 47.2632162, 11.4090255 47.2632709, 11.4089205 47.2634124)"
4437,6.0,,10.0,7.0,157.59599999999998,,5,,5.0,"LINESTRING (11.4090662 47.2632162, 11.4097778 47.2630336, 11.4102059 47.2629408, 11.4107019 47.2628517, 11.4110577 47.2627959)"
4438,6.0,,,,9.176,,10,,3.0000000000000004,"LINESTRING (11.4323789 47.2634664, 11.4324978 47.2634491)"
4439,2.0,,10.0,,30.354,,10,,3.0000000000000004,"LINESTRING (11.4323789 47.2634664, 11.4324248 47.2633878, 11.4324656 47.2633408, 11.4325282 47.2632928, 11.4326227 47.2632653)"
4440,6.0,,,,29.367,,5,,4.0,"LINESTRING (11.3823407 47.2721451, 11.3823745 47.2721885, 11.3824253 47.2722192, 11.3826497 47.2722922)"
4441,6.0,,10.0,,71.591,,5,1.0,4.0,"LINESTRING (11.3869432 47.2608807, 11.3877874 47.2609425, 11.3878864 47.2609498)"
4442,5.0,,10.0,7.0,192.078,,5,,4.0,"LINESTRING (11.4262643 47.262157, 11.4261002 47.262253, 11.4259201 47.2623736, 11.4257615 47.2625184, 11.4256196 47.2626946, 11.4255923 47.2627411, 11.425545 47.262861, 11.4255118 47.2630049, 11.4255343 47.2631531, 11.4255757 47.2632395, 11.4256692 47.2633771, 11.4258456 47.2635305, 11.4259703 47.2636179)"
4443,5.0,,,7.0,38.309999999999995,9.0,10,,3.0000000000000004,"LINESTRING (11.4262643 47.262157, 11.4263888 47.2620912, 11.4265819 47.2620339, 11.4266348 47.2620221, 11.4267141 47.2620045)"
4444,2.0,,,7.0,41.53,9.0,10,,4.0,"LINESTRING (11.4247592 47.2622291, 11.4252474 47.2624015)"
4445,8.0,,10.0,9.0,51.178,,10,,4.0,"LINESTRING (11.4247592 47.2622291, 11.4249086 47.2622494, 11.4250494 47.2622521, 11.4252056 47.262231, 11.4254066 47.2621613)"
4446,8.0,,,,40.052,,5,,6.000000000000001,"LINESTRING (11.4241657 47.2561328, 11.4237358 47.2559216)"
4447,8.0,,,,17.094,,5,,4.0,"LINESTRING (11.4241657 47.2561328, 11.4242521 47.2561579, 11.4243196 47.2561554, 11.4243709 47.2561284)"
4448,6.0,,,9.0,385.57399999999996,,5,,6.000000000000001,"LINESTRING (11.4241657 47.2561328, 11.4242658 47.2562024, 11.4246197 47.2563025, 11.4248588 47.2563736, 11.4249494 47.2564104, 11.4250448 47.2564477, 11.4251587 47.2564882, 11.4252816 47.2565294, 11.4253659 47.2565556, 11.4254267 47.2565703, 11.4254892 47.2565806, 11.4255354 47.2565971, 11.42558 47.2566167, 11.4256361 47.2566363, 11.4257634 47.2566749, 11.425881 47.2567135, 11.4259371 47.2567402, 11.4260534 47.256811, 11.426101 47.2568309, 11.4261818 47.2568502, 11.4264523 47.2568961, 11.4265159 47.2569114, 11.4265786 47.2569364, 11.426643 47.256967, 11.426908 47.2570714, 11.4269873 47.2571143, 11.4270844 47.2571506, 11.4272215 47.2571874, 11.4273602 47.2572193, 11.4274889 47.2572501, 11.4276127 47.2572925, 11.4277143 47.2573353, 11.4278061 47.2573848, 11.4279397 47.2574208, 11.4281694 47.25748, 11.4282788 47.257523, 11.4283628 47.2575612, 11.4285033 47.2576369, 11.4286666 47.2577093)"
4449,7.0,,10.0,,16.02,10.0,10,,3.0000000000000004,"LINESTRING (11.4151244 47.2595136, 11.4150141 47.2593905)"
4450,2.0,,10.0,7.0,16.248,9.0,10,,3.0000000000000004,"LINESTRING (11.4151244 47.2595136, 11.4149241 47.25946)"
4451,6.0,,10.0,7.0,16.063,9.0,5,,6.000000000000001,"LINESTRING (11.4096694 47.2602522, 11.4097655 47.2601233)"
4452,6.0,,10.0,7.0,159.60500000000002,9.0,5,,6.000000000000001,"LINESTRING (11.4096694 47.2602522, 11.4095803 47.2603696, 11.4094826 47.2605053, 11.4091569 47.2609815, 11.4088256 47.2615671)"
4453,6.0,,,,183.35999999999999,,5,,6.000000000000001,"LINESTRING (11.4096694 47.2602522, 11.4097963 47.260321, 11.4098191 47.260368, 11.4097985 47.2604359, 11.4096903 47.2605799, 11.4095232 47.2608087, 11.4090384 47.2615919, 11.408988 47.2616054, 11.4088256 47.2615671)"
4454,6.0,,10.0,7.0,26.701,9.0,5,,7.000000000000001,"LINESTRING (11.4088256 47.2615671, 11.4086985 47.2617912)"
4455,6.0,,10.0,7.0,159.60500000000002,9.0,5,,6.000000000000001,"LINESTRING (11.4088256 47.2615671, 11.4091569 47.2609815, 11.4094826 47.2605053, 11.4095803 47.2603696, 11.4096694 47.2602522)"
4456,6.0,,,,183.36,,5,,6.000000000000001,"LINESTRING (11.4088256 47.2615671, 11.408988 47.2616054, 11.4090384 47.2615919, 11.4095232 47.2608087, 11.4096903 47.2605799, 11.4097985 47.2604359, 11.4098191 47.260368, 11.4097963 47.260321, 11.4096694 47.2602522)"
4457,8.0,,,,64.6,,5,,6.000000000000001,"LINESTRING (11.3809423 47.271262, 11.3807611 47.2711648, 11.3802182 47.2709544)"
4458,8.0,,,,87.459,,5,,6.000000000000001,"LINESTRING (11.3809423 47.271262, 11.3811774 47.2714141, 11.3813582 47.2715803, 11.3815998 47.2719003)"
4459,6.0,,,,38.735,,5,,4.0,"LINESTRING (11.3809423 47.271262, 11.3809783 47.2711947, 11.3810968 47.2710639, 11.3811611 47.2710353, 11.3812655 47.2710299)"
4460,6.0,,,,61.57900000000001,,5,,4.0,"LINESTRING (11.3817082 47.27075, 11.3817885 47.2707238, 11.3818576 47.2706704, 11.3819218 47.2705472, 11.3819138 47.2704546, 11.3818158 47.2703488, 11.3818785 47.2702884)"
4461,6.0,,,,38.735,,5,,4.0,"LINESTRING (11.3812655 47.2710299, 11.3811611 47.2710353, 11.3810968 47.2710639, 11.3809783 47.2711947, 11.3809423 47.271262)"
4462,6.0,,,,115.416,,5,,4.0,"LINESTRING (11.3812834 47.2707289, 11.380982 47.2706289, 11.3808666 47.2706049, 11.3805878 47.2705119, 11.3805343 47.2705284, 11.3804944 47.2705645, 11.3802182 47.2709544)"
4463,8.0,,,,25.575,,5,,6.000000000000001,"LINESTRING (11.3789558 47.2706619, 11.3792806 47.2707277)"
4464,6.0,,,,22.962,,5,,6.000000000000001,"LINESTRING (11.3789558 47.2706619, 11.3788544 47.2708566)"
4465,8.0,,,,215.276,,5,,6.000000000000001,"LINESTRING (11.3789558 47.2706619, 11.3777962 47.2703678, 11.3776614 47.270327, 11.3774073 47.2702139, 11.3770535 47.2701015, 11.3764737 47.270013, 11.3762955 47.270003)"
4466,6.0,,,,70.01,,5,,4.0,"LINESTRING (11.3796065 47.2701382, 11.3792806 47.2707277)"
4467,8.0,,,,25.575,,5,,6.000000000000001,"LINESTRING (11.3792806 47.2707277, 11.3789558 47.2706619)"
4468,8.0,,,,49.427,,5,,6.000000000000001,"LINESTRING (11.3792806 47.2707277, 11.3798977 47.2708769)"
4469,6.0,,,,70.01,,5,,4.0,"LINESTRING (11.3792806 47.2707277, 11.3796065 47.2701382)"
4470,6.0,,,,74.064,,5,,4.0,"LINESTRING (11.3802999 47.2702693, 11.3798977 47.2708769)"
4471,8.0,,,,49.427,,5,,6.000000000000001,"LINESTRING (11.3798977 47.2708769, 11.3792806 47.2707277)"
4472,8.0,,,,25.671,,5,,6.000000000000001,"LINESTRING (11.3798977 47.2708769, 11.3802182 47.2709544)"
4473,6.0,,,,74.064,,5,,4.0,"LINESTRING (11.3798977 47.2708769, 11.3802999 47.2702693)"
4474,6.0,,,,64.464,,5,,4.0,"LINESTRING (11.3786928 47.2696242, 11.3785553 47.2698771, 11.3781826 47.2697781, 11.3781323 47.2697961)"
4475,8.0,,,,60.206,,5,,7.000000000000001,"LINESTRING (11.3781323 47.2697961, 11.3774513 47.2695139)"
4476,8.0,,,,68.227,,5,,4.0,"LINESTRING (11.3781323 47.2697961, 11.3782297 47.269874, 11.3788727 47.2701408)"
4477,6.0,,,,64.464,,5,,4.0,"LINESTRING (11.3781323 47.2697961, 11.3781826 47.2697781, 11.3785553 47.2698771, 11.3786928 47.2696242)"
4478,6.0,,,,29.113,,5,,4.0,"LINESTRING (11.4115049 47.2589976, 11.4113402 47.2591789, 11.4112685 47.259183)"
4479,6.0,,,,90.53399999999999,,5,,4.0,"LINESTRING (11.3778823 47.2709885, 11.3779882 47.2709774, 11.3781164 47.2709899, 11.3783322 47.2710244, 11.3786193 47.2710866, 11.3786865 47.271081, 11.3787221 47.2710517, 11.3788544 47.2708566)"
4480,6.0,,,,32.165,,5,,4.0,"LINESTRING (11.3784523 47.2707605, 11.3788544 47.2708566)"
4481,6.0,,,,32.372,,5,,6.000000000000001,"LINESTRING (11.3779906 47.2721155, 11.3783913 47.2720114)"
4482,6.0,,,,8.042,,5,,6.000000000000001,"LINESTRING (11.3779906 47.2721155, 11.3779032 47.2720741)"
4483,6.0,,,,312.284,,5,,6.000000000000001,"LINESTRING (11.3779906 47.2721155, 11.3777749 47.2722499, 11.3775388 47.2724636, 11.3772607 47.272764, 11.3771996 47.2727824, 11.377148 47.2727646, 11.3771012 47.2727251, 11.3770677 47.2724734, 11.3770427 47.2724333, 11.3769694 47.2724108, 11.3769075 47.2724156, 11.3768586 47.2724545, 11.3768282 47.2726198, 11.376756 47.2727582, 11.3766177 47.2729304, 11.3764816 47.2730449, 11.3763045 47.2731525, 11.3761781 47.2731432, 11.3756507 47.2730162, 11.3754737 47.2729835)"
4484,6.0,,,,32.165,,5,,4.0,"LINESTRING (11.3788544 47.2708566, 11.3784523 47.2707605)"
4485,6.0,,,,22.962,,5,,6.000000000000001,"LINESTRING (11.3788544 47.2708566, 11.3789558 47.2706619)"
4486,6.0,,,,90.53399999999999,,5,,4.0,"LINESTRING (11.3788544 47.2708566, 11.3787221 47.2710517, 11.3786865 47.271081, 11.3786193 47.2710866, 11.3783322 47.2710244, 11.3781164 47.2709899, 11.3779882 47.2709774, 11.3778823 47.2709885)"
4487,6.0,9.0,,,22.863,,5,,5.0,"LINESTRING (11.4113542 47.2627536, 11.4110577 47.2627959)"
4488,6.0,9.0,10.0,,113.015,,5,,5.0,"LINESTRING (11.4113542 47.2627536, 11.4120206 47.2626586, 11.4128201 47.2625454)"
4489,8.0,,,,82.48500000000001,,10,,4.0,"LINESTRING (11.4113542 47.2627536, 11.4112122 47.2628689, 11.4111272 47.2629586, 11.4109033 47.2632557, 11.4107615 47.2633723)"
4490,6.0,,,,63.761,,5,,4.0,"LINESTRING (11.4103172 47.2831618, 11.4101637 47.2831618, 11.4101245 47.2831209, 11.4100925 47.2830876, 11.4100529 47.2827078)"
4491,6.0,,,,62.779,,5,,4.0,"LINESTRING (11.3786463 47.2718851, 11.3794229 47.2720878)"
4492,6.0,,,,62.779,,5,,4.0,"LINESTRING (11.3794229 47.2720878, 11.3786463 47.2718851)"
4493,6.0,,,,17.246,,5,,6.000000000000001,"LINESTRING (11.3794229 47.2720878, 11.3794229 47.2719327)"
4494,6.0,,,,20.886,,5,,6.000000000000001,"LINESTRING (11.3794229 47.2720878, 11.3794194 47.2721462, 11.3793449 47.2722653)"
4495,6.0,,,,28.739,,5,,4.0,"LINESTRING (11.3797309 47.2720777, 11.3794723 47.2719375, 11.3794229 47.2719327)"
4496,6.0,,,,18.681,,5,,4.0,"LINESTRING (11.3794229 47.2719327, 11.3794229 47.2717647)"
4497,6.0,,,,17.246,,5,,6.000000000000001,"LINESTRING (11.3794229 47.2719327, 11.3794229 47.2720878)"
4498,6.0,,,,28.739,,5,,4.0,"LINESTRING (11.3794229 47.2719327, 11.3794723 47.2719375, 11.3797309 47.2720777)"
4499,6.0,,,,43.253,,5,,4.0,"LINESTRING (11.3802113 47.2726244, 11.379985 47.2724861, 11.379813 47.272346)"
4500,6.0,,,,18.681,,5,,4.0,"LINESTRING (11.3794229 47.2717647, 11.3794229 47.2719327)"
4501,2.0,,10.0,7.0,10.847999999999999,,5,,7.000000000000001,"LINESTRING (11.3998137 47.2515847, 11.399841 47.2516233, 11.3998675 47.251675)"
4502,8.0,,10.0,,18.074,,5,,5.0,"LINESTRING (11.3998137 47.2515847, 11.3999879 47.2515326, 11.400037 47.2515321)"
4503,2.0,,10.0,7.0,360.304,9.0,5,,6.000000000000001,"LINESTRING (11.3998137 47.2515847, 11.3997919 47.2515577, 11.3997328 47.2515014, 11.3996382 47.2514486, 11.3995422 47.2514116, 11.3993961 47.2513672, 11.3981803 47.2511008, 11.3979967 47.251065, 11.3978114 47.2510337, 11.3976481 47.2510186, 11.3975032 47.2510092, 11.3970838 47.2509773, 11.3968496 47.2509543, 11.3964528 47.2508733, 11.3959621 47.2507132, 11.3956928 47.2506265, 11.395524 47.2505797, 11.3953661 47.2505456)"
4504,5.0,,,,7.25,,5,,6.000000000000001,"LINESTRING (11.3808981 47.2734561, 11.3809458 47.2735127)"
4505,6.0,,,,90.61699999999999,,5,,4.0,"LINESTRING (11.3819835 47.2728091, 11.3818509 47.2730183, 11.3817544 47.2730896, 11.381098 47.2728843)"
4506,6.0,,,,71.82,,5,,4.0,"LINESTRING (11.3803665 47.2761077, 11.3804785 47.276081, 11.380578 47.2758488, 11.3807873 47.2755581)"
4507,5.0,,,,256.223,,5,,6.000000000000001,"LINESTRING (11.3834719 47.2749579, 11.3835414 47.2749924, 11.3837256 47.274999, 11.3839123 47.275044, 11.3840434 47.2751173, 11.3842003 47.2752445, 11.3843517 47.2753344, 11.3844629 47.2754938, 11.3845356 47.275554, 11.384642 47.2756167, 11.3847192 47.2757397, 11.3847354 47.2758024, 11.3847261 47.2759331, 11.3846298 47.2760939, 11.3844323 47.2762876, 11.3841457 47.2764259, 11.384006 47.2765289, 11.3840164 47.2766316)"
4508,5.0,,,,127.54100000000001,,5,,8.0,"LINESTRING (11.3834719 47.2749579, 11.383463 47.2749011, 11.3835027 47.2748357, 11.3835951 47.2747357, 11.3835995 47.2746186, 11.3835347 47.2744683, 11.3835458 47.2743812, 11.3835067 47.2743154, 11.3832723 47.2741787, 11.3829999 47.2740678, 11.3829962 47.2740241)"
4509,5.0,,,,114.01400000000001,,5,,6.000000000000001,"LINESTRING (11.3834719 47.2749579, 11.3833771 47.2749266, 11.3830955 47.2749357, 11.3827253 47.2748811, 11.3823015 47.274801, 11.382018 47.2747245)"
4510,5.0,,,,68.80199999999999,,5,,6.000000000000001,"LINESTRING (11.3826926 47.2745958, 11.3827556 47.2743055, 11.3829962 47.2740241)"
4511,6.0,,,,13.778,,5,,4.0,"LINESTRING (11.3806131 47.2744909, 11.3804488 47.2744368)"
4512,8.0,,,9.0,25.247,,5,,6.000000000000001,"LINESTRING (11.3806131 47.2744909, 11.3806569 47.2742658)"
4513,8.0,,,9.0,58.999,,5,,6.000000000000001,"LINESTRING (11.3806131 47.2744909, 11.3805786 47.2746741, 11.3806346 47.2750179)"
4514,8.0,,,9.0,25.247,,5,,6.000000000000001,"LINESTRING (11.3806569 47.2742658, 11.3806131 47.2744909)"
4515,6.0,,,,42.419,,5,,4.0,"LINESTRING (11.3806569 47.2742658, 11.3810196 47.2744712, 11.3810993 47.2744993)"
4516,8.0,,,9.0,88.858,,5,,8.0,"LINESTRING (11.3806569 47.2742658, 11.380647 47.2739694, 11.380731 47.2737752, 11.3809458 47.2735127)"
4517,8.0,,,,16.893,,5,,4.0,"LINESTRING (11.3819788 47.2748688, 11.3820334 47.274758, 11.382018 47.2747245)"
4518,6.0,,,,42.419,,5,,4.0,"LINESTRING (11.3810993 47.2744993, 11.3810196 47.2744712, 11.3806569 47.2742658)"
4519,8.0,,,,23.342,,5,,6.000000000000001,"LINESTRING (11.3815106 47.2746626, 11.3815622 47.2746273, 11.3816194 47.2746071, 11.3816847 47.2744994)"
4520,8.0,,,,142.256,,5,,6.000000000000001,"LINESTRING (11.3815106 47.2746626, 11.3812846 47.2751173, 11.3811778 47.2755363, 11.3811296 47.2756019, 11.3810646 47.2756504, 11.3809724 47.275663, 11.3808824 47.2756444, 11.3807873 47.2755581)"
4521,5.0,,,,62.364,,5,,4.0,"LINESTRING (11.3815106 47.2746626, 11.3813928 47.2747119, 11.3813399 47.2747942, 11.3810751 47.2750437, 11.3810527 47.2750522, 11.380976 47.2750574)"
4522,6.0,,,,13.778,,5,,4.0,"LINESTRING (11.3804488 47.2744368, 11.3806131 47.2744909)"
4523,8.0,,,,16.893,,5,,4.0,"LINESTRING (11.382018 47.2747245, 11.3820334 47.274758, 11.3819788 47.2748688)"
4524,8.0,,,,39.340999999999994,,5,,6.000000000000001,"LINESTRING (11.382018 47.2747245, 11.3818837 47.2746637, 11.381821 47.2746072, 11.3817738 47.2745093, 11.3817314 47.2744869, 11.3816847 47.2744994)"
4525,5.0,,,,114.014,,5,,6.000000000000001,"LINESTRING (11.382018 47.2747245, 11.3823015 47.274801, 11.3827253 47.2748811, 11.3830955 47.2749357, 11.3833771 47.2749266, 11.3834719 47.2749579)"
4526,5.0,,,,127.541,,5,,8.0,"LINESTRING (11.3829962 47.2740241, 11.3829999 47.2740678, 11.3832723 47.2741787, 11.3835067 47.2743154, 11.3835458 47.2743812, 11.3835347 47.2744683, 11.3835995 47.2746186, 11.3835951 47.2747357, 11.3835027 47.2748357, 11.383463 47.2749011, 11.3834719 47.2749579)"
4527,5.0,,,,206.411,,5,,7.000000000000001,"LINESTRING (11.3829962 47.2740241, 11.3831851 47.2739917, 11.3833995 47.2738803, 11.3835955 47.273868, 11.3837698 47.2738961, 11.3839093 47.2739717, 11.3840433 47.2740097, 11.3841815 47.2739899, 11.3843586 47.273878, 11.3844569 47.2737372, 11.3845269 47.273603, 11.384583 47.2734341, 11.3847015 47.2733392, 11.3850086 47.2733101)"
4528,5.0,,,,68.80199999999999,,5,,6.000000000000001,"LINESTRING (11.3829962 47.2740241, 11.3827556 47.2743055, 11.3826926 47.2745958)"
4529,5.0,,7.0,,197.643,,5,,6.000000000000001,"LINESTRING (11.3829962 47.2740241, 11.3832991 47.2741048, 11.3834859 47.2740784, 11.383639 47.2741759, 11.3836804 47.2742671, 11.3836821 47.2743928, 11.3837446 47.2745654, 11.3837654 47.2747407, 11.3838068 47.2747573, 11.3840845 47.2747421, 11.3842655 47.2747553, 11.3844109 47.2747232, 11.3845597 47.2746268, 11.3846231 47.2745132)"
4530,5.0,,7.0,,120.441,,5,,8.0,"LINESTRING (11.3829962 47.2740241, 11.3829011 47.2740072, 11.3827788 47.2740371, 11.3827542 47.2740729, 11.3826396 47.274153, 11.3825038 47.2742055, 11.3823478 47.2742394, 11.3821511 47.2742428, 11.3819756 47.2742719, 11.3817879 47.2743907, 11.3817307 47.2744418, 11.3816847 47.2744994)"
4531,8.0,,,,28.2,,5,,6.000000000000001,"LINESTRING (11.386317 47.2744493, 11.3864729 47.2746798)"
4532,8.0,,,,45.459,,5,,6.000000000000001,"LINESTRING (11.386317 47.2744493, 11.3862082 47.2742368, 11.3861001 47.2740682)"
4533,6.0,,,,30.744,,5,,4.0,"LINESTRING (11.386317 47.2744493, 11.3863604 47.2743818, 11.3863803 47.274369, 11.3864061 47.2743717, 11.3865741 47.2744931)"
4534,6.0,,,,25.503,,5,,4.0,"LINESTRING (11.386388 47.2739535, 11.3861955 47.27401, 11.3861001 47.2740682)"
4535,8.0,,,,45.459,,5,,6.000000000000001,"LINESTRING (11.3861001 47.2740682, 11.3862082 47.2742368, 11.386317 47.2744493)"
4536,8.0,,,,86.48599999999999,,5,,4.0,"LINESTRING (11.3861001 47.2740682, 11.3859941 47.2739673, 11.385815 47.2737436, 11.3856392 47.273585, 11.3854196 47.2734503)"
4537,6.0,,,,25.503,,5,,4.0,"LINESTRING (11.3861001 47.2740682, 11.3861955 47.27401, 11.386388 47.2739535)"
4538,6.0,,,,30.744,,5,,4.0,"LINESTRING (11.3865741 47.2744931, 11.3864061 47.2743717, 11.3863803 47.274369, 11.3863604 47.2743818, 11.386317 47.2744493)"
4539,6.0,,,,130.274,,5,,5.0,"LINESTRING (11.3882025 47.2743897, 11.388278 47.2744569, 11.3882741 47.2745347, 11.3882559 47.2745727, 11.3882064 47.274601, 11.3878728 47.2747018, 11.3876552 47.2747477, 11.3874689 47.2747778, 11.3873946 47.2748025, 11.3873255 47.2748406, 11.3872578 47.2749033, 11.3870985 47.2750701)"
4540,6.0,,,,65.432,,5,,5.0,"LINESTRING (11.3898857 47.2745419, 11.3899389 47.2745963, 11.3899357 47.2746253, 11.3898857 47.2746699, 11.3896806 47.2747929, 11.389624 47.2748024, 11.3895692 47.2747948, 11.3894739 47.2747191, 11.3894036 47.2746609)"
4541,8.0,,10.0,,7.002,,5,,6.000000000000001,"LINESTRING (11.3915187 47.2761227, 11.3915288 47.2760601)"
4542,8.0,,10.0,,100.49999999999999,,5,,6.000000000000001,"LINESTRING (11.3915187 47.2761227, 11.3915475 47.2761953, 11.3915592 47.2762415, 11.3915673 47.2762828, 11.3915634 47.2763472, 11.3915595 47.2763933, 11.3915533 47.2764123, 11.3915396 47.2764288, 11.3915188 47.2764446, 11.3914865 47.2764611, 11.3914504 47.2764755, 11.3911513 47.2765585, 11.3910969 47.2765631, 11.3910497 47.2765603, 11.3909261 47.2765409, 11.3908864 47.2765338, 11.3908587 47.2765303, 11.3908264 47.2765294, 11.3907964 47.2765298, 11.3907227 47.2765331)"
4543,6.0,,,,66.011,,5,,4.0,"LINESTRING (11.3915187 47.2761227, 11.3911792 47.2762169, 11.3908256 47.2763832, 11.3907869 47.2764291)"
4544,6.0,,,,16.798,,5,,4.0,"LINESTRING (11.3904343 47.275447, 11.3903788 47.2753007)"
4545,6.0,,,,50.995,,5,,4.0,"LINESTRING (11.3904343 47.275447, 11.3905058 47.2754189, 11.3905581 47.2752808, 11.3906197 47.2752074, 11.3905178 47.2750461)"
4546,6.0,,,,15.49,,5,,6.000000000000001,"LINESTRING (11.3904343 47.275447, 11.3903572 47.2754477, 11.3902303 47.2754353)"
4547,6.0,,,,22.242,,5,,4.0,"LINESTRING (11.3902303 47.2754353, 11.3901534 47.2752422)"
4548,6.0,,,,15.49,,5,,6.000000000000001,"LINESTRING (11.3902303 47.2754353, 11.3903572 47.2754477, 11.3904343 47.275447)"
4549,6.0,,,,57.220000000000006,,5,,6.000000000000001,"LINESTRING (11.3902303 47.2754353, 11.3899898 47.275479, 11.3899446 47.2754701, 11.3898178 47.2753971, 11.3896876 47.2753413, 11.3895477 47.2753243)"
4550,6.0,,,,80.86699999999999,,5,,4.0,"LINESTRING (11.3905538 47.2740206, 11.3904784 47.2739801, 11.3903086 47.2739129, 11.3902881 47.2738638, 11.3903322 47.2738126, 11.3903919 47.273787, 11.3905507 47.273835, 11.3906183 47.2738361, 11.390678 47.2738115, 11.3908114 47.2736806)"
4551,6.0,,,,3.791,,5,,6.000000000000001,"LINESTRING (11.3895477 47.2753243, 11.3895296 47.2753561)"
4552,6.0,,,,57.22,,5,,6.000000000000001,"LINESTRING (11.3895477 47.2753243, 11.3896876 47.2753413, 11.3898178 47.2753971, 11.3899446 47.2754701, 11.3899898 47.275479, 11.3902303 47.2754353)"
4553,8.0,,,,272.262,,5,,6.000000000000001,"LINESTRING (11.3895477 47.2753243, 11.389403 47.2753163, 11.3893718 47.2753115, 11.3893608 47.2752931, 11.3893753 47.2752721, 11.3898448 47.2750221, 11.3902888 47.2747828, 11.3907118 47.2746231, 11.3909517 47.2745284, 11.3911675 47.274304, 11.3911306 47.2741283, 11.3911289 47.2740805, 11.3911447 47.2739725, 11.391141 47.2739485, 11.3911333 47.2739252, 11.3910861 47.2738734, 11.3908114 47.2736806)"
4554,6.0,,,,22.242,,5,,4.0,"LINESTRING (11.3901534 47.2752422, 11.3902303 47.2754353)"
4555,8.0,,,,272.262,,5,,6.000000000000001,"LINESTRING (11.3908114 47.2736806, 11.3910861 47.2738734, 11.3911333 47.2739252, 11.391141 47.2739485, 11.3911447 47.2739725, 11.3911289 47.2740805, 11.3911306 47.2741283, 11.3911675 47.274304, 11.3909517 47.2745284, 11.3907118 47.2746231, 11.3902888 47.2747828, 11.3898448 47.2750221, 11.3893753 47.2752721, 11.3893608 47.2752931, 11.3893718 47.2753115, 11.389403 47.2753163, 11.3895477 47.2753243)"
4556,8.0,,,,41.923,,5,,5.0,"LINESTRING (11.3908114 47.2736806, 11.3906841 47.2735743, 11.3905644 47.2733484)"
4557,6.0,,,,80.86699999999999,,5,,4.0,"LINESTRING (11.3908114 47.2736806, 11.390678 47.2738115, 11.3906183 47.2738361, 11.3905507 47.273835, 11.3903919 47.273787, 11.3903322 47.2738126, 11.3902881 47.2738638, 11.3903086 47.2739129, 11.3904784 47.2739801, 11.3905538 47.2740206)"
4558,8.0,,4.0,,19.898,,5,,3.0000000000000004,"LINESTRING (11.3915263 47.2740855, 11.3917458 47.2739863)"
4559,6.0,,,,50.995,,5,,4.0,"LINESTRING (11.3905178 47.2750461, 11.3906197 47.2752074, 11.3905581 47.2752808, 11.3905058 47.2754189, 11.3904343 47.275447)"
4560,6.0,,,,16.798,,5,,4.0,"LINESTRING (11.3903788 47.2753007, 11.3904343 47.275447)"
4561,6.0,,,,58.665000000000006,,5,,3.0000000000000004,"LINESTRING (11.3955971 47.2759268, 11.3956134 47.2759143, 11.3956123 47.2758951, 11.3955851 47.2758535, 11.3954857 47.2756669, 11.3954067 47.2755838, 11.3953297 47.2754444)"
4562,6.0,,,,89.917,,5,,4.0,"LINESTRING (11.4025536 47.2812541, 11.4030181 47.2813491, 11.4031558 47.281406, 11.4032277 47.2814653, 11.4033833 47.281739)"
4563,6.0,,,,189.04000000000002,,5,,4.0,"LINESTRING (11.4025979 47.2806375, 11.4021761 47.2804124, 11.402026 47.2803497, 11.4020077 47.2803421, 11.401994 47.2803334, 11.4019884 47.2803216, 11.4019943 47.2803114, 11.4020076 47.2803064, 11.4020339 47.2803093, 11.4027171 47.280541, 11.4030303 47.2805771, 11.4034646 47.2806765, 11.4034862 47.2806808, 11.4035078 47.2806828, 11.403525 47.2806823, 11.4035366 47.2806789, 11.4035457 47.2806742, 11.4035702 47.2806438)"
4564,8.0,,,,4.05,,5,,6.000000000000001,"LINESTRING (11.3954338 47.2797635, 11.395409 47.2797637, 11.3953818 47.2797571)"
4565,8.0,,,,109.501,,5,,6.000000000000001,"LINESTRING (11.3954338 47.2797635, 11.3954615 47.2797528, 11.3954805 47.279737, 11.3955273 47.2796849, 11.3957189 47.2795195, 11.3960147 47.279316, 11.3960494 47.2792971, 11.3962642 47.2791803, 11.3964581 47.2790748)"
4566,6.0,,,,54.332,,5,,4.0,"LINESTRING (11.3954338 47.2797635, 11.3954748 47.2798254, 11.3956772 47.2799883, 11.3957081 47.2800353, 11.3957042 47.2800732, 11.3956445 47.2801843)"
4567,6.0,,,,108.62299999999999,,5,,4.0,"LINESTRING (11.3976052 47.2796386, 11.3972338 47.2793412, 11.3968814 47.2791687, 11.3967542 47.2790812, 11.3966468 47.2789283)"
4568,6.0,,,,54.332,,5,,4.0,"LINESTRING (11.3956445 47.2801843, 11.3957042 47.2800732, 11.3957081 47.2800353, 11.3956772 47.2799883, 11.3954748 47.2798254, 11.3954338 47.2797635)"
4569,6.0,,,,9.241,,5,,6.000000000000001,"LINESTRING (11.3901135 47.2770269, 11.3902234 47.2770636)"
4570,6.0,,,,75.773,,5,,4.0,"LINESTRING (11.3901135 47.2770269, 11.390305 47.2770225, 11.3905575 47.276942, 11.3908348 47.276862, 11.3908917 47.2768592, 11.3910517 47.276908)"
4571,6.0,,,,17.878,,5,,6.000000000000001,"LINESTRING (11.3901135 47.2770269, 11.3899333 47.2769833, 11.389897 47.2769645)"
4572,6.0,,,,57.757,,5,,4.0,"LINESTRING (11.3899153 47.2775391, 11.3899964 47.2774101, 11.3902234 47.2770636)"
4573,6.0,,,,90.56700000000001,,5,,4.0,"LINESTRING (11.3906557 47.2755472, 11.3906675 47.2756987, 11.3906659 47.2757107, 11.3906615 47.2757217, 11.3906492 47.2757285, 11.3906313 47.2757316, 11.3906105 47.2757329, 11.3901929 47.2757325, 11.3901688 47.2757257, 11.3901508 47.2757175, 11.3901318 47.2757061, 11.3901197 47.2756944, 11.3901108 47.2756811, 11.3901031 47.2756635, 11.3900849 47.2756038, 11.3900739 47.2755816, 11.3900614 47.2755645, 11.3900445 47.2755496, 11.390025 47.2755401, 11.3900016 47.2755359, 11.389981 47.2755361, 11.3899075 47.2755531)"
4574,6.0,,,,66.01100000000001,,5,,4.0,"LINESTRING (11.3907869 47.2764291, 11.3908256 47.2763832, 11.3911792 47.2762169, 11.3915187 47.2761227)"
4575,6.0,,,,75.773,,5,,4.0,"LINESTRING (11.3910517 47.276908, 11.3908917 47.2768592, 11.3908348 47.276862, 11.3905575 47.276942, 11.390305 47.2770225, 11.3901135 47.2770269)"
4576,6.0,,,,80.214,,5,,4.0,"LINESTRING (11.39037 47.2761975, 11.3903158 47.2761504, 11.390204 47.276009, 11.3900142 47.2756594, 11.3899075 47.2755531)"
4577,6.0,,,,24.36,,5,,4.0,"LINESTRING (11.3946147 47.2775732, 11.3944217 47.2775289, 11.3943325 47.2774753)"
4578,6.0,,,,146.549,,5,,6.000000000000001,"LINESTRING (11.3946147 47.2775732, 11.3948051 47.2775783, 11.3955395 47.2778834, 11.3958716 47.2780258, 11.3960518 47.2781962, 11.3961212 47.2782391, 11.3962148 47.2782502)"
4579,6.0,,,,27.466,,5,,6.000000000000001,"LINESTRING (11.3946147 47.2775732, 11.3945118 47.277703, 11.3943965 47.2777647)"
4580,6.0,,,,44.608,,5,,4.0,"LINESTRING (11.3933989 47.2768008, 11.3932286 47.2766943, 11.3931116 47.2767717, 11.3929768 47.2767496, 11.392929 47.2767714)"
4581,6.0,,,,68.718,,5,,4.0,"LINESTRING (11.3943965 47.2777647, 11.3942567 47.2780615, 11.3941808 47.278128, 11.3940715 47.2781406, 11.3938549 47.2781343)"
4582,6.0,,,,43.050000000000004,,5,,4.0,"LINESTRING (11.3943965 47.2777647, 11.3942943 47.2777622, 11.3940897 47.2777321, 11.3940305 47.2777401, 11.3940068 47.2777602, 11.3939609 47.2778647)"
4583,6.0,,,,27.466,,5,,6.000000000000001,"LINESTRING (11.3943965 47.2777647, 11.3945118 47.277703, 11.3946147 47.2775732)"
4584,6.0,,,,43.05,,5,,4.0,"LINESTRING (11.3939609 47.2778647, 11.3940068 47.2777602, 11.3940305 47.2777401, 11.3940897 47.2777321, 11.3942943 47.2777622, 11.3943965 47.2777647)"
4585,6.0,,,,68.71799999999999,,5,,4.0,"LINESTRING (11.3938549 47.2781343, 11.3940715 47.2781406, 11.3941808 47.278128, 11.3942567 47.2780615, 11.3943965 47.2777647)"
4586,6.0,,,,67.136,,5,,4.0,"LINESTRING (11.4226128 47.2620907, 11.4226024 47.2620747, 11.4225884 47.2620624, 11.4225632 47.26205, 11.4225162 47.2620331, 11.4224899 47.2620254, 11.4224635 47.2620206, 11.4224328 47.2620203, 11.4224042 47.2620244, 11.4223783 47.2620312, 11.4223567 47.2620424, 11.4223414 47.2620564, 11.4220981 47.2623988)"
4587,8.0,,,,85.474,,5,,6.000000000000001,"LINESTRING (11.4200257 47.2618647, 11.4199852 47.2618746, 11.4199487 47.2618938, 11.4199154 47.2619176, 11.4198861 47.2619494, 11.419445 47.2625126)"
4588,8.0,,,,169.341,,5,,6.000000000000001,"LINESTRING (11.4200257 47.2618647, 11.4200677 47.261856, 11.4201016 47.2618537, 11.4201434 47.2618568, 11.4210244 47.2620251, 11.4212284 47.2620815, 11.4215093 47.2621674, 11.4220981 47.2623988)"
4589,6.0,,,,45.126,,5,,4.0,"LINESTRING (11.4200257 47.2618647, 11.419913 47.261736, 11.4200889 47.2615094)"
4590,8.0,,,,14.838,,5,,6.000000000000001,"LINESTRING (11.4222205 47.2624994, 11.4222035 47.2624708, 11.4221807 47.2624468, 11.4221453 47.2624222, 11.4220981 47.2623988)"
4591,8.0,,,,73.697,,5,,6.000000000000001,"LINESTRING (11.4222205 47.2624994, 11.4222341 47.2625333, 11.4222375 47.2625574, 11.4222313 47.2625839, 11.4222158 47.2626098, 11.4218817 47.2631094)"
4592,6.0,,,,33.806,,5,,6.000000000000001,"LINESTRING (11.4222205 47.2624994, 11.4223943 47.262482, 11.4225377 47.2625236, 11.4225673 47.2625258, 11.4225946 47.2625246, 11.4226117 47.2625195, 11.4226253 47.2625098, 11.4226338 47.2624969)"
4593,8.0,,,,169.341,,5,,6.000000000000001,"LINESTRING (11.4220981 47.2623988, 11.4215093 47.2621674, 11.4212284 47.2620815, 11.4210244 47.2620251, 11.4201434 47.2618568, 11.4201016 47.2618537, 11.4200677 47.261856, 11.4200257 47.2618647)"
4594,8.0,,,,14.838,,5,,6.000000000000001,"LINESTRING (11.4220981 47.2623988, 11.4221453 47.2624222, 11.4221807 47.2624468, 11.4222035 47.2624708, 11.4222205 47.2624994)"
4595,6.0,,,,67.136,,5,,4.0,"LINESTRING (11.4220981 47.2623988, 11.4223414 47.2620564, 11.4223567 47.2620424, 11.4223783 47.2620312, 11.4224042 47.2620244, 11.4224328 47.2620203, 11.4224635 47.2620206, 11.4224899 47.2620254, 11.4225162 47.2620331, 11.4225632 47.26205, 11.4225884 47.2620624, 11.4226024 47.2620747, 11.4226128 47.2620907)"
4596,6.0,,,,8.692,,5,,6.000000000000001,"LINESTRING (11.3879023 47.2752539, 11.3879213 47.2751768)"
4597,6.0,,,,21.618,,5,,4.0,"LINESTRING (11.3879023 47.2752539, 11.3879199 47.2752647, 11.3880332 47.2754256)"
4598,6.0,,,,81.64300000000001,,5,,8.0,"LINESTRING (11.3879023 47.2752539, 11.3877464 47.2753004, 11.3877218 47.2753155, 11.387702 47.2753347, 11.3876908 47.2753546, 11.3876857 47.2753767, 11.3876849 47.2753994, 11.3877029 47.2754475, 11.3877338 47.2754999, 11.3878706 47.2756605, 11.3878824 47.275671, 11.3879003 47.2756825, 11.387926 47.2756963, 11.387955 47.2757088, 11.3879832 47.2757217, 11.3879985 47.2757322, 11.3880084 47.2757443, 11.3880122 47.2757636, 11.3880252 47.2758312)"
4599,6.0,,,,21.618,,5,,4.0,"LINESTRING (11.3880332 47.2754256, 11.3879199 47.2752647, 11.3879023 47.2752539)"
4600,5.0,,,,33.863,,5,,2.0,"LINESTRING (11.3969783 47.2784283, 11.3971201 47.2785062, 11.3971983 47.2785493, 11.3972882 47.2786437)"
4601,6.0,,,,19.602,,5,,4.0,"LINESTRING (11.3964529 47.2782305, 11.396352 47.2782064, 11.3961992 47.2782094)"
4602,8.0,,,,4.687,,5,,6.000000000000001,"LINESTRING (11.3961992 47.2782094, 11.3962148 47.2782502)"
4603,8.0,,,,128.23700000000002,,5,,6.000000000000001,"LINESTRING (11.3961992 47.2782094, 11.3960719 47.2778774, 11.3959284 47.277735, 11.3953409 47.2774149, 11.3952389 47.277309)"
4604,6.0,,,,19.602,,5,,4.0,"LINESTRING (11.3961992 47.2782094, 11.396352 47.2782064, 11.3964529 47.2782305)"
4605,5.0,,,,33.863,,5,,2.0,"LINESTRING (11.3972882 47.2786437, 11.3971983 47.2785493, 11.3971201 47.2785062, 11.3969783 47.2784283)"
4606,6.0,,,,48.876999999999995,,5,,4.0,"LINESTRING (11.3854914 47.2778419, 11.3854583 47.2777121, 11.3855004 47.2774056)"
4607,6.0,,,,40.372,,5,,7.000000000000001,"LINESTRING (11.3854914 47.2778419, 11.3855967 47.2780713, 11.3857252 47.2781578)"
4608,6.0,,,,62.906,,5,,4.0,"LINESTRING (11.3854914 47.2778419, 11.3855437 47.2775713, 11.3856294 47.2773953, 11.3856455 47.277326, 11.3856357 47.2772893)"
4609,6.0,,,,12.371,,5,,4.0,"LINESTRING (11.38602 47.2766448, 11.3858916 47.2765756)"
4610,6.0,,,,73.458,,5,,4.0,"LINESTRING (11.3869882 47.2775588, 11.386851 47.2774489, 11.3867762 47.2774344, 11.386695 47.2774439, 11.3865054 47.2774974, 11.386352 47.2775539, 11.3861564 47.2776242)"
4611,6.0,,,,73.00399999999999,,5,,6.000000000000001,"LINESTRING (11.3870956 47.2773002, 11.3872439 47.2773046, 11.3874175 47.2773251, 11.3875976 47.277269, 11.3877189 47.2771989, 11.3878603 47.2770306)"
4612,6.0,,,,82.82799999999999,,5,,6.000000000000001,"LINESTRING (11.3870956 47.2773002, 11.3868812 47.2773036, 11.3865132 47.2773983, 11.3862429 47.2775517, 11.3861564 47.2776242)"
4613,6.0,,,,64.79,,5,,4.0,"LINESTRING (11.3870956 47.2773002, 11.3873054 47.2774935, 11.3875744 47.2776374, 11.3877021 47.2777055)"
4614,6.0,,,,35.457,,5,,5.0,"LINESTRING (11.3858082 47.2768338, 11.3857298 47.2767794, 11.3854453 47.276694, 11.3854387 47.2766626)"
4615,6.0,,,,42.496,,5,,5.0,"LINESTRING (11.3861334 47.2778988, 11.3860764 47.277922, 11.3858005 47.2781262, 11.3857252 47.2781578)"
4616,6.0,,,,12.371,,5,,4.0,"LINESTRING (11.3858916 47.2765756, 11.38602 47.2766448)"
4617,6.0,,,,36.035,,5,,7.000000000000001,"LINESTRING (11.3858916 47.2765756, 11.3856196 47.2766556, 11.3854387 47.2766626)"
4618,6.0,,,,40.537,,5,,6.000000000000001,"LINESTRING (11.3858916 47.2765756, 11.3861928 47.2765119, 11.3863595 47.2764126)"
4619,6.0,,,,82.828,,5,,6.000000000000001,"LINESTRING (11.3861564 47.2776242, 11.3862429 47.2775517, 11.3865132 47.2773983, 11.3868812 47.2773036, 11.3870956 47.2773002)"
4620,6.0,,,,68.089,,5,,7.000000000000001,"LINESTRING (11.3861564 47.2776242, 11.3860572 47.277719, 11.3859647 47.2778524, 11.3857843 47.278038, 11.3857252 47.2781578)"
4621,6.0,,,,73.458,,5,,4.0,"LINESTRING (11.3861564 47.2776242, 11.386352 47.2775539, 11.3865054 47.2774974, 11.386695 47.2774439, 11.3867762 47.2774344, 11.386851 47.2774489, 11.3869882 47.2775588)"
4622,6.0,,,,234.087,,5,,4.0,"LINESTRING (11.3856606 47.2760392, 11.38561 47.2759915, 11.3855939 47.2758976, 11.3855712 47.2758725, 11.3855305 47.2758579, 11.3854886 47.2758702, 11.3854686 47.2758965, 11.385466 47.276112, 11.385423 47.2761612, 11.3853524 47.2761881, 11.3852735 47.2762017, 11.3850897 47.276209, 11.3850159 47.2762305, 11.3849557 47.2762639, 11.3848299 47.2763654, 11.3846766 47.2764409, 11.384383 47.2765634, 11.3843182 47.2765682, 11.3842633 47.2765466, 11.3842411 47.2765119, 11.3842604 47.2764755, 11.3844107 47.2763981, 11.3845236 47.2763131, 11.3846821 47.2761486, 11.3847886 47.2760555)"
4623,6.0,,,,80.37800000000001,,5,,7.000000000000001,"LINESTRING (11.3856606 47.2760392, 11.3857489 47.276143, 11.3857529 47.2762199, 11.3857088 47.2762922, 11.3854686 47.2764761, 11.3854108 47.2765361, 11.3854063 47.2766018, 11.3854387 47.2766626)"
4624,6.0,,,,35.269,,5,,4.0,"LINESTRING (11.3856606 47.2760392, 11.3856682 47.2759647, 11.3857193 47.275841, 11.3858446 47.275765)"
4625,6.0,,,,35.269,,5,,4.0,"LINESTRING (11.3858446 47.275765, 11.3857193 47.275841, 11.3856682 47.2759647, 11.3856606 47.2760392)"
4626,6.0,,,,234.087,,5,,4.0,"LINESTRING (11.3847886 47.2760555, 11.3846821 47.2761486, 11.3845236 47.2763131, 11.3844107 47.2763981, 11.3842604 47.2764755, 11.3842411 47.2765119, 11.3842633 47.2765466, 11.3843182 47.2765682, 11.384383 47.2765634, 11.3846766 47.2764409, 11.3848299 47.2763654, 11.3849557 47.2762639, 11.3850159 47.2762305, 11.3850897 47.276209, 11.3852735 47.2762017, 11.3853524 47.2761881, 11.385423 47.2761612, 11.385466 47.276112, 11.3854686 47.2758965, 11.3854886 47.2758702, 11.3855305 47.2758579, 11.3855712 47.2758725, 11.3855939 47.2758976, 11.38561 47.2759915, 11.3856606 47.2760392)"
4627,6.0,,,,62.906,,5,,4.0,"LINESTRING (11.3856357 47.2772893, 11.3856455 47.277326, 11.3856294 47.2773953, 11.3855437 47.2775713, 11.3854914 47.2778419)"
4628,6.0,,,,64.79,,5,,4.0,"LINESTRING (11.3877021 47.2777055, 11.3875744 47.2776374, 11.3873054 47.2774935, 11.3870956 47.2773002)"
4629,5.0,,,,41.539,,5,,4.0,"LINESTRING (11.3987834 47.2827352, 11.3987459 47.2827154, 11.398725 47.282688, 11.3987366 47.2825793, 11.3986978 47.2825181, 11.3986453 47.2824588, 11.3986123 47.282438, 11.3985656 47.2824228)"
4630,2.0,,10.0,7.0,19.546,,10,,4.0,"LINESTRING (11.4033244 47.2789428, 11.403552 47.2790268)"
4631,2.0,,10.0,7.0,8.617,5.0,5,,5.0,"LINESTRING (11.4033244 47.2789428, 11.4032397 47.2788908)"
4632,8.0,,,9.0,179.919,,10,,4.0,"LINESTRING (11.4039958 47.2790508, 11.4039806 47.2789388, 11.4036562 47.2774494)"
4633,6.0,,10.0,,37.117000000000004,,10,,4.0,"LINESTRING (11.4039958 47.2790508, 11.4041698 47.278958, 11.40438 47.2788423)"
4634,5.0,,,,76.73,,5,,2.0,"LINESTRING (11.4344639 47.2581149, 11.434273 47.2577896, 11.4340094 47.2575006)"
4635,5.0,,,,76.73,,5,,2.0,"LINESTRING (11.4340094 47.2575006, 11.434273 47.2577896, 11.4344639 47.2581149)"
4636,5.0,,,,26.093,,5,,2.0,"LINESTRING (11.4336292 47.2569998, 11.4338313 47.2571902)"
4637,6.0,,,,21.661,,5,,4.0,"LINESTRING (11.3869031 47.2791857, 11.386669 47.2790729)"
4638,6.0,,,,13.784,,5,,3.0000000000000004,"LINESTRING (11.3862073 47.2791858, 11.3863579 47.279256)"
4639,6.0,,,,57.17700000000001,,5,,4.0,"LINESTRING (11.3867393 47.2785901, 11.3868282 47.2785257, 11.3868869 47.2785063, 11.3869546 47.2784981, 11.3870118 47.2785206, 11.3870224 47.2785574, 11.3869893 47.278587, 11.3868326 47.278637, 11.3867985 47.2786574, 11.3868 47.2786913, 11.3868458 47.2787032)"
4640,6.0,,,,31.069,,5,,5.0,"LINESTRING (11.386669 47.2790729, 11.3863579 47.279256)"
4641,6.0,,,,21.661,,5,,4.0,"LINESTRING (11.386669 47.2790729, 11.3869031 47.2791857)"
4642,6.0,,,,116.015,,5,,5.0,"LINESTRING (11.386669 47.2790729, 11.3865456 47.2790134, 11.3864327 47.2789802, 11.3864214 47.2789495, 11.3864666 47.2789291, 11.3869709 47.2789112, 11.3873303 47.2789355, 11.3876181 47.2788876)"
4643,6.0,,,,13.784,,5,,3.0000000000000004,"LINESTRING (11.3863579 47.279256, 11.3862073 47.2791858)"
4644,6.0,,,,31.069,,5,,5.0,"LINESTRING (11.3863579 47.279256, 11.386669 47.2790729)"
4645,6.0,,,,43.862,,5,,4.0,"LINESTRING (11.3862714 47.2787512, 11.3864551 47.2787226, 11.3867291 47.2787186, 11.3868458 47.2787032)"
4646,6.0,,,,43.861999999999995,,5,,4.0,"LINESTRING (11.3868458 47.2787032, 11.3867291 47.2787186, 11.3864551 47.2787226, 11.3862714 47.2787512)"
4647,6.0,,,,57.177,,5,,4.0,"LINESTRING (11.3868458 47.2787032, 11.3868 47.2786913, 11.3867985 47.2786574, 11.3868326 47.278637, 11.3869893 47.278587, 11.3870224 47.2785574, 11.3870118 47.2785206, 11.3869546 47.2784981, 11.3868869 47.2785063, 11.3868282 47.2785257, 11.3867393 47.2785901)"
4648,6.0,,,,67.898,,5,,6.000000000000001,"LINESTRING (11.3868458 47.2787032, 11.386921 47.2786863, 11.3871288 47.2786563, 11.3876447 47.2785894, 11.3877268 47.2785805)"
4649,5.0,,,,30.761999999999997,,5,,2.0,"LINESTRING (11.3957501 47.2809629, 11.3956982 47.2809153, 11.3956839 47.2808988, 11.3956749 47.2808823, 11.3956708 47.2808678, 11.3956645 47.2808252, 11.3956604 47.280783, 11.395661 47.2807628, 11.3956692 47.2807477, 11.3956821 47.2807379, 11.3957027 47.2807317, 11.3957264 47.2807307)"
4650,5.0,,,,30.761999999999997,,5,,2.0,"LINESTRING (11.3957264 47.2807307, 11.3957027 47.2807317, 11.3956821 47.2807379, 11.3956692 47.2807477, 11.395661 47.2807628, 11.3956604 47.280783, 11.3956645 47.2808252, 11.3956708 47.2808678, 11.3956749 47.2808823, 11.3956839 47.2808988, 11.3956982 47.2809153, 11.3957501 47.2809629)"
4651,8.0,,,,17.094,,5,,4.0,"LINESTRING (11.4243709 47.2561284, 11.4243196 47.2561554, 11.4242521 47.2561579, 11.4241657 47.2561328)"
4652,2.0,,10.0,,8.174,5.0,10,,4.0,"LINESTRING (11.3749014 47.2639468, 11.3748999 47.2638733)"
4653,6.0,,,,93.47800000000001,,5,,3.0000000000000004,"LINESTRING (11.3749014 47.2639468, 11.3739591 47.2638405, 11.3736789 47.263811)"
4654,6.0,,,,3.753,,5,,6.000000000000001,"LINESTRING (11.3758405 47.2593409, 11.3758271 47.2593734)"
4655,6.0,,,,131.36599999999999,,10,,6.000000000000001,"LINESTRING (11.3758405 47.2593409, 11.3759133 47.2593465, 11.3759755 47.2593483, 11.3760213 47.2593331, 11.3760584 47.2593008, 11.376096 47.2592883, 11.3765789 47.2593686, 11.3766101 47.2594036, 11.3766109 47.2594485, 11.3765757 47.2594786, 11.3765131 47.2594897, 11.3758271 47.2593734)"
4656,6.0,,,,29.209,,5,,7.000000000000001,"LINESTRING (11.3758405 47.2593409, 11.3759077 47.2591806, 11.3759302 47.2590858)"
4657,5.0,,6.0,,44.319,,5,,7.000000000000001,"LINESTRING (11.426705 47.2540151, 11.426298 47.2543024)"
4658,5.0,,9.0,,60.15,,5,2.0,6.000000000000001,"LINESTRING (11.426705 47.2540151, 11.4266959 47.2541514, 11.4267498 47.2542418, 11.4270275 47.2544841)"
4659,5.0,,9.0,,79.94200000000001,,5,2.0,6.000000000000001,"LINESTRING (11.426705 47.2540151, 11.4267737 47.253934, 11.4268901 47.2538826, 11.4270901 47.2538554, 11.4275215 47.2538727, 11.4275824 47.2538437, 11.4276537 47.253837)"
4660,6.0,,,,16.047,,5,,6.000000000000001,"LINESTRING (11.3751828 47.2586771, 11.3753953 47.2586719)"
4661,6.0,,,,11.555,,5,,4.0,"LINESTRING (11.3751828 47.2586771, 11.3752778 47.2585956)"
4662,6.0,,,,28.478,,5,,7.000000000000001,"LINESTRING (11.3751828 47.2586771, 11.3750174 47.2589073)"
4663,6.0,,,,112.931,,5,,6.000000000000001,"LINESTRING (11.3766388 47.258069, 11.376697 47.2580988, 11.3767503 47.2581431, 11.376758 47.2581683, 11.3767532 47.258193, 11.3762573 47.2586195, 11.3759649 47.2588641)"
4664,6.0,,,,94.33200000000001,,5,,6.000000000000001,"LINESTRING (11.3766388 47.258069, 11.3765835 47.2580817, 11.3760812 47.2585342, 11.375862 47.2587253)"
4665,6.0,,,,57.477000000000004,,5,,4.0,"LINESTRING (11.3766388 47.258069, 11.3765406 47.2579517, 11.3762053 47.2576449)"
4666,6.0,,,,62.851,,10,,3.0000000000000004,"LINESTRING (11.3780767 47.2593701, 11.3780844 47.2594071, 11.3779873 47.2595184, 11.3779763 47.2595252, 11.3779637 47.2595285, 11.3779467 47.2595285, 11.3779313 47.259526, 11.3774797 47.259343)"
4667,6.0,,,,60.656,,5,,3.0000000000000004,"LINESTRING (11.3780767 47.2593701, 11.3780083 47.2593258, 11.3778856 47.2592005, 11.3778681 47.2591918, 11.3778489 47.2591857, 11.3778285 47.2591837, 11.3778116 47.2591842, 11.3777917 47.2591885, 11.3774797 47.259343)"
4668,6.0,,,,16.047,,5,,6.000000000000001,"LINESTRING (11.3753953 47.2586719, 11.3751828 47.2586771)"
4669,6.0,,,,36.765,,5,,6.000000000000001,"LINESTRING (11.3753953 47.2586719, 11.3756921 47.2588104, 11.3757538 47.2588177, 11.3758167 47.2588085)"
4670,6.0,,,,47.483999999999995,,5,,6.000000000000001,"LINESTRING (11.3753953 47.2586719, 11.3755032 47.2585632, 11.3755316 47.2585632, 11.375862 47.2587253)"
4671,6.0,,,,19.862000000000002,,5,,6.000000000000001,"LINESTRING (11.3774797 47.259343, 11.3773741 47.2593809, 11.3772949 47.2594623)"
4672,6.0,,,,60.656,,5,,5.0,"LINESTRING (11.3774797 47.259343, 11.3777917 47.2591885, 11.3778116 47.2591842, 11.3778285 47.2591837, 11.3778489 47.2591857, 11.3778681 47.2591918, 11.3778856 47.2592005, 11.3780083 47.2593258, 11.3780767 47.2593701)"
4673,6.0,,,,23.372,,5,,4.0,"LINESTRING (11.3704745 47.2604288, 11.3702037 47.2603268)"
4674,8.0,,10.0,,22.617,,5,,6.000000000000001,"LINESTRING (11.3704745 47.2604288, 11.3706297 47.2602548)"
4675,8.0,,10.0,,38.166,,5,,5.0,"LINESTRING (11.3704745 47.2604288, 11.370303 47.2607517)"
4676,6.0,,,,21.254,,5,,4.0,"LINESTRING (11.3703871 47.2601577, 11.3706297 47.2602548)"
4677,6.0,,,,23.372,,5,,4.0,"LINESTRING (11.3702037 47.2603268, 11.3704745 47.2604288)"
4678,8.0,,10.0,,38.166,,5,,5.0,"LINESTRING (11.370303 47.2607517, 11.3704745 47.2604288)"
4679,8.0,,10.0,,33.881,,5,,4.0,"LINESTRING (11.370303 47.2607517, 11.3701699 47.2610427)"
4680,8.0,,10.0,,33.881,,5,,4.0,"LINESTRING (11.3701699 47.2610427, 11.370303 47.2607517)"
4681,8.0,,10.0,,43.113,,5,,5.0,"LINESTRING (11.3701699 47.2610427, 11.3699959 47.261412)"
4682,6.0,,,,22.575,,5,,4.0,"LINESTRING (11.370285 47.2614642, 11.3699959 47.261412)"
4683,6.0,,,,22.575,,5,,4.0,"LINESTRING (11.3699959 47.261412, 11.370285 47.2614642)"
4684,8.0,,10.0,,43.113,,5,,5.0,"LINESTRING (11.3699959 47.261412, 11.3701699 47.2610427)"
4685,8.0,,10.0,,46.64,,5,,5.0,"LINESTRING (11.3699959 47.261412, 11.369796 47.2618089)"
4686,6.0,,,,106.722,,5,,4.0,"LINESTRING (11.3744257 47.2571532, 11.3741742 47.2573559, 11.3744383 47.2575116, 11.3748815 47.2571671)"
4687,6.0,,,,27.875,,5,,4.0,"LINESTRING (11.374601 47.257004, 11.3748815 47.2571671)"
4688,8.0,,,9.0,48.759,,5,,6.000000000000001,"LINESTRING (11.3745068 47.2558604, 11.3741331 47.2555027)"
4689,6.0,,,,21.726,,5,,4.0,"LINESTRING (11.3745068 47.2558604, 11.3742778 47.2559788)"
4690,8.0,,,9.0,146.789,,5,,6.000000000000001,"LINESTRING (11.3745068 47.2558604, 11.3753581 47.2566812, 11.3756404 47.2569329)"
4691,6.0,,,,177.184,,5,,4.0,"LINESTRING (11.3721751 47.2576983, 11.3723481 47.2575519, 11.3736994 47.2564865)"
4692,6.0,,,,46.788,,5,,4.0,"LINESTRING (11.372114 47.2579491, 11.3717875 47.2582146, 11.3717488 47.2582848)"
4693,8.0,,10.0,7.0,6.084,9.0,5,,6.000000000000001,"LINESTRING (11.3736994 47.2564865, 11.3736254 47.2564648)"
4694,8.0,,10.0,7.0,24.751,9.0,5,,6.000000000000001,"LINESTRING (11.3736994 47.2564865, 11.3739973 47.2565796)"
4695,6.0,,,,177.184,,5,,4.0,"LINESTRING (11.3736994 47.2564865, 11.3723481 47.2575519, 11.3721751 47.2576983)"
4696,6.0,,10.0,,28.206,,5,,6.000000000000001,"LINESTRING (11.3717488 47.2582848, 11.3713891 47.2582159)"
4697,6.0,,10.0,,38.172000000000004,,5,,6.000000000000001,"LINESTRING (11.3717488 47.2582848, 11.3720977 47.2583499, 11.3722068 47.2583682, 11.3722374 47.2583735)"
4698,6.0,,,,46.788,,5,,4.0,"LINESTRING (11.3717488 47.2582848, 11.3717875 47.2582146, 11.372114 47.2579491)"
4699,10.0,,10.0,,18.552,,5,,6.000000000000001,"LINESTRING (11.3726487 47.2637787, 11.372568 47.2639363)"
4700,10.0,,10.0,,123.699,,5,,6.000000000000001,"LINESTRING (11.3726487 47.2637787, 11.3727213 47.2636078, 11.3730144 47.2628688, 11.3731064 47.2627974, 11.3731364 47.2627258)"
4701,6.0,,10.0,,15.021,10.0,5,,6.000000000000001,"LINESTRING (11.3726487 47.2637787, 11.3725889 47.2638324, 11.3725456 47.2638534, 11.3725001 47.2638604)"
4702,8.0,,10.0,9.0,88.745,,5,,5.0,"LINESTRING (11.3706989 47.2641047, 11.369535 47.2639902)"
4703,8.0,,10.0,9.0,74.616,,5,,7.000000000000001,"LINESTRING (11.3706989 47.2641047, 11.3707249 47.2640386, 11.3710347 47.2635547, 11.3710811 47.2634866)"
4704,8.0,,10.0,,55.229000000000006,,5,,4.0,"LINESTRING (11.369663 47.2635054, 11.369678 47.2635365, 11.369535 47.2639902)"
4705,6.0,,,,19.784,,5,,5.0,"LINESTRING (11.369663 47.2635054, 11.3697064 47.2634171, 11.3697459 47.2633366)"
4706,10.0,,10.0,,116.162,,5,,6.000000000000001,"LINESTRING (11.3717323 47.2647827, 11.3717343 47.264758, 11.3718806 47.2646671, 11.372237 47.2644366, 11.372384 47.2642764, 11.3724312 47.2642031, 11.372568 47.2639363)"
4707,10.0,,10.0,,86.415,,5,,5.0,"LINESTRING (11.3717323 47.2647827, 11.3710751 47.2647491, 11.370692 47.2647199, 11.370619 47.2646729)"
4708,10.0,,10.0,,120.904,,5,,7.000000000000001,"LINESTRING (11.3717323 47.2647827, 11.3718817 47.2648013, 11.371993 47.2648035, 11.3721035 47.2648049, 11.3730699 47.2648267, 11.3732089 47.2648289, 11.3733314 47.2648276)"
4709,7.0,,,,25.917,,5,,4.0,"LINESTRING (11.3957981 47.2695243, 11.3954556 47.269542)"
4710,7.0,,,,13.662,,5,,5.0,"LINESTRING (11.3955218 47.2699994, 11.3955044 47.2698771)"
4711,7.0,,,,13.662,,5,,4.0,"LINESTRING (11.3956642 47.2699913, 11.3956468 47.269869)"
4712,7.0,,,,28.656,,5,,4.0,"LINESTRING (11.396421 47.2696309, 11.3960423 47.2696505)"
4713,6.0,,,,11.555,,5,,4.0,"LINESTRING (11.3752778 47.2585956, 11.3751828 47.2586771)"
4714,6.0,,,,94.33200000000001,,5,,6.000000000000001,"LINESTRING (11.375862 47.2587253, 11.3760812 47.2585342, 11.3765835 47.2580817, 11.3766388 47.258069)"
4715,6.0,,,,10.425,,5,,6.000000000000001,"LINESTRING (11.375862 47.2587253, 11.375816 47.2587662, 11.3758167 47.2588085)"
4716,6.0,,,,47.483999999999995,,5,,6.000000000000001,"LINESTRING (11.375862 47.2587253, 11.3755316 47.2585632, 11.3755032 47.2585632, 11.3753953 47.2586719)"
4717,6.0,,,,101.812,,5,,3.0000000000000004,"LINESTRING (11.3716793 47.2573449, 11.3714031 47.2576643, 11.3710152 47.2581418)"
4718,6.0,,,,99.084,,5,,4.0,"LINESTRING (11.3720037 47.2569621, 11.3720619 47.2568779, 11.3725821 47.2562854, 11.3726628 47.2561919)"
4719,8.0,,10.0,7.0,22.654,9.0,5,,6.000000000000001,"LINESTRING (11.3726628 47.2561919, 11.3723852 47.2561144)"
4720,8.0,,10.0,7.0,20.181,9.0,5,,6.000000000000001,"LINESTRING (11.3726628 47.2561919, 11.37291 47.2562611)"
4721,6.0,,,,99.08399999999999,,5,,4.0,"LINESTRING (11.3726628 47.2561919, 11.3725821 47.2562854, 11.3720619 47.2568779, 11.3720037 47.2569621)"
4722,6.0,,10.0,,17.009,,5,,5.0,"LINESTRING (11.3710152 47.2581418, 11.3712307 47.2581866)"
4723,6.0,,,,101.812,,5,,3.0000000000000004,"LINESTRING (11.3710152 47.2581418, 11.3714031 47.2576643, 11.3716793 47.2573449)"
4724,8.0,,,,67.225,,5,,7.000000000000001,"LINESTRING (11.3699065 47.2675945, 11.3701181 47.2674474, 11.3705717 47.2671935)"
4725,6.0,,,,27.322,,5,,4.0,"LINESTRING (11.3699065 47.2675945, 11.3698353 47.2675464, 11.3700199 47.2674206)"
4726,6.0,,,,37.754999999999995,,5,,4.0,"LINESTRING (11.3699065 47.2675945, 11.3698485 47.2676454, 11.3698262 47.2676973, 11.3698281 47.2677209, 11.3698465 47.26774, 11.3699834 47.2678364, 11.3700044 47.2678407, 11.3700408 47.2678328)"
4727,6.0,,10.0,,12.39,,5,,6.000000000000001,"LINESTRING (11.3713891 47.2582159, 11.3712307 47.2581866)"
4728,6.0,,10.0,,28.206,,5,,6.000000000000001,"LINESTRING (11.3713891 47.2582159, 11.3717488 47.2582848)"
4729,6.0,,,,45.454,,5,,4.0,"LINESTRING (11.3713891 47.2582159, 11.371425 47.2581551, 11.3717381 47.2578855)"
4730,6.0,,,,45.454,,5,,4.0,"LINESTRING (11.3717381 47.2578855, 11.371425 47.2581551, 11.3713891 47.2582159)"
4731,6.0,,,,10.995,,5,,6.000000000000001,"LINESTRING (11.3712465 47.2582849, 11.3712307 47.2581866)"
4732,6.0,,,,26.134,,5,,4.0,"LINESTRING (11.3712465 47.2582849, 11.371103 47.2584988)"
4733,6.0,,,,73.164,,5,,6.000000000000001,"LINESTRING (11.3712465 47.2582849, 11.3716844 47.2585812, 11.3719095 47.2587641)"
4734,6.0,,,,26.134,,5,,4.0,"LINESTRING (11.371103 47.2584988, 11.3712465 47.2582849)"
4735,6.0,,,,28.515,,5,,4.0,"LINESTRING (11.3733998 47.2553405, 11.3732667 47.2555805)"
4736,6.0,,,,42.515,,5,,6.000000000000001,"LINESTRING (11.3733998 47.2553405, 11.3735879 47.2549801)"
4737,6.0,,,,17.203,,5,,4.0,"LINESTRING (11.3733998 47.2553405, 11.3734191 47.2554432, 11.3734776 47.2554755)"
4738,6.0,,,,76.935,,5,,4.0,"LINESTRING (11.3721756 47.2556147, 11.3725055 47.2556992, 11.3725377 47.2557156, 11.3725579 47.2557364, 11.3725663 47.2557647, 11.3725617 47.2557929, 11.372547 47.25582, 11.3723852 47.2561144)"
4739,6.0,,,,47.406000000000006,,5,,4.0,"LINESTRING (11.3737633 47.2560414, 11.373591 47.2563627, 11.3735453 47.2564412)"
4740,6.0,,,,79.697,,5,,3.0000000000000004,"LINESTRING (11.3728482 47.2552697, 11.3730669 47.255328, 11.3733289 47.2548613, 11.3733873 47.2548192)"
4741,8.0,,10.0,7.0,20.181,9.0,5,,6.000000000000001,"LINESTRING (11.37291 47.2562611, 11.3726628 47.2561919)"
4742,6.0,,,,44.445,,5,,4.0,"LINESTRING (11.37291 47.2562611, 11.3731162 47.2558867)"
4743,8.0,,10.0,7.0,51.962,9.0,5,,6.000000000000001,"LINESTRING (11.37291 47.2562611, 11.3729769 47.2562803, 11.373353 47.256386, 11.3735453 47.2564412)"
4744,6.0,,,,17.203,,5,,4.0,"LINESTRING (11.3734776 47.2554755, 11.3734191 47.2554432, 11.3733998 47.2553405)"
4745,8.0,,10.0,7.0,22.654,9.0,5,,6.000000000000001,"LINESTRING (11.3723852 47.2561144, 11.3726628 47.2561919)"
4746,8.0,,10.0,7.0,26.296,9.0,5,,5.0,"LINESTRING (11.3723852 47.2561144, 11.3721206 47.2560399, 11.372063 47.2560244)"
4747,6.0,,,,76.935,,5,,4.0,"LINESTRING (11.3723852 47.2561144, 11.372547 47.25582, 11.3725617 47.2557929, 11.3725663 47.2557647, 11.3725579 47.2557364, 11.3725377 47.2557156, 11.3725055 47.2556992, 11.3721756 47.2556147)"
4748,6.0,,,,28.515,,5,,4.0,"LINESTRING (11.3732667 47.2555805, 11.3733998 47.2553405)"
4749,8.0,,10.0,7.0,6.59,9.0,5,,6.000000000000001,"LINESTRING (11.3735453 47.2564412, 11.3736254 47.2564648)"
4750,8.0,,10.0,7.0,51.962,9.0,5,,6.000000000000001,"LINESTRING (11.3735453 47.2564412, 11.373353 47.256386, 11.3729769 47.2562803, 11.37291 47.2562611)"
4751,6.0,,,,47.406000000000006,,5,,4.0,"LINESTRING (11.3735453 47.2564412, 11.373591 47.2563627, 11.3737633 47.2560414)"
4752,8.0,,,9.0,23.437,,5,,5.0,"LINESTRING (11.3733873 47.2548192, 11.3735879 47.2549801)"
4753,6.0,,,,79.697,,5,,3.0000000000000004,"LINESTRING (11.3733873 47.2548192, 11.3733289 47.2548613, 11.3730669 47.255328, 11.3728482 47.2552697)"
4754,6.0,,,,44.445,,5,,4.0,"LINESTRING (11.3731162 47.2558867, 11.37291 47.2562611)"
4755,6.0,,,,21.726,,5,,4.0,"LINESTRING (11.3742778 47.2559788, 11.3745068 47.2558604)"
4756,6.0,,,,26.805,,5,,4.0,"LINESTRING (11.3740318 47.2557255, 11.3740217 47.2557061, 11.374024 47.2556839, 11.374041 47.255638, 11.3740644 47.2555783, 11.3740866 47.2555471, 11.3741331 47.2555027)"
4757,6.0,,,,27.065,,5,,4.0,"LINESTRING (11.3700675 47.2653242, 11.3704259 47.2653147)"
4758,6.0,,,,11.199,,5,,4.0,"LINESTRING (11.3709016 47.2653656, 11.3708777 47.2652662)"
4759,6.0,,,,18.896,,5,,4.0,"LINESTRING (11.3704026 47.2654839, 11.3704259 47.2653147)"
4760,6.0,,,,17.642,,5,,3.0000000000000004,"LINESTRING (11.4290608 47.2644948, 11.4292773 47.2645547)"
4761,6.0,,,,80.984,,10,,4.0,"LINESTRING (11.4290608 47.2644948, 11.429052 47.2644435, 11.4290412 47.2643908, 11.4290433 47.2643538, 11.4290569 47.2643211, 11.4292251 47.2639176, 11.4292686 47.263824, 11.4293097 47.2638029)"
4762,6.0,,,,81.063,,10,,3.0000000000000004,"LINESTRING (11.4290608 47.2644948, 11.4291539 47.2644321, 11.4294298 47.2638201)"
4763,6.0,,,,60.316,,10,,4.0,"LINESTRING (11.4294298 47.2638201, 11.4301376 47.2639264, 11.4302018 47.2639519)"
4764,5.0,,,,9.309,,5,,5.0,"LINESTRING (11.4291365 47.2638649, 11.4291738 47.2637851)"
4765,6.0,,,,67.83800000000001,,10,,3.0000000000000004,"LINESTRING (11.4291365 47.2638649, 11.4289175 47.2643513, 11.4288358 47.2644363)"
4766,6.0,,,,1.786,,10,,2.0,"LINESTRING (11.4291141 47.2638597, 11.4291365 47.2638649)"
4767,6.0,,,,31.506,,5,,4.0,"LINESTRING (11.4271847 47.2653816, 11.4271264 47.2653968, 11.4270811 47.2653902, 11.4268161 47.2652827)"
4768,6.0,,,,10.428,,10,,1.0,"LINESTRING (11.428083 47.2641053, 11.4281331 47.2640179)"
4769,6.0,,,,76.18800000000002,,10,,3.0000000000000004,"LINESTRING (11.428083 47.2641053, 11.4281846 47.2640733, 11.4285069 47.2641355, 11.4288365 47.2642064, 11.4288606 47.2642384, 11.4288602 47.264276, 11.4288385 47.2643481)"
4770,2.0,,10.0,7.0,5.687,,5,,5.0,"LINESTRING (11.3986601 47.2546976, 11.3986371 47.2547463)"
4771,10.0,,,,71.411,,5,,6.000000000000001,"LINESTRING (11.3986601 47.2546976, 11.3979906 47.2546262, 11.3977303 47.2546708)"
4772,2.0,,10.0,7.0,36.844,,5,,6.000000000000001,"LINESTRING (11.3986601 47.2546976, 11.3986688 47.2546791, 11.3988046 47.2543811)"
4773,8.0,,10.0,,8.631,,5,,6.000000000000001,"LINESTRING (11.3985843 47.275222, 11.3984712 47.2752337)"
4774,8.0,,10.0,,35.703,,5,,6.000000000000001,"LINESTRING (11.3985843 47.275222, 11.399052 47.275173)"
4775,6.0,,,,34.664,,5,,4.0,"LINESTRING (11.3985843 47.275222, 11.3985417 47.2749116)"
4776,6.0,,,,34.664,,5,,4.0,"LINESTRING (11.3985417 47.2749116, 11.3985843 47.275222)"
4777,6.0,,10.0,9.0,11.986,,10,,4.0,"LINESTRING (11.3968154 47.2591148, 11.3967962 47.2592218)"
4778,6.0,,10.0,7.0,12.9,,5,,5.0,"LINESTRING (11.3968154 47.2591148, 11.3968031 47.2590449, 11.3968016 47.2589993)"
4779,8.0,,10.0,,18.736,,5,,6.000000000000001,"LINESTRING (11.3966164 47.2573246, 11.396371 47.2572991)"
4780,8.0,,10.0,,47.548,,5,,6.000000000000001,"LINESTRING (11.3966164 47.2573246, 11.3968769 47.2573633, 11.3970919 47.2574175, 11.397214 47.257455)"
4781,6.0,,,,11.818999999999999,,5,,4.0,"LINESTRING (11.3966164 47.2573246, 11.3966357 47.2572533, 11.396645 47.2572201)"
4782,6.0,,,,12.153,,5,,4.0,"LINESTRING (11.4331888 47.2745034, 11.4331089 47.2744085)"
4783,6.0,,,,15.984,,5,,4.0,"LINESTRING (11.4331888 47.2745034, 11.4333798 47.2744412)"
4784,6.0,,,,48.493,,5,,6.000000000000001,"LINESTRING (11.4331888 47.2745034, 11.4326082 47.2746905)"
4785,6.0,,,,12.153,,5,,4.0,"LINESTRING (11.4331089 47.2744085, 11.4331888 47.2745034)"
4786,6.0,,,,48.493,,5,,6.000000000000001,"LINESTRING (11.4326082 47.2746905, 11.4331888 47.2745034)"
4787,8.0,,,8.0,59.757999999999996,,5,,5.0,"LINESTRING (11.4326082 47.2746905, 11.4322975 47.2744941, 11.432038 47.2743176)"
4788,8.0,,,8.0,45.365,,5,,5.0,"LINESTRING (11.4326082 47.2746905, 11.4328192 47.2748179, 11.4330458 47.2749701)"
4789,6.0,,,,15.984,,5,,4.0,"LINESTRING (11.4333798 47.2744412, 11.4331888 47.2745034)"
4790,6.0,,,,75.478,,5,,4.0,"LINESTRING (11.393024 47.2470527, 11.3927113 47.2471859, 11.3925235 47.2472922, 11.3924505 47.247318, 11.3924231 47.2473371, 11.3924055 47.2473612, 11.3924024 47.2473876, 11.3924061 47.2474121, 11.3924255 47.2475129)"
4791,2.0,,10.0,5.0,331.55,9.0,5,,6.000000000000001,"LINESTRING (11.3924255 47.2475129, 11.3919011 47.2476031, 11.3913394 47.2476899, 11.3907851 47.2477885, 11.3904568 47.247846, 11.3903234 47.2478801, 11.3901708 47.2479318, 11.3900355 47.2479894, 11.3899135 47.2480465, 11.3898039 47.2481086, 11.3896789 47.248189, 11.3895687 47.2482745, 11.3894235 47.2484072, 11.3891936 47.2486438, 11.3888708 47.2489863)"
4792,6.0,,,,75.478,,5,,4.0,"LINESTRING (11.3924255 47.2475129, 11.3924061 47.2474121, 11.3924024 47.2473876, 11.3924055 47.2473612, 11.3924231 47.2473371, 11.3924505 47.247318, 11.3925235 47.2472922, 11.3927113 47.2471859, 11.393024 47.2470527)"
4793,2.0,,10.0,8.0,108.83800000000001,9.0,5,,8.0,"LINESTRING (11.3924255 47.2475129, 11.3926773 47.2474742, 11.3929265 47.2474309, 11.393009 47.2474162, 11.3930767 47.2473996, 11.3931402 47.2473807, 11.3932236 47.2473495, 11.3933094 47.2473112, 11.393408 47.2472582, 11.3935249 47.2471694, 11.3936456 47.2470605)"
4794,8.0,,10.0,,13.814,,5,,6.000000000000001,"LINESTRING (11.4007171 47.2522487, 11.4008678 47.2521782)"
4795,8.0,,10.0,,25.455,,5,,6.000000000000001,"LINESTRING (11.4007171 47.2522487, 11.4006069 47.2523484, 11.4005316 47.2524393)"
4796,6.0,,,,27.913,,5,,6.000000000000001,"LINESTRING (11.4007171 47.2522487, 11.4006629 47.2522226, 11.4005643 47.2521751, 11.4006278 47.252059)"
4797,6.0,,,,75.782,,5,,4.0,"LINESTRING (11.3765395 47.269428, 11.37655 47.2694749, 11.3766162 47.2695101, 11.3771593 47.2696826, 11.3772294 47.2696826, 11.3772897 47.269659, 11.3773707 47.2696075)"
4798,6.0,,,,35.953,,5,,4.0,"LINESTRING (11.3773707 47.2696075, 11.377174 47.269902)"
4799,6.0,,,,12.054,,5,,7.000000000000001,"LINESTRING (11.3773707 47.2696075, 11.3774513 47.2695139)"
4800,6.0,,,,75.78200000000001,,5,,4.0,"LINESTRING (11.3773707 47.2696075, 11.3772897 47.269659, 11.3772294 47.2696826, 11.3771593 47.2696826, 11.3766162 47.2695101, 11.37655 47.2694749, 11.3765395 47.269428)"
4801,8.0,,,,71.737,,5,,4.0,"LINESTRING (11.3757624 47.2694992, 11.3759144 47.2696438, 11.3759159 47.2697349, 11.37593 47.2697691, 11.3762955 47.270003)"
4802,6.0,,,,19.727,,5,,6.000000000000001,"LINESTRING (11.3749998 47.2685624, 11.3747424 47.2685313)"
4803,6.0,,,,31.895,,5,,6.000000000000001,"LINESTRING (11.3749998 47.2685624, 11.3754161 47.2686122)"
4804,6.0,,,,44.592,,5,,4.0,"LINESTRING (11.3749998 47.2685624, 11.3749372 47.2687945, 11.3749584 47.2688532, 11.3749461 47.2689575)"
4805,6.0,,,,33.265,,5,,5.0,"LINESTRING (11.3755074 47.2688377, 11.375628 47.2688578, 11.3756857 47.2686465)"
4806,6.0,,,,52.293,,5,,4.0,"LINESTRING (11.3745485 47.2689828, 11.3747424 47.2685313)"
4807,6.0,,,,44.592,,5,,4.0,"LINESTRING (11.3749461 47.2689575, 11.3749584 47.2688532, 11.3749372 47.2687945, 11.3749998 47.2685624)"
4808,6.0,,,,25.994,,5,,6.000000000000001,"LINESTRING (11.3747424 47.2685313, 11.3744016 47.2684971)"
4809,6.0,,,,19.727,,5,,6.000000000000001,"LINESTRING (11.3747424 47.2685313, 11.3749998 47.2685624)"
4810,6.0,,,,52.293,,5,,4.0,"LINESTRING (11.3747424 47.2685313, 11.3745485 47.2689828)"
4811,6.0,,,,31.895,,5,,6.000000000000001,"LINESTRING (11.3754161 47.2686122, 11.3749998 47.2685624)"
4812,6.0,,,,6.788,,5,,5.0,"LINESTRING (11.3754161 47.2686122, 11.3755047 47.2686228)"
4813,6.0,,,,30.750999999999998,,5,,4.0,"LINESTRING (11.3754161 47.2686122, 11.3753625 47.2688277, 11.3752782 47.2688181)"
4814,6.0,,,,37.789,,5,,4.0,"LINESTRING (11.3742706 47.2688249, 11.3743186 47.2687258, 11.3744016 47.2684971)"
4815,6.0,,,,30.750999999999998,,5,,4.0,"LINESTRING (11.3752782 47.2688181, 11.3753625 47.2688277, 11.3754161 47.2686122)"
4816,7.0,,,,120.893,,5,,4.0,"LINESTRING (11.3740055 47.2689893, 11.3737338 47.2689866, 11.3736237 47.2691323, 11.3735501 47.2691173, 11.373298 47.2690477, 11.3730424 47.2689693, 11.3730226 47.2689643, 11.3730002 47.2689627, 11.3728883 47.2689596, 11.3727274 47.2689533, 11.3726966 47.2689502, 11.3726775 47.2689471, 11.3726619 47.268941, 11.3726482 47.2689333, 11.3726386 47.2689234, 11.3726355 47.268914, 11.3726371 47.2688973)"
4817,6.0,,,,7.997,,5,,4.0,"LINESTRING (11.3717887 47.268345, 11.3717804 47.2682733)"
4818,6.0,,,,85.376,,5,,4.0,"LINESTRING (11.3711504 47.268996, 11.3713306 47.268765, 11.3715805 47.2682878)"
4819,6.0,,10.0,,15.169,,5,,6.000000000000001,"LINESTRING (11.3717804 47.2682733, 11.3715805 47.2682878)"
4820,6.0,,10.0,,15.747,,5,,6.000000000000001,"LINESTRING (11.3717804 47.2682733, 11.3719887 47.2682646)"
4821,6.0,,,,7.997,,5,,4.0,"LINESTRING (11.3717804 47.2682733, 11.3717887 47.268345)"
4822,2.0,,10.0,7.0,35.544,9.0,5,,6.000000000000001,"LINESTRING (11.3989443 47.2540116, 11.3988312 47.2543219)"
4823,6.0,,,,58.376000000000005,,5,,6.000000000000001,"LINESTRING (11.3989443 47.2540116, 11.3991295 47.2540845, 11.399151 47.2541251, 11.3990848 47.2542707, 11.3990524 47.2542929, 11.3988312 47.2543219)"
4824,2.0,,10.0,7.0,31.967,9.0,5,,7.000000000000001,"LINESTRING (11.3989443 47.2540116, 11.3989609 47.2539661, 11.3989962 47.2538385, 11.3990335 47.25375, 11.3990406 47.2537319)"
4825,6.0,,,,62.825,,5,,6.000000000000001,"LINESTRING (11.4149282 47.2721481, 11.4142554 47.272481)"
4826,6.0,,,,6.848,,5,,7.000000000000001,"LINESTRING (11.4149282 47.2721481, 11.4148736 47.2720989)"
4827,6.0,,,,29.749,,5,,6.000000000000001,"LINESTRING (11.4149282 47.2721481, 11.4150253 47.2721065, 11.4150861 47.2720805, 11.4152453 47.2719901)"
4828,6.0,,,,108.327,,5,,5.0,"LINESTRING (11.4137144 47.2722573, 11.4142402 47.2720169, 11.4144871 47.2719762, 11.414653 47.27191, 11.4148736 47.2720989)"
4829,6.0,,,,31.024,,5,,4.0,"LINESTRING (11.3716067 47.2671224, 11.3715848 47.2670845, 11.3713719 47.266895)"
4830,8.0,,,,69.001,,5,,7.000000000000001,"LINESTRING (11.3713719 47.266895, 11.3712977 47.266912, 11.3705717 47.2671935)"
4831,8.0,,,,210.03,,5,,6.000000000000001,"LINESTRING (11.3713719 47.266895, 11.3716145 47.2668393, 11.3718386 47.2668089, 11.3718999 47.2668039, 11.3719513 47.2668073, 11.3719864 47.2668235, 11.37201 47.2668459, 11.3722445 47.2673935, 11.3722437 47.2674315, 11.3722277 47.2674682, 11.3722001 47.2674936, 11.3721567 47.2675155, 11.3716323 47.2676536, 11.3713115 47.2677923, 11.3712389 47.2678449)"
4832,6.0,,,,31.024,,5,,4.0,"LINESTRING (11.3713719 47.266895, 11.3715848 47.2670845, 11.3716067 47.2671224)"
4833,6.0,,10.0,7.0,24.627,,5,,6.000000000000001,"LINESTRING (11.3967931 47.2587779, 11.3968016 47.2589993)"
4834,6.0,,10.0,7.0,67.988,,5,,6.000000000000001,"LINESTRING (11.3967931 47.2587779, 11.3967885 47.25867, 11.3967867 47.258611, 11.3968386 47.2584232, 11.3968774 47.2582827, 11.3969018 47.2581735)"
4835,6.0,,,,15.963,,10,,4.0,"LINESTRING (11.3967931 47.2587779, 11.3967302 47.2588187, 11.3966845 47.258822, 11.3966132 47.2587996)"
4836,7.0,,,,71.543,,5,,5.0,"LINESTRING (11.3967931 47.2587779, 11.397276 47.2588195, 11.3972687 47.2591325)"
4837,10.0,,10.0,,11.533,,5,,5.0,"LINESTRING (11.3893888 47.2574955, 11.3893919 47.2575992)"
4838,10.0,,10.0,,8.16,,10,,4.0,"LINESTRING (11.3893888 47.2574955, 11.3893672 47.2574947, 11.3893468 47.2574898, 11.3893292 47.2574812, 11.3893159 47.2574697, 11.3893078 47.2574561)"
4839,6.0,,,,27.322,,5,,4.0,"LINESTRING (11.3700199 47.2674206, 11.3698353 47.2675464, 11.3699065 47.2675945)"
4840,6.0,,,,37.754999999999995,,5,,4.0,"LINESTRING (11.3700408 47.2678328, 11.3700044 47.2678407, 11.3699834 47.2678364, 11.3698465 47.26774, 11.3698281 47.2677209, 11.3698262 47.2676973, 11.3698485 47.2676454, 11.3699065 47.2675945)"
4841,8.0,,10.0,9.0,194.923,,5,7.0,4.0,"LINESTRING (11.3694935 47.2660655, 11.3696319 47.2660367, 11.3696864 47.2660357, 11.369734 47.2660383, 11.3697964 47.2660494, 11.3700262 47.266097, 11.3703441 47.266205, 11.370607 47.2662985, 11.3706326 47.2663058, 11.3706581 47.2663115, 11.3710675 47.2663745, 11.3712747 47.2664025, 11.3714802 47.266424, 11.3716006 47.2664344, 11.3716995 47.2664402, 11.3717936 47.2664436, 11.371964 47.26645)"
4842,6.0,,,,20.948,,5,,4.0,"LINESTRING (11.4197257 47.2663048, 11.4195975 47.2664719)"
4843,8.0,,,,25.895,,5,,4.0,"LINESTRING (11.4195975 47.2664719, 11.4199314 47.2665257)"
4844,8.0,,,,34.971,,5,,6.000000000000001,"LINESTRING (11.4195975 47.2664719, 11.4191456 47.2664021)"
4845,6.0,,,,20.948,,5,,4.0,"LINESTRING (11.4195975 47.2664719, 11.4197257 47.2663048)"
4846,5.0,,,7.0,187.143,,10,,3.0000000000000004,"LINESTRING (11.432132 47.275647, 11.4319582 47.275615, 11.4317909 47.2755724, 11.4314847 47.2754881, 11.4313221 47.2753921, 11.4310657 47.275145, 11.4312973 47.2752335, 11.4313832 47.2752672, 11.4315036 47.2753144, 11.4316892 47.2753704, 11.4317807 47.2753885, 11.4318595 47.2753987, 11.4319936 47.2754129, 11.4321036 47.2754271)"
4847,5.0,,10.0,6.0,183.333,9.0,10,,3.0000000000000004,"LINESTRING (11.432132 47.275647, 11.4312993 47.2755903, 11.430757 47.2755569, 11.4303436 47.2755525, 11.4300248 47.2755658, 11.4297116 47.2755933)"
4848,6.0,,,,202.85799999999998,,5,,3.0000000000000004,"LINESTRING (11.4262068 47.2725565, 11.4252258 47.2742216, 11.425191 47.2742419)"
4849,5.0,,6.0,,32.543,,5,,2.0,"LINESTRING (11.40382 47.2521119, 11.4041784 47.2522746)"
4850,6.0,,10.0,9.0,4.991,9.0,5,,6.000000000000001,"LINESTRING (11.4289259 47.263, 11.4289914 47.2630062)"
4851,6.0,,,9.0,137.468,,10,,4.0,"LINESTRING (11.4289259 47.263, 11.4289062 47.2630464, 11.4288254 47.2632804, 11.428475 47.2632372, 11.4284185 47.2632295, 11.428282 47.2632025, 11.4281793 47.2631788, 11.4280661 47.2631505, 11.4280313 47.2631407, 11.4279972 47.2631266, 11.4279673 47.2631119, 11.4279279 47.2630901, 11.4278984 47.2630697, 11.4278739 47.2630487, 11.4278543 47.2630269, 11.4278444 47.2630116, 11.4278393 47.2629948, 11.4278381 47.262979, 11.427846 47.2629388, 11.4278521 47.2629173, 11.4278581 47.2629051, 11.4278663 47.2628966, 11.4278765 47.2628895, 11.4278899 47.262882, 11.4279062 47.2628746, 11.4279764 47.2628548)"
4852,2.0,,,7.0,129.487,9.0,10,,4.0,"LINESTRING (11.4249953 47.2624103, 11.4237116 47.2619439, 11.4234825 47.2618607)"
4853,8.0,9.0,10.0,,27.163,,10,,3.0000000000000004,"LINESTRING (11.3935125 47.2592396, 11.3937802 47.2590763)"
4854,6.0,,,,19.683,,5,,5.0,"LINESTRING (11.3935125 47.2592396, 11.3932725 47.2591703)"
4855,6.0,,,,19.683,,5,,5.0,"LINESTRING (11.3932725 47.2591703, 11.3935125 47.2592396)"
4856,6.0,,,,113.32799999999999,,5,,5.0,"LINESTRING (11.3932725 47.2591703, 11.3930592 47.2591709, 11.3926169 47.2591721, 11.3926182 47.2593869, 11.3926206 47.25941, 11.3926259 47.2594275, 11.3926346 47.259442, 11.3927088 47.2595117, 11.3927983 47.2595856, 11.3929152 47.2596771)"
4857,6.0,,,,31.07,,5,,4.0,"LINESTRING (11.3932725 47.2591703, 11.3931092 47.2591227, 11.3931104 47.2589639)"
4858,6.0,,,,31.07,,5,,4.0,"LINESTRING (11.3931104 47.2589639, 11.3931092 47.2591227, 11.3932725 47.2591703)"
4859,6.0,9.0,,,56.477000000000004,,5,,5.0,"LINESTRING (11.4240279 47.2664521, 11.4243973 47.2662186, 11.4245824 47.2661111)"
4860,6.0,9.0,,,109.67999999999999,,5,,6.000000000000001,"LINESTRING (11.4240279 47.2664521, 11.4237582 47.2666179, 11.4230905 47.266991, 11.422917 47.2670879)"
4861,6.0,,,,81.285,,5,,4.0,"LINESTRING (11.4054769 47.2513469, 11.4055319 47.251386, 11.405611 47.2514407, 11.4057196 47.2514652, 11.4058578 47.2514689, 11.4059248 47.2514443, 11.4060013 47.2513396, 11.4060375 47.2512595, 11.4060563 47.2511302, 11.4060477 47.2510841)"
4862,6.0,,,,14.351,,5,,6.000000000000001,"LINESTRING (11.4060487 47.2509132, 11.4062299 47.2509523)"
4863,6.0,,,,133.47899999999998,,5,,5.0,"LINESTRING (11.4060487 47.2509132, 11.4058661 47.2508688, 11.4057767 47.2508415, 11.4057048 47.2508052, 11.4056527 47.2507605, 11.4051345 47.2503524, 11.4047622 47.2502317, 11.4046753 47.2502031)"
4864,6.0,,,,19.006,,5,,6.000000000000001,"LINESTRING (11.4060487 47.2509132, 11.4060501 47.250996, 11.4060477 47.2510841)"
4865,6.0,,,,28.52,,5,,4.0,"LINESTRING (11.4060477 47.2510841, 11.4060133 47.2511184, 11.4059637 47.2511412, 11.4059289 47.2511493, 11.4058886 47.2511493, 11.405847 47.251143, 11.4058028 47.2511257, 11.405729 47.2510956)"
4866,6.0,,,,19.006,,5,,6.000000000000001,"LINESTRING (11.4060477 47.2510841, 11.4060501 47.250996, 11.4060487 47.2509132)"
4867,6.0,,,,81.285,,5,,4.0,"LINESTRING (11.4060477 47.2510841, 11.4060563 47.2511302, 11.4060375 47.2512595, 11.4060013 47.2513396, 11.4059248 47.2514443, 11.4058578 47.2514689, 11.4057196 47.2514652, 11.405611 47.2514407, 11.4055319 47.251386, 11.4054769 47.2513469)"
4868,6.0,,,,28.520000000000003,,5,,4.0,"LINESTRING (11.405729 47.2510956, 11.4058028 47.2511257, 11.405847 47.251143, 11.4058886 47.2511493, 11.4059289 47.2511493, 11.4059637 47.2511412, 11.4060133 47.2511184, 11.4060477 47.2510841)"
4869,10.0,,,,554.662,,5,,6.000000000000001,"LINESTRING (11.4172744 47.2775132, 11.4172136 47.277488, 11.4169852 47.2773922, 11.4167903 47.277291, 11.4166508 47.2772431, 11.4165537 47.2772132, 11.4163202 47.2771332, 11.4161385 47.27704, 11.4145657 47.2755792, 11.4136114 47.2747741, 11.4134622 47.2745792, 11.4131848 47.2740591, 11.413021 47.2738035, 11.4128371 47.2736641)"
4870,10.0,,,,455.398,,5,,6.000000000000001,"LINESTRING (11.4172744 47.2775132, 11.4173427 47.2775321, 11.4175961 47.2775911, 11.417879 47.2776158, 11.4181987 47.2775907, 11.4185038 47.27755, 11.4188352 47.277486, 11.4191953 47.2773944, 11.4198799 47.2772268, 11.4205455 47.2770803, 11.4206837 47.2770651, 11.4210372 47.276992, 11.4217686 47.276831, 11.4230174 47.2764983)"
4871,10.0,,,,16.909,,5,,4.0,"LINESTRING (11.4172744 47.2775132, 11.4172575 47.2775347, 11.4171687 47.2776473)"
4872,10.0,,,,16.909,,5,,4.0,"LINESTRING (11.4171687 47.2776473, 11.4172575 47.2775347, 11.4172744 47.2775132)"
4873,10.0,,,,3.045,,5,,4.0,"LINESTRING (11.4168567 47.2779813, 11.4168337 47.2780038)"
4874,5.0,,,,55.174,,5,,4.0,"LINESTRING (11.4198283 47.2775352, 11.4201501 47.2773911, 11.4204204 47.2772448)"
4875,5.0,,,,10.005,,5,,4.0,"LINESTRING (11.4204204 47.2772448, 11.4205524 47.2772361)"
4876,5.0,,,,14.245,,5,,4.0,"LINESTRING (11.4204204 47.2772448, 11.4202338 47.2772252)"
4877,5.0,,,,55.174,,5,,4.0,"LINESTRING (11.4204204 47.2772448, 11.4201501 47.2773911, 11.4198283 47.2775352)"
4878,5.0,,,,14.245,,5,,4.0,"LINESTRING (11.4202338 47.2772252, 11.4204204 47.2772448)"
4879,5.0,,,,10.005,,5,,4.0,"LINESTRING (11.4205524 47.2772361, 11.4204204 47.2772448)"
4880,2.0,,10.0,,79.773,10.0,10,,4.0,"LINESTRING (11.3827561 47.2573592, 11.3827186 47.2573261, 11.3822298 47.2567375)"
4881,10.0,,10.0,,26.541,,5,,5.0,"LINESTRING (11.3827561 47.2573592, 11.3826504 47.2573961, 11.3826843 47.2574424, 11.3826556 47.2574826, 11.3826986 47.2575369)"
4882,10.0,,10.0,,12.806,,5,,6.000000000000001,"LINESTRING (11.382782 47.2576372, 11.3826986 47.2575369)"
4883,2.0,,10.0,,37.404,9.0,10,,5.0,"LINESTRING (11.382782 47.2576372, 11.3823383 47.2577871)"
4884,10.0,,10.0,,27.668,,5,,6.000000000000001,"LINESTRING (11.382782 47.2576372, 11.382826 47.2576904, 11.3829515 47.2577623, 11.3830589 47.2577396)"
4885,10.0,,10.0,,12.806,,5,,6.000000000000001,"LINESTRING (11.3826986 47.2575369, 11.382782 47.2576372)"
4886,2.0,,10.0,,16.235,5.0,10,,6.000000000000001,"LINESTRING (11.3826986 47.2575369, 11.3828681 47.257447)"
4887,10.0,,10.0,,26.540999999999997,,5,,5.0,"LINESTRING (11.3826986 47.2575369, 11.3826556 47.2574826, 11.3826843 47.2574424, 11.3826504 47.2573961, 11.3827561 47.2573592)"
4888,2.0,,10.0,,38.923,5.0,10,,5.0,"LINESTRING (11.3823383 47.2577871, 11.382638 47.2575731, 11.3826986 47.2575369)"
4889,2.0,,10.0,7.0,135.231,,5,,5.0,"LINESTRING (11.3823383 47.2577871, 11.3821144 47.2578991, 11.3817279 47.2580897, 11.3814342 47.2582476, 11.3813188 47.2583078, 11.3811465 47.2583946, 11.3809047 47.2585165)"
4890,6.0,,,,369.039,,5,,7.000000000000001,"LINESTRING (11.3949118 47.2476375, 11.3950167 47.2476895, 11.3951182 47.2477088, 11.3952263 47.2477219, 11.395521 47.247818, 11.3959374 47.2479854, 11.3963538 47.2481153, 11.3965296 47.248166, 11.3967258 47.2482127, 11.3978693 47.2484529, 11.3980071 47.2484818, 11.3981263 47.2485111, 11.3982192 47.2485522, 11.398274 47.2486055, 11.398307 47.2486577, 11.3983195 47.248752, 11.3983044 47.2488611, 11.3982829 47.2490427, 11.3983145 47.2494143)"
4891,6.0,,,,117.367,,5,,9.0,"LINESTRING (11.3949118 47.2476375, 11.394715 47.2475433, 11.3946118 47.2474864, 11.3945169 47.2474471, 11.3944094 47.2474163, 11.3943093 47.2473988, 11.3942153 47.2473871, 11.3941367 47.2473506, 11.3940333 47.2472853, 11.3938791 47.2471776, 11.3937606 47.2470928, 11.3936456 47.2470605)"
4892,5.0,,,,208.242,,5,,7.000000000000001,"LINESTRING (11.3949118 47.2476375, 11.3950757 47.2476342, 11.3953487 47.2476585, 11.3958237 47.2477334, 11.3962407 47.2477709, 11.3964049 47.2477571, 11.3968374 47.2477209, 11.3971615 47.2477248, 11.3973256 47.2477605, 11.397469 47.2478044, 11.3975191 47.2478145, 11.3975692 47.2478105, 11.3976113 47.2477881)"
4893,5.0,,,,127.607,,5,,7.000000000000001,"LINESTRING (11.3949118 47.2476375, 11.3949294 47.2477049, 11.3950059 47.2477849, 11.3953554 47.2478747, 11.3957171 47.2480389, 11.395879 47.2481488, 11.3959172 47.2484269)"
4894,5.0,,10.0,7.0,60.881,,5,,6.000000000000001,"LINESTRING (11.4307817 47.2555405, 11.4304807 47.2555785, 11.4302049 47.2556021, 11.4299829 47.2556124)"
4895,5.0,,10.0,2.0,67.828,,5,,6.000000000000001,"LINESTRING (11.4307817 47.2555405, 11.4309356 47.2554997, 11.4311245 47.2554156, 11.4313135 47.2553228, 11.4315216 47.2552015)"
4896,6.0,,,,96.668,,10,,4.0,"LINESTRING (11.4315216 47.2552015, 11.431582 47.2552564, 11.4316149 47.255295, 11.4316502 47.2553447, 11.431667 47.2553836, 11.4316627 47.255421, 11.4316273 47.255446, 11.4315662 47.2554615, 11.4311464 47.2555295, 11.4309465 47.2555559, 11.4307817 47.2555405)"
4897,5.0,,10.0,2.0,67.828,,5,,4.0,"LINESTRING (11.4315216 47.2552015, 11.4313135 47.2553228, 11.4311245 47.2554156, 11.4309356 47.2554997, 11.4307817 47.2555405)"
4898,5.0,,10.0,,70.764,,5,,4.0,"LINESTRING (11.4315216 47.2552015, 11.4315489 47.2551864, 11.4318804 47.2550033, 11.4319809 47.254967, 11.4320681 47.2549347, 11.4321883 47.254899, 11.4323121 47.2548707)"
4899,6.0,,,,102.451,,5,,4.0,"LINESTRING (11.4311564 47.2693874, 11.4312284 47.2699921, 11.4313047 47.2703025)"
4900,8.0,,,7.0,79.35,9.0,5,,5.0,"LINESTRING (11.4313047 47.2703025, 11.4323407 47.2701797)"
4901,6.0,,,,102.451,,5,,4.0,"LINESTRING (11.4313047 47.2703025, 11.4312284 47.2699921, 11.4311564 47.2693874)"
4902,8.0,,,7.0,333.85300000000007,9.0,5,,7.000000000000001,"LINESTRING (11.4313047 47.2703025, 11.4285778 47.2706719, 11.427844 47.2707713, 11.4273704 47.2708355, 11.4271462 47.2708658, 11.4269655 47.2708903)"
4903,5.0,,,,58.915,,5,,2.0,"LINESTRING (11.3920591 47.279435, 11.3922127 47.2793559, 11.3922008 47.2792328, 11.3921384 47.2790059, 11.3920957 47.2789717)"
4904,5.0,,10.0,,36.238,,10,,3.0000000000000004,"LINESTRING (11.4131532 47.2534575, 11.41313 47.2534139, 11.413093 47.253378, 11.4130409 47.253343, 11.41298 47.2533209, 11.4128749 47.2532852, 11.4128016 47.2532529)"
4905,5.0,,10.0,,23.16,9.0,10,,2.0,"LINESTRING (11.4131532 47.2534575, 11.4132034 47.2533991, 11.4132707 47.2533499, 11.4133645 47.2533131)"
4906,5.0,,,,26.906,,5,,6.000000000000001,"LINESTRING (11.397244 47.2455348, 11.3971205 47.2455497, 11.3969166 47.2456234)"
4907,5.0,,,,82.55,,5,,5.0,"LINESTRING (11.397244 47.2455348, 11.3975167 47.245492, 11.3977235 47.2454289, 11.3977033 47.2455138, 11.3978984 47.2457968)"
4908,5.0,,6.0,,29.747,,5,,4.0,"LINESTRING (11.397244 47.2455348, 11.3971983 47.2456905, 11.3973572 47.2457044)"
4909,5.0,,,,52.205,,5,,4.0,"LINESTRING (11.3988279 47.2476326, 11.3990228 47.2477012, 11.3992106 47.2477408, 11.3994848 47.2477233)"
4910,5.0,,,,152.13400000000001,,5,,6.000000000000001,"LINESTRING (11.3988279 47.2476326, 11.3986543 47.2476419, 11.3983366 47.2476078, 11.3982076 47.2475728, 11.398089 47.2475331, 11.397901 47.2474608, 11.3977749 47.2474305, 11.3976569 47.2474144, 11.3975604 47.247422, 11.3974948 47.2474483, 11.3974373 47.2475134, 11.3974308 47.2475884, 11.3974535 47.2476598, 11.3975293 47.2477058, 11.3975871 47.2477229, 11.3976242 47.2477564, 11.3976113 47.2477881)"
4911,5.0,,,,54.434000000000005,,5,,6.000000000000001,"LINESTRING (11.3988279 47.2476326, 11.3988261 47.2474917, 11.3988042 47.2473455, 11.3988119 47.247294, 11.3988525 47.2472241, 11.3989092 47.24716)"
4912,6.0,10.0,10.0,7.0,5.543,,5,,6.000000000000001,"LINESTRING (11.4129489 47.2661149, 11.4129091 47.2661568)"
4913,6.0,,,,35.525999999999996,,5,,6.000000000000001,"LINESTRING (11.4129489 47.2661149, 11.412832 47.2660721, 11.4125272 47.265973)"
4914,6.0,10.0,10.0,7.0,114.71199999999999,,5,,7.000000000000001,"LINESTRING (11.4129489 47.2661149, 11.4129843 47.2660774, 11.413583 47.265334, 11.4136855 47.2652126)"
4915,6.0,,,,49.733000000000004,,5,,4.0,"LINESTRING (11.4047268 47.2620652, 11.4051497 47.2620455, 11.4053834 47.2620278)"
4916,10.0,,,,7.989,,5,,6.000000000000001,"LINESTRING (11.4086384 47.2632428, 11.4085603 47.2631943)"
4917,10.0,,,,11.911999999999999,,5,,7.000000000000001,"LINESTRING (11.4086384 47.2632428, 11.4087079 47.2632859, 11.4087549 47.2633151)"
4918,10.0,,10.0,,192.645,,10,,5.0,"LINESTRING (11.4086384 47.2632428, 11.4086498 47.2632165, 11.4086791 47.2631943, 11.408733 47.2631759, 11.4095501 47.2629951, 11.4110506 47.2627346)"
4919,10.0,,,,9.915,,5,,6.000000000000001,"LINESTRING (11.408397 47.2634622, 11.4083069 47.2633973)"
4920,6.0,,,,18.2,,5,,8.0,"LINESTRING (11.408397 47.2634622, 11.4081907 47.263547)"
4921,10.0,,,,42.899,,5,,7.000000000000001,"LINESTRING (11.408397 47.2634622, 11.4084732 47.2635129, 11.4084947 47.2635366, 11.4088629 47.2636748)"
4922,6.0,,10.0,,35.225,,10,,8.0,"LINESTRING (11.408397 47.2634622, 11.4084244 47.2633984, 11.4086334 47.263309, 11.4087549 47.2633151)"
4923,8.0,,10.0,,25.505,,5,,5.0,"LINESTRING (11.4053834 47.2620278, 11.4053575 47.2617991)"
4924,8.0,,10.0,,115.854,,5,,6.000000000000001,"LINESTRING (11.4053834 47.2620278, 11.4054761 47.2630678)"
4925,6.0,,,,49.733000000000004,,5,,4.0,"LINESTRING (11.4053834 47.2620278, 11.4051497 47.2620455, 11.4047268 47.2620652)"
4926,6.0,,,,5.101,,5,,4.0,"LINESTRING (11.4012113 47.2587091, 11.4011917 47.2586652)"
4927,6.0,,,,195.298,,5,,6.000000000000001,"LINESTRING (11.4012113 47.2587091, 11.4012432 47.258673, 11.4013428 47.2586491, 11.4013729 47.2586419, 11.4013801 47.2586402, 11.4014298 47.2586283, 11.4015348 47.2586078, 11.4015931 47.2585981, 11.4017439 47.2585659, 11.4019003 47.2585063, 11.402032 47.2584411, 11.4021266 47.2583573, 11.4022226 47.2581825, 11.4022483 47.2581437, 11.4022707 47.2581097, 11.4023091 47.2579365, 11.4023214 47.2577624, 11.402287 47.257359)"
4928,6.0,,,,215.479,,5,,6.000000000000001,"LINESTRING (11.4012113 47.2587091, 11.4013492 47.2590182, 11.4014151 47.2593505, 11.4015137 47.259875, 11.4016282 47.2602104, 11.401704 47.2604525, 11.4017546 47.2606078)"
4929,6.0,,,,2.74,,5,,4.0,"LINESTRING (11.4022849 47.2573344, 11.402287 47.257359)"
4930,6.0,,,,33.337,,5,,4.0,"LINESTRING (11.3755502 47.2711321, 11.3755797 47.2711069, 11.3756439 47.2710519, 11.3757425 47.2710184, 11.3759224 47.2710301)"
4931,6.0,,10.0,,174.32099999999997,,10,,4.0,"LINESTRING (11.4038592 47.2671305, 11.404176 47.267334, 11.4045927 47.2677156, 11.4050565 47.2682473, 11.4051486 47.2684149)"
4932,6.0,,,,48.793,,5,,3.0000000000000004,"LINESTRING (11.4038592 47.2671305, 11.4039566 47.2670928, 11.4040618 47.2670525, 11.4044755 47.2670546)"
4933,6.0,,,,28.664,,5,,4.0,"LINESTRING (11.382235 47.2611849, 11.3819177 47.2613266)"
4934,6.0,,,,59.797,,5,,7.000000000000001,"LINESTRING (11.382235 47.2611849, 11.3828488 47.2608448)"
4935,10.0,,,,45.532,,5,,6.000000000000001,"LINESTRING (11.382235 47.2611849, 11.3822171 47.2612558, 11.3818527 47.2614355, 11.3818083 47.2614458)"
4936,6.0,,,,28.664,,5,,4.0,"LINESTRING (11.3819177 47.2613266, 11.382235 47.2611849)"
4937,10.0,,,,104.25999999999999,,5,,6.000000000000001,"LINESTRING (11.3818083 47.2614458, 11.3819364 47.2615549, 11.3820129 47.2616638, 11.3820366 47.2617641, 11.3821534 47.2619012, 11.3822693 47.2620669, 11.382352 47.2622942)"
4938,10.0,,,,272.72499999999997,,5,,6.000000000000001,"LINESTRING (11.3818083 47.2614458, 11.3811008 47.260793, 11.3810188 47.2607036, 11.3804455 47.2600176, 11.3801883 47.2597118, 11.3800195 47.2594316, 11.3798963 47.2593897)"
4939,10.0,,,,45.532,,5,,6.000000000000001,"LINESTRING (11.3818083 47.2614458, 11.3818527 47.2614355, 11.3822171 47.2612558, 11.382235 47.2611849)"
4940,10.0,,,,22.593,,5,,3.0000000000000004,"LINESTRING (11.3765395 47.2558228, 11.3762957 47.2559407)"
4941,8.0,,,,9.586,,5,,6.000000000000001,"LINESTRING (11.4352626 47.266003, 11.4352642 47.2659168)"
4942,8.0,,,,49.163,,5,,5.0,"LINESTRING (11.4352626 47.266003, 11.4352672 47.2660997, 11.4352774 47.2661963, 11.4352901 47.2662758, 11.4353095 47.2663593, 11.4353346 47.2664416)"
4943,6.0,,,,57.054,,5,,6.000000000000001,"LINESTRING (11.4352626 47.266003, 11.4351199 47.2660199, 11.4350172 47.2660309, 11.4349265 47.2660392, 11.4348351 47.2660411, 11.4347549 47.2660389, 11.4346701 47.266033, 11.4345121 47.2660221)"
4944,8.0,,,,9.586,,5,,6.000000000000001,"LINESTRING (11.4352642 47.2659168, 11.4352626 47.266003)"
4945,8.0,,,,3.906,,5,,5.0,"LINESTRING (11.4352642 47.2659168, 11.4352661 47.2658817)"
4946,6.0,,,,58.152,,5,,6.000000000000001,"LINESTRING (11.4352642 47.2659168, 11.4351206 47.2659331, 11.4350415 47.2659458, 11.434961 47.2659535, 11.4348805 47.2659553, 11.4347892 47.2659532, 11.4347181 47.2659549, 11.4346443 47.2659703, 11.4345069 47.2659953)"
4947,6.0,,,,10.052,,5,,6.000000000000001,"LINESTRING (11.434397 47.2660165, 11.4343318 47.2660233, 11.4342655 47.2660309)"
4948,6.0,,,,8.712,,5,,6.000000000000001,"LINESTRING (11.434397 47.2660165, 11.4343961 47.2660117, 11.4343999 47.2659994, 11.4344091 47.2659885, 11.4344228 47.2659801, 11.4344397 47.265975, 11.4344581 47.2659737, 11.4344735 47.2659762)"
4949,6.0,,,,3.3810000000000002,,5,,6.000000000000001,"LINESTRING (11.434397 47.2660165, 11.4343982 47.2660242, 11.434406 47.2660356, 11.4344161 47.266043)"
4950,6.0,,,,20.903,,5,,6.000000000000001,"LINESTRING (11.4342655 47.2660309, 11.4339886 47.2660364)"
4951,6.0,,,,62.008,,5,,6.000000000000001,"LINESTRING (11.4342655 47.2660309, 11.4342105 47.2665873)"
4952,6.0,,,,10.052,,5,,6.000000000000001,"LINESTRING (11.4342655 47.2660309, 11.4343318 47.2660233, 11.434397 47.2660165)"
4953,6.0,,,,20.903,,5,,6.000000000000001,"LINESTRING (11.4339886 47.2660364, 11.4342655 47.2660309)"
4954,6.0,,,,80.584,,5,,6.000000000000001,"LINESTRING (11.4339886 47.2660364, 11.4339198 47.2653132)"
4955,6.0,,,,78.16499999999999,,5,,6.000000000000001,"LINESTRING (11.4339886 47.2660364, 11.4340203 47.2666082, 11.4342105 47.2665873)"
4956,8.0,,,,13.788,,5,,5.0,"LINESTRING (11.4351976 47.2651465, 11.4351974 47.2652705)"
4957,8.0,,,,19.699,,5,,6.000000000000001,"LINESTRING (11.4351976 47.2651465, 11.4351811 47.2649697)"
4958,6.0,,,,50.449,,5,,6.000000000000001,"LINESTRING (11.4351976 47.2651465, 11.4345383 47.2652218)"
4959,6.0,,,,47.764,,5,,6.000000000000001,"LINESTRING (11.4345383 47.2652218, 11.4339198 47.2653132)"
4960,6.0,,,,50.449,,5,,6.000000000000001,"LINESTRING (11.4345383 47.2652218, 11.4351976 47.2651465)"
4961,6.0,,,,84.028,,5,,6.000000000000001,"LINESTRING (11.4345383 47.2652218, 11.4344761 47.2659454, 11.4344735 47.2659762)"
4962,6.0,,,,80.584,,5,,6.000000000000001,"LINESTRING (11.4339198 47.2653132, 11.4339886 47.2660364)"
4963,6.0,,,,47.764,,5,,6.000000000000001,"LINESTRING (11.4339198 47.2653132, 11.4345383 47.2652218)"
4964,6.0,,,,59.613,,5,,6.000000000000001,"LINESTRING (11.4339198 47.2653132, 11.4338736 47.2652717, 11.4338574 47.264848, 11.4338695 47.2648268, 11.4339248 47.2648265)"
4965,6.0,,,,11.213,,5,,6.000000000000001,"LINESTRING (11.4342105 47.2665873, 11.4343572 47.2665712)"
4966,6.0,,,,62.008,,5,,6.000000000000001,"LINESTRING (11.4342105 47.2665873, 11.4342655 47.2660309)"
4967,6.0,,,,78.16499999999999,,5,,6.000000000000001,"LINESTRING (11.4342105 47.2665873, 11.4340203 47.2666082, 11.4339886 47.2660364)"
4968,6.0,,,,75.204,,5,,5.0,"LINESTRING (11.4343572 47.2665712, 11.4353411 47.2664633)"
4969,6.0,,,,11.213,,5,,6.000000000000001,"LINESTRING (11.4343572 47.2665712, 11.4342105 47.2665873)"
4970,6.0,,,,59.047999999999995,,5,,6.000000000000001,"LINESTRING (11.4343572 47.2665712, 11.4344018 47.2660665, 11.4344161 47.266043)"
4971,8.0,,,,2.462,,5,,4.0,"LINESTRING (11.4353411 47.2664633, 11.4353346 47.2664416)"
4972,6.0,,,,75.204,,5,,5.0,"LINESTRING (11.4353411 47.2664633, 11.4343572 47.2665712)"
4973,8.0,,,,13.788,,5,,5.0,"LINESTRING (11.4351974 47.2652705, 11.4351976 47.2651465)"
4974,8.0,,,,68.162,,5,,4.0,"LINESTRING (11.4351974 47.2652705, 11.4352205 47.2655035, 11.4352661 47.2658817)"
4975,8.0,,,,2.462,,5,,4.0,"LINESTRING (11.4353346 47.2664416, 11.4353411 47.2664633)"
4976,8.0,,,,49.163,,5,,5.0,"LINESTRING (11.4353346 47.2664416, 11.4353095 47.2663593, 11.4352901 47.2662758, 11.4352774 47.2661963, 11.4352672 47.2660997, 11.4352626 47.266003)"
4977,6.0,,,,33.089,,5,,6.000000000000001,"LINESTRING (11.4086446 47.2759334, 11.4089558 47.2757237)"
4978,10.0,,,,57.473,,5,,5.0,"LINESTRING (11.4086446 47.2759334, 11.4086307 47.2759997, 11.4083729 47.2761963, 11.4082976 47.2763186, 11.4082954 47.2763728)"
4979,6.0,,,,54.437999999999995,,5,,7.000000000000001,"LINESTRING (11.4086446 47.2759334, 11.4083346 47.2761424, 11.4082544 47.2762212, 11.4082048 47.2763125)"
4980,8.0,9.0,,,6.986,,10,,4.0,"LINESTRING (11.4082954 47.2763728, 11.4083615 47.2764168)"
4981,10.0,,,,57.473,,5,,5.0,"LINESTRING (11.4082954 47.2763728, 11.4082976 47.2763186, 11.4083729 47.2761963, 11.4086307 47.2759997, 11.4086446 47.2759334)"
4982,7.0,,,,9.942,,5,,4.0,"LINESTRING (11.4292453 47.2622485, 11.4292476 47.2621591)"
4983,6.0,,10.0,7.0,23.088,,5,,5.0,"LINESTRING (11.4348738 47.2631162, 11.4351783 47.2631365)"
4984,6.0,,,,97.80699999999999,,5,,5.0,"LINESTRING (11.4348738 47.2631162, 11.4348625 47.263218, 11.4348404 47.2632569, 11.434797 47.2632972, 11.4347307 47.2633349, 11.4346552 47.2633654, 11.4345351 47.2633967, 11.4340431 47.2635086, 11.4339992 47.2635097, 11.4339598 47.2635016, 11.4338797 47.2634569)"
4985,6.0,,,7.0,43.312,,5,,5.0,"LINESTRING (11.4348738 47.2631162, 11.434786 47.263113, 11.4343714 47.2631196, 11.4343001 47.2631207)"
4986,6.0,,,,97.80699999999999,,5,,5.0,"LINESTRING (11.4338797 47.2634569, 11.4339598 47.2635016, 11.4339992 47.2635097, 11.4340431 47.2635086, 11.4345351 47.2633967, 11.4346552 47.2633654, 11.4347307 47.2633349, 11.434797 47.2632972, 11.4348404 47.2632569, 11.4348625 47.263218, 11.4348738 47.2631162)"
4987,6.0,,,,27.65,,10,,3.0000000000000004,"LINESTRING (11.4338797 47.2634569, 11.4339139 47.2634236, 11.4339303 47.2634046, 11.4339501 47.2633741, 11.4339647 47.2633424, 11.4339796 47.2632835, 11.4339945 47.2632246)"
4988,6.0,,10.0,,36.934,,5,5.0,4.0,"LINESTRING (11.3862319 47.2630921, 11.386307 47.2631405, 11.3864621 47.2632405, 11.3866049 47.2633055)"
4989,6.0,,10.0,,54.92699999999999,,10,5.0,4.0,"LINESTRING (11.3862319 47.2630921, 11.3861029 47.263002, 11.3860616 47.2629724, 11.3860249 47.262943, 11.385992 47.2629106, 11.3859743 47.2628866, 11.385963 47.26286, 11.3859581 47.2628367, 11.3859558 47.2628104, 11.3859613 47.2627744, 11.3859664 47.2627586, 11.3859738 47.2627444, 11.3859948 47.2627097, 11.3860189 47.2626728)"
4990,6.0,,10.0,,32.623,,10,5.0,3.0000000000000004,"LINESTRING (11.3867432 47.2630382, 11.3866797 47.2632576, 11.3866049 47.2633055)"
4991,6.0,,10.0,,43.745,,10,5.0,3.0000000000000004,"LINESTRING (11.3867432 47.2630382, 11.3866963 47.2630322, 11.3863871 47.2629923, 11.3863538 47.2630006, 11.3862319 47.2630921)"
4992,6.0,,,,3.887,,5,,5.0,"LINESTRING (11.3763133 47.2554223, 11.3763449 47.2553947)"
4993,6.0,,,,14.158,,5,,7.000000000000001,"LINESTRING (11.3763133 47.2554223, 11.3761983 47.2555229)"
4994,10.0,,,,45.782,,5,,5.0,"LINESTRING (11.3763133 47.2554223, 11.3765126 47.2556048, 11.3765104 47.2556429, 11.3766492 47.255755)"
4995,8.0,,,,279.539,,5,,5.0,"LINESTRING (11.3763133 47.2554223, 11.3761627 47.2553849, 11.3760807 47.2553454, 11.3753053 47.2546405, 11.3752116 47.2545235, 11.3751347 47.2543884, 11.3751129 47.2542828, 11.3751229 47.254142, 11.3751582 47.2540577, 11.3751917 47.2540117, 11.3752145 47.2539932, 11.3752336 47.2539797, 11.3752618 47.2539643, 11.3752962 47.2539511, 11.3753289 47.2539408, 11.3753789 47.253941, 11.3754302 47.2539419, 11.3754792 47.2539474, 11.3755877 47.2539642, 11.3756282 47.2539666, 11.3756571 47.2539646, 11.3756776 47.2539606, 11.3756992 47.2539528, 11.375827 47.2543612)"
4996,6.0,,,,22.7,,5,,3.0000000000000004,"LINESTRING (11.4014959 47.2685267, 11.401578 47.2687231)"
4997,5.0,,,,31.313000000000002,,5,,4.0,"LINESTRING (11.3992257 47.2469834, 11.3990746 47.2470434, 11.3989689 47.2471058, 11.3989092 47.24716)"
4998,5.0,,,,65.31700000000001,,5,,4.0,"LINESTRING (11.3989092 47.24716, 11.3989667 47.2472485, 11.3990724 47.2472969, 11.3991803 47.2473277, 11.3992969 47.2473452, 11.3995258 47.2473272, 11.3996448 47.2472944)"
4999,5.0,,,,31.313000000000002,,5,,4.0,"LINESTRING (11.3989092 47.24716, 11.3989689 47.2471058, 11.3990746 47.2470434, 11.3992257 47.2469834)"
5000,5.0,,,,54.434000000000005,,5,,6.000000000000001,"LINESTRING (11.3989092 47.24716, 11.3988525 47.2472241, 11.3988119 47.247294, 11.3988042 47.2473455, 11.3988261 47.2474917, 11.3988279 47.2476326)"
5001,8.0,,10.0,7.0,41.561,,5,,6.000000000000001,"LINESTRING (11.3956921 47.2498104, 11.3957535 47.2498014, 11.3958052 47.2497995, 11.3958618 47.2498059, 11.3961653 47.2499596)"
5002,8.0,,10.0,,171.609,,5,,6.000000000000001,"LINESTRING (11.3956921 47.2498104, 11.3956806 47.2496989, 11.3954858 47.2493756, 11.3954222 47.2492123, 11.3953868 47.2490331, 11.3953747 47.2488519, 11.3953687 47.2485678, 11.3953532 47.2484787, 11.3952927 47.2483921, 11.3952114 47.2483322)"
5003,8.0,,10.0,7.0,52.92400000000001,,5,,7.000000000000001,"LINESTRING (11.3956921 47.2498104, 11.3956022 47.2498929, 11.3955508 47.2499905, 11.3955024 47.2501349, 11.3954962 47.2501553, 11.3954662 47.250254)"
5004,5.0,,,,46.07,,5,,6.000000000000001,"LINESTRING (11.3995059 47.2499003, 11.3995167 47.2499525, 11.3995354 47.2500125, 11.3995895 47.2500915, 11.3996428 47.2501242, 11.3996595 47.2501556, 11.3996561 47.2501931, 11.3996247 47.2502358, 11.3996043 47.2502542, 11.3996071 47.2502768)"
5005,8.0,,,7.0,158.987,,5,,6.000000000000001,"LINESTRING (11.3995059 47.2499003, 11.3995888 47.2498977, 11.3996765 47.2498755, 11.3997436 47.2498445, 11.3997988 47.2498068, 11.3998866 47.2496906, 11.3999785 47.2495459, 11.4000132 47.2495228, 11.4000559 47.2495176, 11.4000853 47.2495325, 11.4000928 47.24956, 11.4000756 47.249588, 11.3998485 47.2498842, 11.3997274 47.2501555, 11.3996824 47.2502286, 11.3996487 47.2502584, 11.3996071 47.2502768)"
5006,8.0,,,7.0,140.487,,5,,6.000000000000001,"LINESTRING (11.3995059 47.2499003, 11.3994799 47.2499015, 11.3990191 47.2498369, 11.3985834 47.2497597, 11.3978801 47.2496159, 11.3977416 47.249538)"
5007,5.0,,,,46.07,,5,,6.000000000000001,"LINESTRING (11.3996071 47.2502768, 11.3996043 47.2502542, 11.3996247 47.2502358, 11.3996561 47.2501931, 11.3996595 47.2501556, 11.3996428 47.2501242, 11.3995895 47.2500915, 11.3995354 47.2500125, 11.3995167 47.2499525, 11.3995059 47.2499003)"
5008,8.0,,,7.0,158.98700000000002,,5,,6.000000000000001,"LINESTRING (11.3996071 47.2502768, 11.3996487 47.2502584, 11.3996824 47.2502286, 11.3997274 47.2501555, 11.3998485 47.2498842, 11.4000756 47.249588, 11.4000928 47.24956, 11.4000853 47.2495325, 11.4000559 47.2495176, 11.4000132 47.2495228, 11.3999785 47.2495459, 11.3998866 47.2496906, 11.3997988 47.2498068, 11.3997436 47.2498445, 11.3996765 47.2498755, 11.3995888 47.2498977, 11.3995059 47.2499003)"
5009,8.0,,,7.0,267.15,,5,,6.000000000000001,"LINESTRING (11.3996071 47.2502768, 11.3995776 47.2502842, 11.3995113 47.2502927, 11.3994423 47.250291, 11.398948 47.2502128, 11.3983246 47.2502299, 11.3974685 47.2502374, 11.3971282 47.2502087, 11.3970001 47.250193, 11.3968066 47.2501597, 11.3967072 47.2501408, 11.3965789 47.2501108, 11.3965048 47.2500876, 11.3964283 47.2500544, 11.3963048 47.2499966, 11.3961653 47.2499596)"
5010,8.0,,,,21.986,,5,,6.000000000000001,"LINESTRING (11.4216938 47.2690644, 11.4214938 47.2692082)"
5011,8.0,,,,57.449,,5,,6.000000000000001,"LINESTRING (11.4216938 47.2690644, 11.4217995 47.2689883, 11.4222163 47.2686886)"
5012,6.0,,,,78.855,,5,,6.000000000000001,"LINESTRING (11.4216938 47.2690644, 11.4215721 47.2690149, 11.4209044 47.2690328, 11.420734 47.2691426)"
5013,8.0,,,,21.986,,5,,6.000000000000001,"LINESTRING (11.4214938 47.2692082, 11.4216938 47.2690644)"
5014,8.0,,,,41.083,,5,,6.000000000000001,"LINESTRING (11.4214938 47.2692082, 11.4212501 47.2693834, 11.4210848 47.2694462)"
5015,6.0,,,,54.143,,5,,6.000000000000001,"LINESTRING (11.4214938 47.2692082, 11.4213661 47.269156, 11.4209756 47.2691593, 11.4208176 47.2692149)"
5016,8.0,,,,10.219,,5,,6.000000000000001,"LINESTRING (11.4208176 47.2692149, 11.420734 47.2691426)"
5017,8.0,,,,32.679,,5,,6.000000000000001,"LINESTRING (11.4208176 47.2692149, 11.4210848 47.2694462)"
5018,6.0,,,,54.143,,5,,6.000000000000001,"LINESTRING (11.4208176 47.2692149, 11.4209756 47.2691593, 11.4213661 47.269156, 11.4214938 47.2692082)"
5019,8.0,,,,6.779,,5,,4.0,"LINESTRING (11.3780697 47.2779815, 11.3779934 47.2780137)"
5020,5.0,,,,28.024,,5,,6.000000000000001,"LINESTRING (11.3780697 47.2779815, 11.3780968 47.2780268, 11.378106 47.2780746, 11.378083 47.2781452, 11.3780968 47.2782273)"
5021,8.0,,,,54.512,,5,,6.000000000000001,"LINESTRING (11.3780697 47.2779815, 11.3781502 47.2779435, 11.3782524 47.2779045, 11.3783435 47.2778927, 11.3784308 47.2778929, 11.3785633 47.2779208, 11.378683 47.2779433, 11.3787461 47.277935)"
5022,8.0,,,,6.779,,5,,4.0,"LINESTRING (11.3779934 47.2780137, 11.3780697 47.2779815)"
5023,5.0,,,,27.354,,5,,4.0,"LINESTRING (11.3784444 47.2782242, 11.3783835 47.2782396, 11.3783051 47.2782595, 11.3782147 47.2782491, 11.3780968 47.2782273)"
5024,5.0,,,,27.354,,5,,4.0,"LINESTRING (11.3780968 47.2782273, 11.3782147 47.2782491, 11.3783051 47.2782595, 11.3783835 47.2782396, 11.3784444 47.2782242)"
5025,5.0,,,,17.159,,5,,4.0,"LINESTRING (11.3780968 47.2782273, 11.3781335 47.2782793, 11.3781841 47.2783239, 11.3782407 47.2783364)"
5026,5.0,,,,28.024,,5,,6.000000000000001,"LINESTRING (11.3780968 47.2782273, 11.378083 47.2781452, 11.378106 47.2780746, 11.3780968 47.2780268, 11.3780697 47.2779815)"
5027,5.0,,,,17.159,,5,,4.0,"LINESTRING (11.3782407 47.2783364, 11.3781841 47.2783239, 11.3781335 47.2782793, 11.3780968 47.2782273)"
5028,5.0,,,,13.428,,5,,3.0000000000000004,"LINESTRING (11.3781114 47.2785955, 11.3780142 47.2785992, 11.3779342 47.2786061)"
5029,5.0,,,,12.299,,5,,3.0000000000000004,"LINESTRING (11.3779342 47.2786061, 11.3779279 47.2786375, 11.3779467 47.2786747, 11.3779891 47.2787019)"
5030,5.0,,,,13.428,,5,,3.0000000000000004,"LINESTRING (11.3779342 47.2786061, 11.3780142 47.2785992, 11.3781114 47.2785955)"
5031,5.0,,,,12.299,,5,,3.0000000000000004,"LINESTRING (11.3779891 47.2787019, 11.3779467 47.2786747, 11.3779279 47.2786375, 11.3779342 47.2786061)"
5032,6.0,,,,28.18,,5,,5.0,"LINESTRING (11.3817236 47.2794467, 11.3818649 47.2792121)"
5033,6.0,,,,26.162,,5,,3.0000000000000004,"LINESTRING (11.3817236 47.2794467, 11.3820704 47.2794479)"
5034,6.0,,,,26.162,,5,,3.0000000000000004,"LINESTRING (11.3820704 47.2794479, 11.3817236 47.2794467)"
5035,5.0,,,,105.33599999999998,,5,,4.0,"LINESTRING (11.3932895 47.2460901, 11.3933601 47.2462011, 11.3934228 47.2463369, 11.3934863 47.246519, 11.3935403 47.2466499, 11.3935546 47.2467113, 11.3935538 47.2467754, 11.3935466 47.2469284, 11.3935415 47.24701)"
5036,5.0,,,,9.659,,5,,8.0,"LINESTRING (11.3935415 47.24701, 11.3935655 47.2470225, 11.3936456 47.2470605)"
5037,5.0,,,,13.907,,5,,6.000000000000001,"LINESTRING (11.3935415 47.24701, 11.3935169 47.2469974, 11.3933945 47.2469346)"
5038,5.0,,,,105.33600000000001,,5,,4.0,"LINESTRING (11.3935415 47.24701, 11.3935466 47.2469284, 11.3935538 47.2467754, 11.3935546 47.2467113, 11.3935403 47.2466499, 11.3934863 47.246519, 11.3934228 47.2463369, 11.3933601 47.2462011, 11.3932895 47.2460901)"
5039,8.0,,,,73.084,,10,,5.0,"LINESTRING (11.4214409 47.2575242, 11.4220834 47.2576547, 11.4223611 47.2577276)"
5040,8.0,,10.0,9.0,216.86999999999998,,5,,6.000000000000001,"LINESTRING (11.4214409 47.2575242, 11.4206035 47.2572813, 11.4200456 47.2571204, 11.4199899 47.2571043, 11.4198796 47.2570724, 11.41976 47.2570389, 11.4195009 47.2569664, 11.4187985 47.2567578)"
5041,6.0,,,,19.4,,10,,2.0,"LINESTRING (11.3992387 47.2659669, 11.3991943 47.2659732, 11.3989871 47.2660028)"
5042,8.0,9.0,10.0,,78.03800000000001,,10,,4.0,"LINESTRING (11.3918615 47.2662007, 11.3916487 47.2661547, 11.3915884 47.2661258, 11.3915507 47.2660931, 11.3915287 47.2660516, 11.3915257 47.2660101, 11.3916382 47.265645)"
5043,6.0,,10.0,,19.862,,5,,4.0,"LINESTRING (11.3788557 47.2624879, 11.3787137 47.2626383)"
5044,8.0,,10.0,,17.322,,5,,6.000000000000001,"LINESTRING (11.3787137 47.2626383, 11.3785251 47.2625495)"
5045,8.0,,10.0,,57.167,,5,,6.000000000000001,"LINESTRING (11.3787137 47.2626383, 11.379336 47.2629315)"
5046,6.0,,10.0,,19.862,,5,,4.0,"LINESTRING (11.3787137 47.2626383, 11.3788557 47.2624879)"
5047,6.0,,,,55.918,,10,,0.0,"LINESTRING (11.4049341 47.2519759, 11.404841 47.2519339, 11.4044093 47.2516233)"
5048,10.0,,10.0,,190.004,,5,,7.000000000000001,"LINESTRING (11.4077775 47.2563971, 11.4079685 47.2561487, 11.4080633 47.2559883, 11.4081076 47.2559069, 11.4081469 47.2558262, 11.4082237 47.2556189, 11.4083338 47.2552247, 11.4084541 47.2548182, 11.4084699 47.2547649)"
5049,10.0,,10.0,,256.054,,5,,7.000000000000001,"LINESTRING (11.4077775 47.2563971, 11.4076801 47.2565272, 11.4075467 47.2567017, 11.4074197 47.2568661, 11.4073243 47.2570012, 11.4072771 47.2570786, 11.4072274 47.2571684, 11.40721 47.2572245, 11.407201 47.2572851, 11.4071987 47.2573433, 11.4072072 47.2574794, 11.4072083 47.2576191, 11.407227 47.2577544, 11.4072202 47.2577989, 11.4071258 47.2582196, 11.4070611 47.2586036)"
5050,8.0,,,,321.784,,5,,7.000000000000001,"LINESTRING (11.4077775 47.2563971, 11.4080063 47.2564153, 11.4088511 47.2565338, 11.4119613 47.2569523)"
5051,8.0,,,,145.353,,5,,7.000000000000001,"LINESTRING (11.4077775 47.2563971, 11.4075291 47.2563761, 11.4072206 47.2563507, 11.4065169 47.2562929, 11.40587 47.2562188)"
5052,6.0,,,,73.83200000000001,,5,,5.0,"LINESTRING (11.4040061 47.2812904, 11.4040801 47.2812529, 11.4043148 47.2812586, 11.4045202 47.2812854, 11.4047212 47.2813189, 11.4047457 47.2813247, 11.4047646 47.2813326, 11.4047859 47.2813464, 11.4048824 47.2814311)"
5053,8.0,,,,19.397,,5,,6.000000000000001,"LINESTRING (11.4106062 47.2803969, 11.4106795 47.2805641)"
5054,2.0,,10.0,6.0,14.277,5.0,5,,6.000000000000001,"LINESTRING (11.4106062 47.2803969, 11.4104271 47.2804384)"
5055,2.0,,10.0,6.0,147.261,5.0,5,,6.000000000000001,"LINESTRING (11.4106062 47.2803969, 11.4111319 47.280275, 11.4124665 47.2799959)"
5056,6.0,,,,3.761,,5,,4.0,"LINESTRING (11.3747377 47.2640058, 11.3747874 47.2640032)"
5057,7.0,,4.0,,7.143,,5,,3.0000000000000004,"LINESTRING (11.3924821 47.2684861, 11.3924789 47.2685503)"
5058,7.0,,4.0,,55.2,,10,,4.0,"LINESTRING (11.3924821 47.2684861, 11.3925712 47.2685063, 11.3932087 47.2685156)"
5059,8.0,,10.0,,15.544,,10,,4.0,"LINESTRING (11.3925083 47.2729831, 11.3925438 47.2731208)"
5060,8.0,,,,110.37900000000002,,5,,5.0,"LINESTRING (11.3925083 47.2729831, 11.392387 47.2730246, 11.3922697 47.2731036, 11.3922144 47.2732134, 11.3921989 47.2733424, 11.3922048 47.2734882, 11.3921885 47.2735633, 11.3921495 47.2736201, 11.3920604 47.2737098, 11.3919122 47.2738215)"
5061,8.0,,,,15.655000000000001,,5,,4.0,"LINESTRING (11.3918323 47.2739482, 11.3918587 47.2738701, 11.3919122 47.2738215)"
5062,6.0,,10.0,9.0,82.528,,5,,6.000000000000001,"LINESTRING (11.3950808 47.2745666, 11.3946761 47.2742615, 11.3943406 47.2740202)"
5063,6.0,,10.0,9.0,99.555,,5,,5.0,"LINESTRING (11.3950808 47.2745666, 11.3952505 47.2746503, 11.3955129 47.2748318, 11.3956487 47.2749844, 11.395828 47.2752809)"
5064,8.0,,10.0,,74.698,,5,,3.0000000000000004,"LINESTRING (11.3939674 47.2751155, 11.3943188 47.2756527, 11.3943691 47.2757295)"
5065,8.0,,10.0,,31.87,,10,,4.0,"LINESTRING (11.3924214 47.271345, 11.3920439 47.2714736)"
5066,8.0,,10.0,,65.606,,5,,5.0,"LINESTRING (11.3924214 47.271345, 11.3927404 47.2717545, 11.3928278 47.2718666)"
5067,8.0,,10.0,,34.401,,10,,4.0,"LINESTRING (11.392833 47.2712119, 11.3924214 47.271345)"
5068,8.0,,10.0,,111.60499999999999,,5,,5.0,"LINESTRING (11.392833 47.2712119, 11.3928937 47.2712513, 11.3935661 47.2720808)"
5069,6.0,,,,90.28599999999999,,5,,4.0,"LINESTRING (11.3911055 47.2773356, 11.3909119 47.2772364, 11.3909008 47.2771676, 11.3907894 47.2770242, 11.3907555 47.2770034, 11.3907104 47.2769904, 11.3906676 47.2769862, 11.3906067 47.2769931, 11.3904411 47.2770592, 11.3903859 47.2770705, 11.3903262 47.2770736, 11.3902234 47.2770636)"
5070,6.0,,,,9.241,,5,,6.000000000000001,"LINESTRING (11.3902234 47.2770636, 11.3901135 47.2770269)"
5071,6.0,,,,57.757,,5,,4.0,"LINESTRING (11.3902234 47.2770636, 11.3899964 47.2774101, 11.3899153 47.2775391)"
5072,6.0,,,,90.286,,5,,4.0,"LINESTRING (11.3902234 47.2770636, 11.3903262 47.2770736, 11.3903859 47.2770705, 11.3904411 47.2770592, 11.3906067 47.2769931, 11.3906676 47.2769862, 11.3907104 47.2769904, 11.3907555 47.2770034, 11.3907894 47.2770242, 11.3909008 47.2771676, 11.3909119 47.2772364, 11.3911055 47.2773356)"
5073,5.0,,,,7.25,,5,,6.000000000000001,"LINESTRING (11.3809458 47.2735127, 11.3808981 47.2734561)"
5074,6.0,,,,111.44200000000001,,5,,6.000000000000001,"LINESTRING (11.3809458 47.2735127, 11.3812159 47.2734493, 11.3813871 47.273384, 11.3815367 47.2732235, 11.3817539 47.2731078, 11.38208 47.2729085)"
5075,8.0,,,9.0,88.858,,5,,8.0,"LINESTRING (11.3809458 47.2735127, 11.380731 47.2737752, 11.380647 47.2739694, 11.3806569 47.2742658)"
5076,8.0,,,9.0,72.233,,5,,8.0,"LINESTRING (11.3809458 47.2735127, 11.3809263 47.2733213, 11.3809595 47.2730998, 11.381098 47.2728843)"
5077,6.0,,,,52.737,,5,,6.000000000000001,"LINESTRING (11.3809458 47.2735127, 11.3809268 47.2736504, 11.3809321 47.2737269, 11.3810206 47.2737942, 11.3811454 47.2738706, 11.3811703 47.2738505, 11.3811977 47.2738284)"
5078,8.0,,10.0,,53.202999999999996,,5,,4.0,"LINESTRING (11.3985106 47.2579402, 11.3984659 47.2581228, 11.398336 47.2584026)"
5079,6.0,,10.0,,176.851,,5,,7.000000000000001,"LINESTRING (11.4079782 47.2633004, 11.4079776 47.2632411, 11.4080452 47.2630607, 11.408277 47.262567, 11.4084908 47.2621724, 11.4086408 47.2618968, 11.4086985 47.2617912)"
5080,6.0,,10.0,,21.869999999999997,,5,,6.000000000000001,"LINESTRING (11.4079782 47.2633004, 11.408001 47.263426, 11.4080564 47.2634852)"
5081,8.0,,10.0,,47.741,,5,,6.000000000000001,"LINESTRING (11.4079782 47.2633004, 11.4084279 47.2632653, 11.408528 47.2632381, 11.4085603 47.2631943)"
5082,8.0,,10.0,,116.669,,10,,5.0,"LINESTRING (11.4079782 47.2633004, 11.4078419 47.2633074, 11.4070279 47.2631705, 11.4064635 47.2631128)"
5083,8.0,,10.0,,178.087,,5,,6.000000000000001,"LINESTRING (11.4064635 47.2631128, 11.407098 47.2615702)"
5084,8.0,,10.0,,62.246,,5,,6.000000000000001,"LINESTRING (11.4064635 47.2631128, 11.4056406 47.263074)"
5085,8.0,,10.0,9.0,117.076,,10,,5.0,"LINESTRING (11.4117617 47.2657287, 11.4110977 47.2666803)"
5086,6.0,,,,63.832,,5,,6.000000000000001,"LINESTRING (11.4117617 47.2657287, 11.4118642 47.2657614, 11.411956 47.2657906, 11.412158 47.265855, 11.4123514 47.2659167, 11.4124859 47.2659598, 11.4125272 47.265973)"
5087,8.0,,,,172.742,,5,,7.000000000000001,"LINESTRING (11.4117617 47.2657287, 11.4097586 47.2651694, 11.4097246 47.2651604, 11.4096438 47.265139)"
5088,5.0,,,7.0,13.395,9.0,10,,4.0,"LINESTRING (11.4271446 47.2620263, 11.427159 47.2620653, 11.4271589 47.2621054, 11.4271442 47.2621443)"
5089,6.0,,10.0,9.0,73.00500000000001,9.0,5,,5.0,"LINESTRING (11.4271446 47.2620263, 11.4271992 47.262008, 11.427249 47.2619998, 11.4272915 47.261994, 11.4273457 47.2619905, 11.4273934 47.2619914, 11.4274449 47.2619941, 11.4274989 47.262003, 11.4275508 47.2620143, 11.4276177 47.2620318, 11.427688 47.2620537, 11.4277382 47.2620721, 11.427787 47.2620885, 11.4278475 47.2621126, 11.4279038 47.2621384, 11.4279504 47.26216, 11.4279833 47.2621839, 11.4280112 47.2622077)"
5090,6.0,,,,39.024,,5,,4.0,"LINESTRING (11.3806223 47.2573835, 11.3805418 47.257293, 11.3808367 47.2571513)"
5091,8.0,,,,58.565,,10,,5.0,"LINESTRING (11.409841 47.2773972, 11.4092872 47.2777663)"
5092,8.0,,,,84.674,,5,,6.000000000000001,"LINESTRING (11.409841 47.2773972, 11.4106475 47.2768676)"
5093,8.0,,,,209.774,,5,,6.000000000000001,"LINESTRING (11.409841 47.2773972, 11.4107519 47.2780931, 11.4114554 47.2776979, 11.4118049 47.2774596)"
5094,8.0,,,,77.626,,5,,6.000000000000001,"LINESTRING (11.4118049 47.2774596, 11.411652 47.2773571, 11.4116201 47.2773451, 11.4113841 47.2773269, 11.4113372 47.2773138, 11.4109831 47.2770847)"
5095,6.0,,,,93.962,,5,,6.000000000000001,"LINESTRING (11.4118049 47.2774596, 11.4118791 47.277441, 11.4127117 47.2768868)"
5096,8.0,,,,209.774,,5,,6.000000000000001,"LINESTRING (11.4118049 47.2774596, 11.4114554 47.2776979, 11.4107519 47.2780931, 11.409841 47.2773972)"
5097,5.0,,6.0,,43.790000000000006,,5,,3.0000000000000004,"LINESTRING (11.3965337 47.245103, 11.3964721 47.2451234, 11.3963561 47.2451351, 11.3962107 47.2453839)"
5098,6.0,,10.0,9.0,58.095,,5,,6.000000000000001,"LINESTRING (11.3824856 47.2706085, 11.3824332 47.2705898, 11.3823155 47.2705307, 11.3818785 47.2702884)"
5099,6.0,,10.0,9.0,74.931,,5,,5.0,"LINESTRING (11.3824856 47.2706085, 11.382656 47.2706594, 11.3833549 47.2709331)"
5100,8.0,,10.0,9.0,97.26400000000001,,5,,6.000000000000001,"LINESTRING (11.3824856 47.2706085, 11.3824763 47.2706542, 11.3827556 47.271108, 11.3828967 47.2714309)"
5101,6.0,,,9.0,18.325,,10,,3.0000000000000004,"LINESTRING (11.4339603 47.2628217, 11.4338161 47.2629543)"
5102,6.0,,,9.0,14.447999999999999,,10,,3.0000000000000004,"LINESTRING (11.4339603 47.2628217, 11.4340138 47.2627853, 11.434041 47.2627478, 11.4340481 47.2627114)"
5103,6.0,,,,18.238,,5,,5.0,"LINESTRING (11.4340481 47.2627114, 11.4342882 47.2626926)"
5104,6.0,,,9.0,125.598,,10,,4.0,"LINESTRING (11.4340481 47.2627114, 11.4340363 47.2626955, 11.4340106 47.2626844, 11.4339781 47.2626801, 11.4330691 47.2627243, 11.4324081 47.2627614)"
5105,6.0,,,9.0,12.991,9.0,5,,6.000000000000001,"LINESTRING (11.4324081 47.2627614, 11.4323952 47.2628779)"
5106,6.0,,,9.0,21.179,9.0,5,,6.000000000000001,"LINESTRING (11.4324081 47.2627614, 11.4324162 47.2626835, 11.4324368 47.262572)"
5107,6.0,,,9.0,21.179,9.0,5,,5.0,"LINESTRING (11.4324368 47.262572, 11.4324162 47.2626835, 11.4324081 47.2627614)"
5108,8.0,,10.0,9.0,48.781,,5,,6.000000000000001,"LINESTRING (11.4324368 47.262572, 11.432377 47.2625677, 11.4323032 47.2625559, 11.4322492 47.2625431, 11.4320821 47.2624752, 11.4318595 47.262386)"
5109,8.0,,10.0,9.0,146.591,,5,,5.0,"LINESTRING (11.4324368 47.262572, 11.4324933 47.2625742, 11.4325555 47.2625715, 11.4326295 47.2625597, 11.4327225 47.2625428, 11.4328523 47.2625104, 11.4330115 47.2624639, 11.4331772 47.2624127, 11.4334037 47.2623363, 11.4340471 47.2621464, 11.434242 47.2621075)"
5110,8.0,,10.0,,16.233999999999998,,10,,4.0,"LINESTRING (11.4009133 47.2665157, 11.4010597 47.266457, 11.4010995 47.2664426)"
5111,8.0,,10.0,,18.391,,10,,3.0000000000000004,"LINESTRING (11.4009133 47.2665157, 11.400966 47.2664557, 11.4009944 47.2664154, 11.4010035 47.2663649)"
5112,8.0,9.0,10.0,,131.64200000000002,,5,,6.000000000000001,"LINESTRING (11.4009133 47.2665157, 11.4007822 47.2665322, 11.3994034 47.2667225, 11.3992063 47.2667589)"
5113,8.0,,10.0,,6.476,,10,,4.0,"LINESTRING (11.4010995 47.2664426, 11.4011768 47.2664173)"
5114,6.0,,10.0,,11.434,,10,,3.0000000000000004,"LINESTRING (11.4010995 47.2664426, 11.4010798 47.2664309, 11.4010369 47.2664052, 11.4010035 47.2663649)"
5115,6.0,,10.0,,21.691000000000003,,10,,3.0000000000000004,"LINESTRING (11.4023942 47.2663404, 11.4022919 47.266365, 11.402116 47.2663873)"
5116,6.0,,10.0,,33.01,,10,,4.0,"LINESTRING (11.402116 47.2663873, 11.40181 47.2664293, 11.4017342 47.2664377, 11.4016862 47.2664423)"
5117,6.0,,,,24.599,,10,,4.0,"LINESTRING (11.4015282 47.2664629, 11.4012077 47.2665034)"
5118,6.0,,,,7.949,,5,,5.0,"LINESTRING (11.4023875 47.2662578, 11.4024555 47.2662032)"
5119,6.0,,,,10.382,,10,,4.0,"LINESTRING (11.4023875 47.2662578, 11.4025207 47.2662812)"
5120,6.0,,,,25.494,,10,,3.0000000000000004,"LINESTRING (11.4023875 47.2662578, 11.4022869 47.2663319, 11.402116 47.2663873)"
5121,6.0,,10.0,,6.571,9.0,10,,5.0,"LINESTRING (11.4023521 47.2661223, 11.4023824 47.2660669)"
5122,6.0,,,,12.324,,5,,7.000000000000001,"LINESTRING (11.4024555 47.2662032, 11.4025253 47.266103)"
5123,6.0,,,,7.949,,5,,6.000000000000001,"LINESTRING (11.4024555 47.2662032, 11.4023875 47.2662578)"
5124,6.0,,,,12.551,,10,,4.0,"LINESTRING (11.4024555 47.2662032, 11.4023769 47.2661687, 11.4023521 47.2661223)"
5125,6.0,,10.0,,10.6,,10,,4.0,"LINESTRING (11.4012077 47.2665034, 11.4010995 47.2664426)"
5126,8.0,,10.0,,22.291,,10,,5.0,"LINESTRING (11.4012077 47.2665034, 11.4010535 47.2665154, 11.4009133 47.2665157)"
5127,6.0,,10.0,7.0,26.429000000000002,9.0,10,,4.0,"LINESTRING (11.4010035 47.2663649, 11.4009992 47.2663456, 11.400954 47.2661296)"
5128,6.0,,,,76.78800000000001,,5,,4.0,"LINESTRING (11.399485 47.2774823, 11.3996596 47.2776086, 11.3999808 47.2778033, 11.4002469 47.2779379)"
5129,8.0,,,,156.88799999999998,,5,,6.000000000000001,"LINESTRING (11.4107446 47.2848513, 11.4109248 47.2849266, 11.4110113 47.2849694, 11.4110776 47.285008, 11.4111368 47.2850559, 11.4113008 47.285221, 11.4113543 47.2852671, 11.4113901 47.2852861, 11.4114361 47.285302, 11.4116778 47.2853612, 11.4119107 47.2853956, 11.4119883 47.2854105, 11.4122622 47.2854918, 11.412392 47.2855435, 11.4124366 47.2855534, 11.4124688 47.285552)"
5130,8.0,,,,101.933,,5,,6.000000000000001,"LINESTRING (11.4107446 47.2848513, 11.41061 47.2848077, 11.4105219 47.2847707, 11.4104494 47.284731, 11.4103766 47.2846801, 11.4102235 47.2845567, 11.4101719 47.2845169, 11.4099151 47.284321, 11.4098495 47.2841939)"
5131,6.0,,,,109.57400000000001,,5,,4.0,"LINESTRING (11.4107446 47.2848513, 11.4109889 47.2848003, 11.4111337 47.2847754, 11.4112496 47.2847621, 11.4114735 47.2847575, 11.4115569 47.2847648, 11.4116847 47.2847823, 11.4118578 47.2847931, 11.4121237 47.2847704, 11.4121493 47.2847414)"
5132,6.0,,,,109.57400000000001,,5,,4.0,"LINESTRING (11.4121493 47.2847414, 11.4121237 47.2847704, 11.4118578 47.2847931, 11.4116847 47.2847823, 11.4115569 47.2847648, 11.4114735 47.2847575, 11.4112496 47.2847621, 11.4111337 47.2847754, 11.4109889 47.2848003, 11.4107446 47.2848513)"
5133,8.0,,10.0,9.0,16.32,,5,,4.0,"LINESTRING (11.4061515 47.2844984, 11.4059387 47.2845249)"
5134,8.0,,10.0,9.0,23.747,,5,,6.000000000000001,"LINESTRING (11.4061515 47.2844984, 11.4063505 47.2844758, 11.4064486 47.2844377)"
5135,6.0,,,,64.23599999999999,,5,,4.0,"LINESTRING (11.4061515 47.2844984, 11.406148 47.2845246, 11.406164 47.2845435, 11.4062417 47.2845516, 11.4063195 47.2845543, 11.4063653 47.2845908, 11.4063713 47.2847423, 11.4064112 47.2848167, 11.4064195 47.2849021, 11.4064097 47.2849609)"
5136,6.0,,,,64.236,,5,,4.0,"LINESTRING (11.4064097 47.2849609, 11.4064195 47.2849021, 11.4064112 47.2848167, 11.4063713 47.2847423, 11.4063653 47.2845908, 11.4063195 47.2845543, 11.4062417 47.2845516, 11.406164 47.2845435, 11.406148 47.2845246, 11.4061515 47.2844984)"
5137,8.0,9.0,10.0,,3.816,,10,,4.0,"LINESTRING (11.3937508 47.2602991, 11.3937492 47.2602648)"
5138,6.0,,,,10.624,,5,,5.0,"LINESTRING (11.3937508 47.2602991, 11.3937961 47.2603002, 11.3938914 47.2603038)"
5139,6.0,,,,64.562,,5,,6.000000000000001,"LINESTRING (11.3940079 47.26022, 11.3940504 47.260203, 11.394096 47.2601996, 11.3941364 47.2602018, 11.3948301 47.2603321)"
5140,6.0,,,,13.673,,5,,6.000000000000001,"LINESTRING (11.3940079 47.26022, 11.3939925 47.2602502, 11.3939741 47.2602733, 11.3939432 47.2602906, 11.3938914 47.2603038)"
5141,6.0,,,,78.28999999999999,,5,,6.000000000000001,"LINESTRING (11.3940079 47.26022, 11.3940142 47.2601644, 11.3940185 47.2601409, 11.3940318 47.2601174, 11.3940644 47.2600951, 11.3941045 47.260087, 11.3941641 47.26009, 11.3943968 47.2601275, 11.3948749 47.2602177)"
5142,6.0,,,,37.569,,5,,4.0,"LINESTRING (11.394706 47.2606593, 11.3948301 47.2603321)"
5143,6.0,,,,65.544,,5,,4.0,"LINESTRING (11.394174 47.2605429, 11.3942257 47.2605516, 11.3942842 47.2605556, 11.3943307 47.2605504, 11.3943706 47.2605338, 11.3943875 47.2605069, 11.3943892 47.2604737, 11.3943759 47.2604506, 11.3943502 47.2604349, 11.3943124 47.2604213, 11.3941371 47.2603722, 11.3940098 47.2603268, 11.3938914 47.2603038)"
5144,6.0,,,,37.569,,5,,4.0,"LINESTRING (11.3948301 47.2603321, 11.394706 47.2606593)"
5145,6.0,,,,13.162,,5,,6.000000000000001,"LINESTRING (11.3948301 47.2603321, 11.3948749 47.2602177)"
5146,6.0,,,,64.562,,5,,6.000000000000001,"LINESTRING (11.3948301 47.2603321, 11.3941364 47.2602018, 11.394096 47.2601996, 11.3940504 47.260203, 11.3940079 47.26022)"
5147,6.0,,,,13.162,,5,,6.000000000000001,"LINESTRING (11.3948749 47.2602177, 11.3948301 47.2603321)"
5148,6.0,,,,29.483,,5,,4.0,"LINESTRING (11.3948749 47.2602177, 11.3952507 47.2602902)"
5149,6.0,,,,78.28999999999999,,5,,6.000000000000001,"LINESTRING (11.3948749 47.2602177, 11.3943968 47.2601275, 11.3941641 47.26009, 11.3941045 47.260087, 11.3940644 47.2600951, 11.3940318 47.2601174, 11.3940185 47.2601409, 11.3940142 47.2601644, 11.3940079 47.26022)"
5150,6.0,,,,29.483,,5,,4.0,"LINESTRING (11.3952507 47.2602902, 11.3948749 47.2602177)"
5151,5.0,,6.0,,42.858000000000004,,5,,4.0,"LINESTRING (11.3997278 47.2801774, 11.3996958 47.2801715, 11.3994975 47.2801626, 11.3991743 47.2800997)"
5152,5.0,,6.0,,20.028000000000002,,5,,6.000000000000001,"LINESTRING (11.3991743 47.2800997, 11.3991062 47.2800707, 11.3990746 47.2800159, 11.3990953 47.2799737, 11.3991264 47.2799666)"
5153,5.0,,6.0,,42.858000000000004,,5,,4.0,"LINESTRING (11.3991743 47.2800997, 11.3994975 47.2801626, 11.3996958 47.2801715, 11.3997278 47.2801774)"
5154,5.0,,6.0,,25.433999999999997,,5,,4.0,"LINESTRING (11.3991743 47.2800997, 11.3991775 47.2801251, 11.3991723 47.2801614, 11.3991369 47.2801807, 11.3990893 47.2801882, 11.3990402 47.2801858, 11.3989946 47.2801787, 11.3989842 47.2801839, 11.3989653 47.2802098)"
5155,5.0,,6.0,,4.586,,5,,6.000000000000001,"LINESTRING (11.3994588 47.2796879, 11.3994466 47.2797283)"
5156,5.0,,9.0,,293.73100000000005,,5,,6.000000000000001,"LINESTRING (11.3994588 47.2796879, 11.3998837 47.2798313, 11.4000675 47.2799086, 11.400145 47.2799525, 11.4002014 47.2799979, 11.4002536 47.280117, 11.4002583 47.2802479, 11.4001745 47.2806567, 11.4001331 47.2809096, 11.4000764 47.2813386, 11.4001111 47.2816277, 11.4001686 47.281747, 11.4001794 47.2817886, 11.4001696 47.2818205, 11.4001434 47.2818429, 11.4000926 47.2818514, 11.4000399 47.2818461, 11.3999852 47.2818231, 11.3999259 47.2817818)"
5157,6.0,,9.0,,147.60899999999995,,5,,6.000000000000001,"LINESTRING (11.3994588 47.2796879, 11.3992321 47.2796115, 11.3992074 47.279594, 11.3991909 47.2795693, 11.3991889 47.2795432, 11.3991986 47.279518, 11.3992245 47.2795012, 11.3992598 47.27949, 11.399317 47.2794941, 11.3993812 47.279503, 11.3999303 47.2796861, 11.4003464 47.2797545, 11.4004658 47.2797601, 11.4005634 47.2797485, 11.4005849 47.2797335, 11.4005996 47.2797132, 11.4006074 47.2796934)"
5158,5.0,,,,3.005,,5,,4.0,"LINESTRING (11.3985656 47.2824228, 11.3985673 47.2823958)"
5159,5.0,,,,47.778000000000006,,5,,4.0,"LINESTRING (11.3985656 47.2824228, 11.3983532 47.2824228, 11.3980013 47.2824273, 11.3979424 47.2824517)"
5160,5.0,,,,41.539,,5,,4.0,"LINESTRING (11.3985656 47.2824228, 11.3986123 47.282438, 11.3986453 47.2824588, 11.3986978 47.2825181, 11.3987366 47.2825793, 11.398725 47.282688, 11.3987459 47.2827154, 11.3987834 47.2827352)"
5161,8.0,,10.0,9.0,82.11999999999999,,5,,6.000000000000001,"LINESTRING (11.4185817 47.2757257, 11.4188187 47.2755178, 11.419097 47.2752574, 11.4191396 47.2752176, 11.4191918 47.2751189)"
5162,8.0,,10.0,9.0,428.32400000000007,,5,,5.0,"LINESTRING (11.4185817 47.2757257, 11.4182878 47.2759842, 11.4177674 47.2764398, 11.4171905 47.2768361, 11.4167326 47.2771301, 11.4166614 47.2771477, 11.4165919 47.2771534, 11.4165121 47.2771398, 11.41644 47.2771111, 11.4148769 47.2757153)"
5163,6.0,,,,55.554,,5,,4.0,"LINESTRING (11.4185817 47.2757257, 11.4181273 47.2754487, 11.4180338 47.2753919)"
5164,6.0,,,,55.554,,5,,4.0,"LINESTRING (11.4180338 47.2753919, 11.4181273 47.2754487, 11.4185817 47.2757257)"
5165,7.0,,4.0,,3.665,,5,10.0,5.0,"LINESTRING (11.3936983 47.2695847, 11.3937087 47.2696169)"
5166,7.0,,4.0,,19.892,,5,10.0,7.000000000000001,"LINESTRING (11.3936983 47.2695847, 11.3936422 47.2694099)"
5167,7.0,,,,61.724,,5,,7.000000000000001,"LINESTRING (11.3936983 47.2695847, 11.3945098 47.2695145)"
5168,7.0,,,,25.275,,5,,7.000000000000001,"LINESTRING (11.3936983 47.2695847, 11.393366 47.2696134)"
5169,6.0,,,,30.027,,5,,4.0,"LINESTRING (11.4343405 47.2600549, 11.4345003 47.2598076)"
5170,6.0,,,,13.379,,5,,6.000000000000001,"LINESTRING (11.4343405 47.2600549, 11.4345058 47.2600984)"
5171,6.0,,,,19.601,,5,,4.0,"LINESTRING (11.4343405 47.2600549, 11.434331 47.2600696, 11.4342388 47.2602171)"
5172,6.0,,,,22.221,,5,,4.0,"LINESTRING (11.3697459 47.2633366, 11.3697874 47.2632656, 11.3699622 47.2632314)"
5173,6.0,,,,19.784,,5,,5.0,"LINESTRING (11.3697459 47.2633366, 11.3697064 47.2634171, 11.369663 47.2635054)"
5174,10.0,,,,102.125,,5,,7.000000000000001,"LINESTRING (11.3697459 47.2633366, 11.3705464 47.2634265, 11.3710811 47.2634866)"
5175,6.0,,,,22.221,,5,,4.0,"LINESTRING (11.3699622 47.2632314, 11.3697874 47.2632656, 11.3697459 47.2633366)"
5176,8.0,,10.0,,53.853,,10,,3.0000000000000004,"LINESTRING (11.3890176 47.2665036, 11.3889924 47.266501, 11.3889671 47.2665015, 11.3889422 47.2665068, 11.3889217 47.2665168, 11.3885299 47.2668158, 11.3885151 47.2668268)"
5177,6.0,,,,58.702000000000005,,5,,3.0000000000000004,"LINESTRING (11.3890176 47.2665036, 11.3889981 47.2664161, 11.3886916 47.2662048, 11.3886126 47.2660723)"
5178,6.0,,,,58.702,,5,,3.0000000000000004,"LINESTRING (11.3886126 47.2660723, 11.3886916 47.2662048, 11.3889981 47.2664161, 11.3890176 47.2665036)"
5179,2.0,,,7.0,42.564,9.0,10,,4.0,"LINESTRING (11.4201703 47.2607427, 11.4204412 47.2608201, 11.4206872 47.2608958)"
5180,8.0,,,,29.343000000000004,10.0,10,,3.0000000000000004,"LINESTRING (11.4200651 47.2604887, 11.420101 47.2605838, 11.4201317 47.2606521, 11.4201703 47.2607427)"
5181,8.0,,,,13.509,5.0,5,,4.0,"LINESTRING (11.4200651 47.2604887, 11.4200234 47.2605283, 11.4199884 47.2605573, 11.4199641 47.2605763, 11.4199543 47.260584)"
5182,8.0,,,,27.933,,5,,5.0,"LINESTRING (11.4200651 47.2604887, 11.4201242 47.2604329, 11.4201494 47.2604015, 11.4202519 47.2602723)"
5183,8.0,,,,9.506,,5,,6.000000000000001,"LINESTRING (11.4119613 47.2569523, 11.4120848 47.2569691)"
5184,10.0,,,,12.073,,5,,6.000000000000001,"LINESTRING (11.4119613 47.2569523, 11.4119125 47.2570557)"
5185,8.0,,,,321.78400000000005,,5,,7.000000000000001,"LINESTRING (11.4119613 47.2569523, 11.4088511 47.2565338, 11.4080063 47.2564153, 11.4077775 47.2563971)"
5186,5.0,,10.0,,8.399,5.0,10,,5.0,"LINESTRING (11.4120997 47.2571207, 11.4121522 47.2570541)"
5187,5.0,,,7.0,17.396,9.0,10,,3.0000000000000004,"LINESTRING (11.4323497 47.2754569, 11.432578 47.2754789)"
5188,6.0,,,,21.859,10.0,10,,3.0000000000000004,"LINESTRING (11.4323497 47.2754569, 11.4324346 47.2755035, 11.4325041 47.2755425, 11.4325114 47.2756036)"
5189,6.0,,,,14.748,5.0,5,,5.0,"LINESTRING (11.4325114 47.2756036, 11.432578 47.2754789)"
5190,6.0,,,,7.785,5.0,5,,5.0,"LINESTRING (11.4325114 47.2756036, 11.4324835 47.275671)"
5191,5.0,,,,6.507,,5,,5.0,"LINESTRING (11.3999503 47.2516587, 11.3998675 47.251675)"
5192,5.0,,,,11.249,,5,,4.0,"LINESTRING (11.4129831 47.2854342, 11.4128711 47.285501)"
5193,6.0,,,,66.05,,5,,5.0,"LINESTRING (11.4129831 47.2854342, 11.4129902 47.2853812, 11.4130061 47.2853421, 11.4130374 47.2852908, 11.4131769 47.2850991, 11.4132488 47.2849894, 11.4132957 47.2848832)"
5194,5.0,,10.0,,36.106,,5,,4.0,"LINESTRING (11.4147363 47.2850893, 11.4146805 47.2851173, 11.414569 47.2851653, 11.4143823 47.2853043)"
5195,5.0,,10.0,,181.32,,5,,7.000000000000001,"LINESTRING (11.4147363 47.2850893, 11.4147384 47.2850446, 11.4144441 47.2845626, 11.4142669 47.2837199, 11.4142801 47.2835071)"
5196,6.0,,,,141.158,,5,,4.0,"LINESTRING (11.3723743 47.2611556, 11.3717704 47.2618336, 11.3714415 47.2622554)"
5197,6.0,,,,121.71899999999998,,5,,4.0,"LINESTRING (11.3728304 47.2615131, 11.3724545 47.2619111, 11.3723712 47.2620233, 11.3723552 47.2620563, 11.372356 47.2620897, 11.3723756 47.2621211, 11.3724 47.2621453, 11.3724066 47.2621762, 11.3723985 47.2622128, 11.3723934 47.2623469, 11.3722684 47.2624853)"
5198,6.0,,,,29.179,,5,,6.000000000000001,"LINESTRING (11.3714415 47.2622554, 11.3717993 47.2623549)"
5199,6.0,,,,69.68199999999999,,5,,6.000000000000001,"LINESTRING (11.3714415 47.2622554, 11.3710003 47.2621328, 11.3708117 47.2620804, 11.3707005 47.2620495, 11.370587 47.2620179)"
5200,6.0,,,,141.158,,5,,4.0,"LINESTRING (11.3714415 47.2622554, 11.3717704 47.2618336, 11.3723743 47.2611556)"
5201,6.0,,,,38.254,,5,,6.000000000000001,"LINESTRING (11.3722684 47.2624853, 11.3717993 47.2623549)"
5202,6.0,,,,63.815,,5,,6.000000000000001,"LINESTRING (11.3722684 47.2624853, 11.3730511 47.2627026)"
5203,6.0,,,,121.71900000000001,,5,,4.0,"LINESTRING (11.3722684 47.2624853, 11.3723934 47.2623469, 11.3723985 47.2622128, 11.3724066 47.2621762, 11.3724 47.2621453, 11.3723756 47.2621211, 11.372356 47.2620897, 11.3723552 47.2620563, 11.3723712 47.2620233, 11.3724545 47.2619111, 11.3728304 47.2615131)"
5204,6.0,,,,8.741,9.0,5,,6.000000000000001,"LINESTRING (11.4344526 47.2621638, 11.4344692 47.262086)"
5205,6.0,,,,14.327,9.0,5,,6.000000000000001,"LINESTRING (11.4344526 47.2621638, 11.4344136 47.2622899)"
5206,10.0,,,,164.005,,5,,6.000000000000001,"LINESTRING (11.4344526 47.2621638, 11.4345206 47.2621644, 11.4345509 47.2621895, 11.4345679 47.2622172, 11.4345799 47.2622457, 11.4345864 47.2622739, 11.4345874 47.2623122, 11.4345864 47.2623512, 11.4345783 47.2623795, 11.4344705 47.2626083, 11.4344549 47.2626403, 11.4344108 47.2627067, 11.4343437 47.2629513, 11.4343546 47.2629769, 11.4343781 47.2629962, 11.4344097 47.26301, 11.4344438 47.2630159, 11.435187 47.2630478)"
5207,6.0,,,,14.327,9.0,5,,5.0,"LINESTRING (11.4344136 47.2622899, 11.4344526 47.2621638)"
5208,8.0,,,,24.462999999999997,10.0,10,,4.0,"LINESTRING (11.4344136 47.2622899, 11.4343503 47.2621913, 11.4343006 47.2621416, 11.434242 47.2621075)"
5209,6.0,,,7.0,45.788,,5,,5.0,"LINESTRING (11.4344136 47.2622899, 11.434373 47.2624389, 11.4343432 47.2625447, 11.4343281 47.2625841, 11.4343113 47.2626299, 11.4342882 47.2626926)"
5210,8.0,,10.0,,13.704,,5,,5.0,"LINESTRING (11.421223 47.2591035, 11.4211329 47.2592105)"
5211,8.0,,10.0,,76.321,,10,,4.0,"LINESTRING (11.421223 47.2591035, 11.4212143 47.2590269, 11.4215395 47.258624, 11.4215812 47.2586001, 11.4217085 47.2585271)"
5212,2.0,8.0,10.0,7.0,151.974,,5,,5.0,"LINESTRING (11.4044031 47.2796308, 11.4045756 47.2798743, 11.4051779 47.2807317, 11.40526 47.2808675)"
5213,2.0,8.0,10.0,7.0,19.284,9.0,10,,4.0,"LINESTRING (11.4044031 47.2796308, 11.4042731 47.2795424, 11.404247 47.2795246, 11.4042226 47.279508)"
5214,8.0,,10.0,,6.281,,5,,6.000000000000001,"LINESTRING (11.4010111 47.2761644, 11.4010043 47.2761081)"
5215,8.0,,10.0,,212.197,,5,,6.000000000000001,"LINESTRING (11.4010111 47.2761644, 11.4011236 47.2762255, 11.4013191 47.2763316, 11.4031357 47.2774146)"
5216,8.0,,10.0,,138.64,,5,,7.000000000000001,"LINESTRING (11.4010111 47.2761644, 11.4010204 47.2763698, 11.4009604 47.2768558, 11.4008519 47.2772288, 11.4008349 47.2772958, 11.4008085 47.2773997)"
5217,8.0,,10.0,,6.281,,5,,6.000000000000001,"LINESTRING (11.4010043 47.2761081, 11.4010111 47.2761644)"
5218,8.0,,,,175.15300000000002,,5,,7.000000000000001,"LINESTRING (11.4010043 47.2761081, 11.4014369 47.2760663, 11.4033004 47.275875)"
5219,8.0,,10.0,,36.609,,5,,6.000000000000001,"LINESTRING (11.4010043 47.2761081, 11.4009716 47.275824, 11.4009697 47.2758103, 11.4009624 47.2757802)"
5220,5.0,,10.0,,101.42,,5,,5.0,"LINESTRING (11.4128016 47.2532529, 11.4126269 47.2532256, 11.4122262 47.2531747, 11.4118562 47.2531274, 11.4114849 47.2530715)"
5221,5.0,,10.0,,22.606,,10,,4.0,"LINESTRING (11.4128016 47.2532529, 11.4128834 47.2532468, 11.4129919 47.2532592, 11.4130983 47.2532681)"
5222,6.0,,10.0,,10.8,,10,,3.0000000000000004,"LINESTRING (11.3938647 47.2599285, 11.3938103 47.2599099, 11.3937369 47.2598848)"
5223,10.0,,,,24.256999999999998,,10,,3.0000000000000004,"LINESTRING (11.3938647 47.2599285, 11.3938586 47.2599886, 11.3938403 47.2600088, 11.3937456 47.2601266)"
5224,6.0,,,,10.624,,5,,5.0,"LINESTRING (11.3938914 47.2603038, 11.3937961 47.2603002, 11.3937508 47.2602991)"
5225,6.0,,,,13.673,,5,,6.000000000000001,"LINESTRING (11.3938914 47.2603038, 11.3939432 47.2602906, 11.3939741 47.2602733, 11.3939925 47.2602502, 11.3940079 47.26022)"
5226,6.0,,,,65.544,,5,,4.0,"LINESTRING (11.3938914 47.2603038, 11.3940098 47.2603268, 11.3941371 47.2603722, 11.3943124 47.2604213, 11.3943502 47.2604349, 11.3943759 47.2604506, 11.3943892 47.2604737, 11.3943875 47.2605069, 11.3943706 47.2605338, 11.3943307 47.2605504, 11.3942842 47.2605556, 11.3942257 47.2605516, 11.394174 47.2605429)"
5227,10.0,,10.0,,18.552,,5,,6.000000000000001,"LINESTRING (11.372568 47.2639363, 11.3726487 47.2637787)"
5228,10.0,,10.0,,116.16200000000002,,5,,6.000000000000001,"LINESTRING (11.372568 47.2639363, 11.3724312 47.2642031, 11.372384 47.2642764, 11.372237 47.2644366, 11.3718806 47.2646671, 11.3717343 47.264758, 11.3717323 47.2647827)"
5229,10.0,,10.0,,10.224,,5,,6.000000000000001,"LINESTRING (11.372568 47.2639363, 11.3725508 47.2638941, 11.3725001 47.2638604)"
5230,8.0,,10.0,,14.871,,10,,4.0,"LINESTRING (11.3937456 47.2601266, 11.3937408 47.2599929)"
5231,6.0,,10.0,,14.674,,5,,6.000000000000001,"LINESTRING (11.3942874 47.2584517, 11.3943793 47.2583354)"
5232,8.0,,10.0,,19.271,,5,,6.000000000000001,"LINESTRING (11.3942874 47.2584517, 11.3941195 47.2584615, 11.394033 47.2584564)"
5233,6.0,9.0,10.0,,8.329,,10,,3.0000000000000004,"LINESTRING (11.3937415 47.2597369, 11.3937432 47.259662)"
5234,10.0,,,,23.800000000000004,,10,,3.0000000000000004,"LINESTRING (11.3937415 47.2597369, 11.3938361 47.2598456, 11.393865 47.2598825, 11.3938647 47.2599285)"
5235,6.0,,,,8.784,,5,,6.000000000000001,"LINESTRING (11.4132196 47.284943, 11.4132957 47.2848832)"
5236,6.0,,,,68.93,,5,,5.0,"LINESTRING (11.4132196 47.284943, 11.4130597 47.2851111, 11.4130122 47.2851698, 11.4128859 47.2853406, 11.4128719 47.285381, 11.412866 47.2854163, 11.4128711 47.285501)"
5237,6.0,,,,154.33,,5,,6.000000000000001,"LINESTRING (11.4132196 47.284943, 11.4131919 47.2849207, 11.4132045 47.2848489, 11.4131994 47.2847959, 11.4130482 47.2846865, 11.4130022 47.2848104, 11.4128049 47.2847833, 11.4127288 47.2849955, 11.4126363 47.2853406, 11.4126066 47.2854252, 11.4125328 47.2855236, 11.4125025 47.285542, 11.4124688 47.285552)"
5238,6.0,,,,121.67699999999998,,5,,4.0,"LINESTRING (11.3892342 47.2550411, 11.3895843 47.2550522, 11.389958 47.2551017, 11.3901938 47.2551219, 11.3903232 47.2551288, 11.3903642 47.2551064, 11.390438 47.255067, 11.3904774 47.2550477, 11.3905391 47.2550135, 11.3906091 47.2549739, 11.3907075 47.2548992)"
5239,6.0,,,,34.994,,5,,4.0,"LINESTRING (11.3907075 47.2548992, 11.390247 47.2548625)"
5240,6.0,,,,121.677,,5,,4.0,"LINESTRING (11.3907075 47.2548992, 11.3906091 47.2549739, 11.3905391 47.2550135, 11.3904774 47.2550477, 11.390438 47.255067, 11.3903642 47.2551064, 11.3903232 47.2551288, 11.3901938 47.2551219, 11.389958 47.2551017, 11.3895843 47.2550522, 11.3892342 47.2550411)"
5241,6.0,,,,58.20099999999999,,5,,6.000000000000001,"LINESTRING (11.3907075 47.2548992, 11.390926 47.2548848, 11.3913372 47.2549023, 11.3914587 47.2548556)"
5242,6.0,,,,34.994,,5,,4.0,"LINESTRING (11.390247 47.2548625, 11.3907075 47.2548992)"
5243,8.0,,,,175.314,,5,,6.000000000000001,"LINESTRING (11.3914587 47.2548556, 11.3914172 47.2548277, 11.3912991 47.254756, 11.3892061 47.2545973)"
5244,8.0,,,,259.145,,5,,6.000000000000001,"LINESTRING (11.3914587 47.2548556, 11.3915029 47.2548798, 11.3939168 47.2550258, 11.3948523 47.254901)"
5245,6.0,,,,58.20099999999999,,5,,6.000000000000001,"LINESTRING (11.3914587 47.2548556, 11.3913372 47.2549023, 11.390926 47.2548848, 11.3907075 47.2548992)"
5246,5.0,,,,65.317,,5,,4.0,"LINESTRING (11.3996448 47.2472944, 11.3995258 47.2473272, 11.3992969 47.2473452, 11.3991803 47.2473277, 11.3990724 47.2472969, 11.3989667 47.2472485, 11.3989092 47.24716)"
5247,5.0,,,,52.205,,5,,4.0,"LINESTRING (11.3994848 47.2477233, 11.3992106 47.2477408, 11.3990228 47.2477012, 11.3988279 47.2476326)"
5248,6.0,,,,9.345,,5,,4.0,"LINESTRING (11.3757941 47.2594544, 11.3758271 47.2593734)"
5249,5.0,,10.0,7.0,224.09000000000003,5.0,5,,4.0,"LINESTRING (11.4309325 47.2750445, 11.4306785 47.2748503, 11.4295627 47.2739818, 11.4290428 47.2735923, 11.4289693 47.2735323)"
5250,7.0,,,,175.02300000000002,,5,,4.0,"LINESTRING (11.4027687 47.2547183, 11.4029315 47.2545744, 11.4029976 47.2544443, 11.4030102 47.2543408, 11.4030214 47.2542486, 11.4029912 47.2539552, 11.4026432 47.253779, 11.4025143 47.2536662, 11.4023952 47.2533493)"
5251,8.0,,,,36.208,,5,,6.000000000000001,"LINESTRING (11.4023952 47.2533493, 11.402338 47.253026)"
5252,7.0,,,,175.02300000000002,,5,,4.0,"LINESTRING (11.4023952 47.2533493, 11.4025143 47.2536662, 11.4026432 47.253779, 11.4029912 47.2539552, 11.4030214 47.2542486, 11.4030102 47.2543408, 11.4029976 47.2544443, 11.4029315 47.2545744, 11.4027687 47.2547183)"
5253,6.0,,,,53.205000000000005,,5,,4.0,"LINESTRING (11.4023952 47.2533493, 11.4023713 47.2534701, 11.402374 47.2535056, 11.4023916 47.2537357, 11.4024136 47.2538251)"
5254,6.0,,,,8.99,,5,,6.000000000000001,"LINESTRING (11.4294954 47.2631046, 11.4295065 47.2630241)"
5255,6.0,,,,38.45,,5,,6.000000000000001,"LINESTRING (11.4294954 47.2631046, 11.4294755 47.2632509, 11.4293608 47.2634339)"
5256,6.0,,,,54.015,,5,,7.000000000000001,"LINESTRING (11.4294954 47.2631046, 11.4299268 47.2631537, 11.4300762 47.2631204, 11.4301846 47.2630837)"
5257,6.0,,,,10.492,,5,,4.0,"LINESTRING (11.4154001 47.2658252, 11.4154125 47.2657804, 11.4154294 47.265733)"
5258,8.0,10.0,10.0,,6.222,,5,,5.0,"LINESTRING (11.4154294 47.265733, 11.4155088 47.2657481)"
5259,8.0,10.0,10.0,,144.208,,5,,7.000000000000001,"LINESTRING (11.4154294 47.265733, 11.4147338 47.2655799, 11.4141594 47.2653805, 11.4138358 47.2652682, 11.4136855 47.2652126)"
5260,6.0,,,,10.492,,5,,4.0,"LINESTRING (11.4154294 47.265733, 11.4154125 47.2657804, 11.4154001 47.2658252)"
5261,6.0,,,,22.718,,5,,4.0,"LINESTRING (11.3786482 47.2567742, 11.378422 47.256909)"
5262,6.0,,,,40.010999999999996,,5,,4.0,"LINESTRING (11.3786482 47.2567742, 11.3788018 47.2568963, 11.3785967 47.2570389)"
5263,6.0,,,,78.19200000000001,,5,,6.000000000000001,"LINESTRING (11.3786482 47.2567742, 11.3783719 47.2565545, 11.3782223 47.2566387, 11.3779021 47.2568191)"
5264,5.0,,10.0,,26.001,9.0,5,,6.000000000000001,"LINESTRING (11.3779021 47.2568191, 11.3781347 47.2569916)"
5265,5.0,,10.0,,26.573,9.0,5,,6.000000000000001,"LINESTRING (11.3779021 47.2568191, 11.3777755 47.256725, 11.377673 47.2566378)"
5266,6.0,,,,78.19200000000001,,5,,6.000000000000001,"LINESTRING (11.3779021 47.2568191, 11.3782223 47.2566387, 11.3783719 47.2565545, 11.3786482 47.2567742)"
5267,6.0,,,,22.718,,5,,4.0,"LINESTRING (11.378422 47.256909, 11.3786482 47.2567742)"
5268,6.0,,,,40.010999999999996,,5,,4.0,"LINESTRING (11.3785967 47.2570389, 11.3788018 47.2568963, 11.3786482 47.2567742)"
5269,6.0,,,,87.45500000000001,,5,,3.0000000000000004,"LINESTRING (11.3825515 47.2579601, 11.3826722 47.2581981, 11.3827055 47.2582485, 11.3827978 47.2583179, 11.3832367 47.2580723)"
5270,8.0,,10.0,9.0,76.605,10.0,10,,4.0,"LINESTRING (11.3832367 47.2580723, 11.3835878 47.2587187)"
5271,6.0,,,,87.45500000000001,,5,,3.0000000000000004,"LINESTRING (11.3832367 47.2580723, 11.3827978 47.2583179, 11.3827055 47.2582485, 11.3826722 47.2581981, 11.3825515 47.2579601)"
5272,6.0,,,,20.586,,5,,4.0,"LINESTRING (11.3803592 47.258142, 11.3804387 47.2583191)"
5273,6.0,,,,20.586,,5,,4.0,"LINESTRING (11.3804387 47.2583191, 11.3803592 47.258142)"
5274,6.0,,,,31.971,,5,,6.000000000000001,"LINESTRING (11.3804387 47.2583191, 11.3800664 47.2584563)"
5275,6.0,,,,56.761,,5,,6.000000000000001,"LINESTRING (11.3804387 47.2583191, 11.3805465 47.2585069, 11.3807692 47.258428, 11.3808118 47.258427, 11.3809047 47.2585165)"
5276,6.0,,,,31.971,,5,,6.000000000000001,"LINESTRING (11.3800664 47.2584563, 11.3804387 47.2583191)"
5277,5.0,,10.0,,107.47300000000001,5.0,5,,6.000000000000001,"LINESTRING (11.3800664 47.2584563, 11.3797867 47.2582066, 11.379278 47.2577664, 11.379183 47.2576988)"
5278,5.0,,10.0,,42.803,5.0,5,,7.000000000000001,"LINESTRING (11.3800664 47.2584563, 11.3801082 47.2584956, 11.380268 47.258653, 11.3803987 47.2587681)"
5279,2.0,,10.0,7.0,135.231,,5,,5.0,"LINESTRING (11.3809047 47.2585165, 11.3811465 47.2583946, 11.3813188 47.2583078, 11.3814342 47.2582476, 11.3817279 47.2580897, 11.3821144 47.2578991, 11.3823383 47.2577871)"
5280,2.0,,10.0,7.0,47.34,5.0,5,,7.000000000000001,"LINESTRING (11.3809047 47.2585165, 11.380608 47.2586661, 11.3803987 47.2587681)"
5281,6.0,,,,56.761,,5,,6.000000000000001,"LINESTRING (11.3809047 47.2585165, 11.3808118 47.258427, 11.3807692 47.258428, 11.3805465 47.2585069, 11.3804387 47.2583191)"
5282,5.0,,,,17.692999999999998,,5,1.0,5.0,"LINESTRING (11.3789105 47.2530257, 11.3788289 47.2530522, 11.3787097 47.253107)"
5283,5.0,,,,20.768,,5,,4.0,"LINESTRING (11.3789105 47.2530257, 11.3790583 47.2530326, 11.3791793 47.2530588)"
5284,8.0,,10.0,,36.614,,5,,5.0,"LINESTRING (11.3791793 47.2530588, 11.379054 47.2531013, 11.3788538 47.2531117, 11.3787097 47.253107)"
5285,5.0,,,,20.768,,5,,4.0,"LINESTRING (11.3791793 47.2530588, 11.3790583 47.2530326, 11.3789105 47.2530257)"
5286,7.0,,10.0,,16.157,,5,,6.000000000000001,"LINESTRING (11.3961298 47.2633607, 11.396061 47.2634983)"
5287,7.0,,10.0,,68.263,,5,,7.000000000000001,"LINESTRING (11.3961298 47.2633607, 11.3960074 47.263299, 11.3958829 47.2630727, 11.3959255 47.2629006, 11.3959271 47.262894, 11.3959481 47.2628075)"
5288,7.0,,10.0,,39.269,,5,,6.000000000000001,"LINESTRING (11.3961298 47.2633607, 11.3962263 47.263074, 11.3962456 47.2630164)"
5289,6.0,,,,37.233,,5,,6.000000000000001,"LINESTRING (11.3826823 47.2617635, 11.3829781 47.2620315)"
5290,6.0,,,,62.124,,5,,6.000000000000001,"LINESTRING (11.3826823 47.2617635, 11.3826859 47.261712, 11.3826837 47.2616793, 11.3826782 47.261652, 11.3826637 47.2616247, 11.3826391 47.2615993, 11.3826058 47.2615846, 11.3825526 47.2615808, 11.3825078 47.2615887, 11.382474 47.2616128, 11.3824555 47.2616448, 11.382456 47.2616746, 11.3824706 47.2617029, 11.3824949 47.2617264, 11.3825458 47.2617509, 11.3825959 47.2617614, 11.3826823 47.2617635)"
5291,6.0,,,,62.123999999999995,,5,,6.000000000000001,"LINESTRING (11.3826823 47.2617635, 11.3825959 47.2617614, 11.3825458 47.2617509, 11.3824949 47.2617264, 11.3824706 47.2617029, 11.382456 47.2616746, 11.3824555 47.2616448, 11.382474 47.2616128, 11.3825078 47.2615887, 11.3825526 47.2615808, 11.3826058 47.2615846, 11.3826391 47.2615993, 11.3826637 47.2616247, 11.3826782 47.261652, 11.3826837 47.2616793, 11.3826859 47.261712, 11.3826823 47.2617635)"
5292,8.0,,10.0,7.0,44.291,,5,,6.000000000000001,"LINESTRING (11.3829781 47.2620315, 11.3824957 47.2622584)"
5293,8.0,,10.0,7.0,74.053,,5,,6.000000000000001,"LINESTRING (11.3829781 47.2620315, 11.3837839 47.2616514)"
5294,6.0,,,,37.233,,5,,6.000000000000001,"LINESTRING (11.3829781 47.2620315, 11.3826823 47.2617635)"
5295,6.0,,10.0,7.0,48.791,,5,,6.000000000000001,"LINESTRING (11.399603 47.2610329, 11.3994451 47.2614584)"
5296,6.0,,,,22.357,,5,,4.0,"LINESTRING (11.399603 47.2610329, 11.3997376 47.2610551, 11.3997742 47.2610686, 11.399804 47.2610852, 11.3998231 47.261109, 11.3998355 47.2611331)"
5297,6.0,,10.0,7.0,81.77799999999999,,5,,6.000000000000001,"LINESTRING (11.399603 47.2610329, 11.3996351 47.260918, 11.3997209 47.2606193, 11.3997611 47.2604681, 11.3997822 47.2603082)"
5298,6.0,,,,22.7,,5,,3.0000000000000004,"LINESTRING (11.401578 47.2687231, 11.4014959 47.2685267)"
5299,8.0,9.0,10.0,,178.90400000000002,,10,,4.0,"LINESTRING (11.401578 47.2687231, 11.4011768 47.2688343, 11.4006663 47.2690058, 11.4000932 47.2691103, 11.3995344 47.2691297, 11.3994906 47.2691432, 11.3994284 47.2691682, 11.399341 47.2691929)"
5300,8.0,,10.0,,13.459,,5,,7.000000000000001,"LINESTRING (11.3998761 47.2703251, 11.3998653 47.2702785, 11.3998555 47.2702418, 11.399846 47.2702058)"
5301,8.0,,10.0,,174.671,,5,,6.000000000000001,"LINESTRING (11.3998761 47.2703251, 11.3998848 47.270363, 11.4000139 47.2709663, 11.4001967 47.2718808)"
5302,6.0,,,,164.85399999999998,,5,,4.0,"LINESTRING (11.3998761 47.2703251, 11.3986964 47.2704772, 11.3988187 47.2711398)"
5303,8.0,9.0,10.0,,7.422,9.0,10,,4.0,"LINESTRING (11.3954739 47.2708618, 11.3954853 47.2709281)"
5304,6.0,,,,164.85399999999998,,5,,4.0,"LINESTRING (11.3988187 47.2711398, 11.3986964 47.2704772, 11.3998761 47.2703251)"
5305,6.0,,,,10.425,,5,,4.0,"LINESTRING (11.3960962 47.2569156, 11.3959588 47.2569059)"
5306,8.0,,10.0,,61.147999999999996,,5,,7.000000000000001,"LINESTRING (11.3960962 47.2569156, 11.3962149 47.2564331, 11.3962314 47.2563734)"
5307,8.0,,10.0,,40.009,,5,,6.000000000000001,"LINESTRING (11.3960962 47.2569156, 11.3960664 47.2570365, 11.3959977 47.2572691)"
5308,8.0,,10.0,,33.321,,5,,6.000000000000001,"LINESTRING (11.3989871 47.2660028, 11.3989032 47.2657086)"
5309,8.0,,10.0,,85.687,,5,,7.000000000000001,"LINESTRING (11.3989871 47.2660028, 11.3991164 47.2664548, 11.3991768 47.2666661, 11.3992063 47.2667589)"
5310,6.0,,10.0,7.0,60.971,9.0,10,,5.0,"LINESTRING (11.4000143 47.2641402, 11.4001215 47.2642491, 11.4001668 47.2643287, 11.4001905 47.2643827, 11.4002486 47.2645751, 11.4002598 47.264615, 11.4002704 47.264653)"
5311,6.0,,10.0,7.0,55.247,5.0,5,,6.000000000000001,"LINESTRING (11.4000143 47.2641402, 11.3999132 47.2637818, 11.3998745 47.2636525)"
5312,6.0,,,,38.952,,10,,1.0,"LINESTRING (11.4001761 47.2646012, 11.4001174 47.2644253, 11.4000934 47.2643493, 11.4000123 47.2642753)"
5313,8.0,,10.0,,7.885,,10,,3.0000000000000004,"LINESTRING (11.4002704 47.264653, 11.4002473 47.2646741, 11.4002379 47.2646978, 11.4002242 47.2647156)"
5314,6.0,,10.0,,10.23,,10,,4.0,"LINESTRING (11.4002704 47.264653, 11.4003189 47.2646737, 11.400387 47.2646999)"
5315,8.0,,10.0,,10.125,,5,,7.000000000000001,"LINESTRING (11.399811 47.2701179, 11.399846 47.2702058)"
5316,8.0,,10.0,,41.96,,5,,6.000000000000001,"LINESTRING (11.399811 47.2701179, 11.3997563 47.2699879, 11.3996986 47.2698571, 11.399654 47.2697559)"
5317,5.0,,9.0,,195.04399999999998,,5,,4.0,"LINESTRING (11.399811 47.2701179, 11.3996473 47.2701611, 11.3984174 47.2701757, 11.3983955 47.2701585, 11.3972497 47.2701529)"
5318,6.0,,,,8.385,,5,,4.0,"LINESTRING (11.3975814 47.2754105, 11.3976362 47.2754761)"
5319,2.0,,10.0,7.0,7.952,5.0,5,,7.000000000000001,"LINESTRING (11.3978774 47.275417, 11.3978126 47.2753606)"
5320,2.0,,10.0,7.0,18.755,5.0,5,,5.0,"LINESTRING (11.3978774 47.275417, 11.3980329 47.2755486)"
5321,6.0,,,,19.347,,5,,6.000000000000001,"LINESTRING (11.3978774 47.275417, 11.3977675 47.2754439, 11.3976362 47.2754761)"
5322,6.0,,,,8.385,,5,,4.0,"LINESTRING (11.3976362 47.2754761, 11.3975814 47.2754105)"
5323,6.0,,,,12.636,,5,,4.0,"LINESTRING (11.3976362 47.2754761, 11.3977187 47.275575)"
5324,6.0,,,,19.347,,5,,6.000000000000001,"LINESTRING (11.3976362 47.2754761, 11.3977675 47.2754439, 11.3978774 47.275417)"
5325,6.0,,,,12.636,,5,,4.0,"LINESTRING (11.3977187 47.275575, 11.3976362 47.2754761)"
5326,5.0,,,,63.562,,5,,2.0,"LINESTRING (11.3977847 47.276011, 11.3979286 47.276294, 11.3979885 47.2764098, 11.3981494 47.276512)"
5327,5.0,,,,63.562,,5,,2.0,"LINESTRING (11.3981494 47.276512, 11.3979885 47.2764098, 11.3979286 47.276294, 11.3977847 47.276011)"
5328,6.0,,,10.0,27.604999999999997,,10,,4.0,"LINESTRING (11.3975979 47.2534351, 11.3975985 47.2534641, 11.3975884 47.2536042, 11.3976093 47.2536819)"
5329,6.0,,10.0,7.0,10.363,,5,,6.000000000000001,"LINESTRING (11.3975465 47.253734, 11.3974092 47.253734)"
5330,6.0,,10.0,7.0,13.474,,5,,5.0,"LINESTRING (11.3975465 47.253734, 11.397725 47.253732)"
5331,6.0,,,,14.929,,10,,4.0,"LINESTRING (11.3975465 47.253734, 11.3975303 47.2537122, 11.3975073 47.2536798, 11.3974896 47.2536365, 11.3974822 47.253608)"
5332,7.0,,,,49.354,,5,,4.0,"LINESTRING (11.3927962 47.2649999, 11.3926358 47.2654302)"
5333,7.0,,4.0,,52.49,,5,,6.000000000000001,"LINESTRING (11.3926358 47.2654302, 11.3933095 47.2655478)"
5334,7.0,,,,49.354,,5,,4.0,"LINESTRING (11.3926358 47.2654302, 11.3927962 47.2649999)"
5335,7.0,,,,58.382999999999996,,5,,6.000000000000001,"LINESTRING (11.3926358 47.2654302, 11.3925597 47.2656288, 11.3924478 47.2659395)"
5336,7.0,,7.0,,54.411,,5,,6.000000000000001,"LINESTRING (11.3940546 47.2657092, 11.3942727 47.2653243, 11.3942416 47.2652503)"
5337,7.0,,7.0,,59.649,,5,,6.000000000000001,"LINESTRING (11.3940546 47.2657092, 11.394105 47.2658215, 11.3939927 47.2660334, 11.3939254 47.2662218)"
5338,7.0,,4.0,,59.17400000000001,,5,,6.000000000000001,"LINESTRING (11.3940546 47.2657092, 11.3939894 47.2656946, 11.393755 47.2656255, 11.3933095 47.2655478)"
5339,6.0,,,,27.677,,5,,4.0,"LINESTRING (11.3733293 47.2642862, 11.3733302 47.2645351)"
5340,6.0,,,,7.695,,5,,7.000000000000001,"LINESTRING (11.3733314 47.2648276, 11.3733326 47.2648968)"
5341,6.0,,,,32.525,,5,,7.000000000000001,"LINESTRING (11.3733314 47.2648276, 11.3733313 47.2648032, 11.3733311 47.2647497, 11.3733302 47.2645351)"
5342,10.0,,10.0,,120.904,,5,,7.000000000000001,"LINESTRING (11.3733314 47.2648276, 11.3732089 47.2648289, 11.3730699 47.2648267, 11.3721035 47.2648049, 11.371993 47.2648035, 11.3718817 47.2648013, 11.3717323 47.2647827)"
5343,10.0,,10.0,,119.106,,5,,7.000000000000001,"LINESTRING (11.3733314 47.2648276, 11.3746622 47.264821, 11.3749098 47.2648203)"
5344,6.0,,,,5.801,,5,,7.000000000000001,"LINESTRING (11.3768347 47.2648444, 11.3768634 47.2648928)"
5345,10.0,,10.0,,4.412,,5,,7.000000000000001,"LINESTRING (11.3768347 47.2648444, 11.3768912 47.2648342)"
5346,6.0,,,,162.749,,5,,7.000000000000001,"LINESTRING (11.3768347 47.2648444, 11.376782 47.2647955, 11.3757023 47.2647847, 11.3755632 47.2647488, 11.375469 47.2646847, 11.3754402 47.2646011, 11.3754356 47.264561, 11.3754524 47.2642085)"
5347,10.0,,10.0,,107.576,,5,,7.000000000000001,"LINESTRING (11.3768347 47.2648444, 11.3759106 47.2648489, 11.3756982 47.2648422, 11.3756316 47.2648349, 11.3755096 47.2648033, 11.3754318 47.2648351)"
5348,6.0,,,,6.694,,5,,6.000000000000001,"LINESTRING (11.3751107 47.2649229, 11.3750236 47.2649115)"
5349,6.0,,,,12.475,,5,,7.000000000000001,"LINESTRING (11.3751107 47.2649229, 11.375275 47.2649354)"
5350,2.0,,10.0,,9.349,9.0,10,,6.000000000000001,"LINESTRING (11.3751107 47.2649229, 11.375106 47.2648891, 11.375099 47.2648392)"
5351,2.0,,10.0,,100.276,,10,,4.0,"LINESTRING (11.3734328 47.2649882, 11.3736558 47.2649905, 11.3746949 47.2649821, 11.3747616 47.2649816)"
5352,2.0,,10.0,,34.946,3.0,5,,6.000000000000001,"LINESTRING (11.3853982 47.2647545, 11.3850902 47.2649892)"
5353,2.0,9.0,10.0,,101.05,3.0,5,,5.0,"LINESTRING (11.3853982 47.2647545, 11.3862732 47.2641487, 11.3863403 47.2641089)"
5354,2.0,,10.0,,34.711,,5,,6.000000000000001,"LINESTRING (11.3796028 47.2655013, 11.3800448 47.2655878)"
5355,8.0,,10.0,,37.537,,5,,6.000000000000001,"LINESTRING (11.3796028 47.2655013, 11.3796706 47.26538, 11.379759 47.265181)"
5356,2.0,,10.0,,35.977999999999994,5.0,5,,6.000000000000001,"LINESTRING (11.3796028 47.2655013, 11.3794953 47.2654667, 11.3794031 47.265437, 11.3791736 47.2653604)"
5357,2.0,,10.0,,31.874,10.0,10,,3.0000000000000004,"LINESTRING (11.3839636 47.2656866, 11.3842994 47.2655127)"
5358,10.0,,,,30.776,,10,,3.0000000000000004,"LINESTRING (11.3839636 47.2656866, 11.3840713 47.2655754, 11.3842277 47.2654785)"
5359,5.0,,10.0,,26.001,9.0,5,,6.000000000000001,"LINESTRING (11.3781347 47.2569916, 11.3779021 47.2568191)"
5360,5.0,,10.0,,40.412,,5,,6.000000000000001,"LINESTRING (11.3781347 47.2569916, 11.3782229 47.2570577, 11.3782844 47.2570998, 11.3785075 47.2572524)"
5361,6.0,,,,65.955,,5,,6.000000000000001,"LINESTRING (11.3781347 47.2569916, 11.3780128 47.2571118, 11.3782372 47.2573145, 11.3785075 47.2572524)"
5362,6.0,,,,65.955,,5,,6.000000000000001,"LINESTRING (11.3785075 47.2572524, 11.3782372 47.2573145, 11.3780128 47.2571118, 11.3781347 47.2569916)"
5363,5.0,,10.0,,40.412,,5,,6.000000000000001,"LINESTRING (11.3785075 47.2572524, 11.3782844 47.2570998, 11.3782229 47.2570577, 11.3781347 47.2569916)"
5364,5.0,,10.0,,71.179,5.0,5,,6.000000000000001,"LINESTRING (11.3785075 47.2572524, 11.3788383 47.2574624, 11.3790793 47.257622, 11.379183 47.2576988)"
5365,6.0,,,,299.366,,5,,4.0,"LINESTRING (11.3923407 47.2630268, 11.3929642 47.2630882, 11.3937104 47.2632082, 11.3937515 47.2632659, 11.3936809 47.2636004, 11.3936911 47.2636501, 11.3937254 47.2636911, 11.3937869 47.2637152, 11.3942143 47.2637755, 11.3943276 47.2637825, 11.3943211 47.2629592)"
5366,8.0,,10.0,,62.821,,5,,6.000000000000001,"LINESTRING (11.3923407 47.2630268, 11.3924647 47.2625379, 11.3924817 47.26247)"
5367,8.0,,10.0,,65.182,,5,,6.000000000000001,"LINESTRING (11.3923407 47.2630268, 11.3923089 47.2631523, 11.392176 47.2636022)"
5368,10.0,,,,3.324,,5,,6.000000000000001,"LINESTRING (11.4150992 47.2785085, 11.4150692 47.2784866)"
5369,10.0,,,,113.555,,5,,7.000000000000001,"LINESTRING (11.4150992 47.2785085, 11.4150108 47.2785323, 11.4140938 47.2778985, 11.414108 47.2778306)"
5370,10.0,,,,144.78300000000002,,5,,6.000000000000001,"LINESTRING (11.4150992 47.2785085, 11.4153716 47.2784377, 11.4165332 47.2781778, 11.4166256 47.2781558, 11.4167174 47.2780986, 11.4168337 47.2780038)"
5371,,,,,22.81,,5,,2.0,"LINESTRING (11.4116933 47.2552614, 11.411989 47.2553038)"
5372,,,,,22.81,,5,,2.0,"LINESTRING (11.411989 47.2553038, 11.4116933 47.2552614)"
5373,6.0,,,,28.693,,5,,4.0,"LINESTRING (11.4048701 47.2599105, 11.4049042 47.2601675)"
5374,6.0,,,,8.225,,5,,4.0,"LINESTRING (11.4050124 47.2601586, 11.4049042 47.2601675)"
5375,6.0,,,,28.693,,5,,4.0,"LINESTRING (11.4049042 47.2601675, 11.4048701 47.2599105)"
5376,6.0,,,,8.225,,5,,4.0,"LINESTRING (11.4049042 47.2601675, 11.4050124 47.2601586)"
5377,6.0,,,,32.523,,5,,6.000000000000001,"LINESTRING (11.4049042 47.2601675, 11.4048533 47.2601717, 11.4046723 47.2601857, 11.4044761 47.2602012)"
5378,8.0,,10.0,,49.13,,5,,6.000000000000001,"LINESTRING (11.4044761 47.2602012, 11.4045267 47.2606417)"
5379,8.0,,10.0,,52.394,,5,,6.000000000000001,"LINESTRING (11.4044761 47.2602012, 11.4043882 47.2597338)"
5380,6.0,,,,32.523,,5,,6.000000000000001,"LINESTRING (11.4044761 47.2602012, 11.4046723 47.2601857, 11.4048533 47.2601717, 11.4049042 47.2601675)"
5381,5.0,,6.0,,30.885,,5,,4.0,"LINESTRING (11.4257816 47.2556151, 11.4254705 47.255586, 11.4254088 47.2555368)"
5382,5.0,,6.0,,30.885,,5,,4.0,"LINESTRING (11.4254088 47.2555368, 11.4254705 47.255586, 11.4257816 47.2556151)"
5383,5.0,,6.0,,66.465,,5,,6.000000000000001,"LINESTRING (11.4254088 47.2555368, 11.425449 47.2555022, 11.4262459 47.2553839)"
5384,5.0,,7.0,,415.899,,5,,6.000000000000001,"LINESTRING (11.4254088 47.2555368, 11.4252627 47.2554712, 11.4250642 47.2554406, 11.4249724 47.2554426, 11.4248442 47.2554498, 11.4248011 47.2554605, 11.4247614 47.2554717, 11.424725 47.2554872, 11.424697 47.2555024, 11.4246564 47.2555331, 11.4246248 47.2555722, 11.4246129 47.2556008, 11.4246087 47.2556269, 11.4246169 47.255653, 11.4246361 47.2556799, 11.4246595 47.2556975, 11.4246862 47.2557144, 11.4247271 47.2557313, 11.4247666 47.2557429, 11.4248074 47.2557522, 11.4248498 47.2557554, 11.4248973 47.2557551, 11.4249549 47.2557478, 11.425012 47.2557393, 11.425067 47.2557304, 11.4251117 47.2557242, 11.4251521 47.2557218, 11.4251947 47.2557239, 11.4252345 47.2557285, 11.4252802 47.2557364, 11.4253203 47.2557452, 11.4253747 47.2557602, 11.4254252 47.2557767, 11.4254666 47.2557932, 11.4255071 47.2558102, 11.4255582 47.255834, 11.4256553 47.255888, 11.4257043 47.2559206, 11.4257464 47.2559444, 11.425788 47.2559658, 11.4258415 47.2559876, 11.4259022 47.2560116, 11.4259647 47.2560339, 11.4263698 47.2561704, 11.4264237 47.2561893, 11.4264873 47.2562139, 11.4265375 47.2562373, 11.42657 47.2562543, 11.4266549 47.2563016, 11.426748 47.2563547, 11.4267734 47.2563681, 11.4268154 47.2563901, 11.4269348 47.2564448, 11.4269992 47.2564741, 11.4272545 47.2565734, 11.4273354 47.2566001, 11.4274228 47.2566246, 11.4275282 47.2566476, 11.4278347 47.2567133, 11.4278928 47.2567277, 11.4279494 47.2567446, 11.4281446 47.2568088, 11.4282136 47.2568317, 11.4282637 47.2568467, 11.4283266 47.2568616, 11.4285884 47.256909)"
5385,5.0,,,2.0,140.417,,5,,7.000000000000001,"LINESTRING (11.4262459 47.2553839, 11.4269346 47.2554822, 11.4278427 47.2556155, 11.4280673 47.2556408)"
5386,5.0,,,2.0,969.982,,5,,5.0,"LINESTRING (11.4262459 47.2553839, 11.4254595 47.2552626, 11.4246704 47.2551426, 11.4233496 47.2549355, 11.4226128 47.2548178, 11.4220698 47.254716, 11.4213699 47.2545512, 11.4210004 47.2544575, 11.4206527 47.25436, 11.4202611 47.2542403, 11.4198749 47.2541144, 11.4189515 47.2537945, 11.4187472 47.2537427, 11.4185283 47.2536971, 11.4183261 47.2536686, 11.4181176 47.2536482, 11.417875 47.253643, 11.4176361 47.2536447, 11.4171183 47.2536958, 11.4166038 47.2537593, 11.4163896 47.2537781, 11.4161793 47.2537873, 11.4160168 47.253786, 11.4158544 47.2537786, 11.4156619 47.2537583, 11.4154169 47.2537207, 11.415253 47.2536908, 11.4144098 47.2535076, 11.4142925 47.2534899, 11.4141758 47.2534786, 11.4140374 47.2534843, 11.4139085 47.253507)"
5387,5.0,,6.0,,66.465,,5,,6.000000000000001,"LINESTRING (11.4262459 47.2553839, 11.425449 47.2555022, 11.4254088 47.2555368)"
5388,8.0,,10.0,,58.257999999999996,,5,,3.0000000000000004,"LINESTRING (11.4327617 47.2555899, 11.4330973 47.2556591, 11.4334855 47.25577)"
5389,8.0,,10.0,,215.462,,5,,5.0,"LINESTRING (11.4327617 47.2555899, 11.4323817 47.2555197, 11.4322856 47.2555103, 11.4321895 47.2555117, 11.432022 47.2555352, 11.4313391 47.2556901, 11.4306382 47.255708, 11.430244 47.2556789, 11.4299829 47.2556124)"
5390,5.0,,7.0,,14.176000000000002,,5,,4.0,"LINESTRING (11.4321438 47.2584166, 11.43218 47.2583729, 11.4322521 47.258313)"
5391,5.0,,,,171.01800000000003,,5,,3.0000000000000004,"LINESTRING (11.4152442 47.2533558, 11.4152183 47.2534011, 11.4147339 47.2533477, 11.4145132 47.2533797, 11.4141189 47.253356, 11.4138829 47.2533013, 11.4137729 47.2532403, 11.4136378 47.2532112, 11.4135088 47.2532103, 11.4133612 47.2532252, 11.4132071 47.2532543, 11.4130983 47.2532681)"
5392,5.0,,10.0,,20.72,,10,,3.0000000000000004,"LINESTRING (11.4130983 47.2532681, 11.4132384 47.2532955, 11.4133645 47.2533131)"
5393,5.0,,,,171.018,,5,,3.0000000000000004,"LINESTRING (11.4130983 47.2532681, 11.4132071 47.2532543, 11.4133612 47.2532252, 11.4135088 47.2532103, 11.4136378 47.2532112, 11.4137729 47.2532403, 11.4138829 47.2533013, 11.4141189 47.253356, 11.4145132 47.2533797, 11.4147339 47.2533477, 11.4152183 47.2534011, 11.4152442 47.2533558)"
5394,6.0,,,,11.284,,5,,4.0,"LINESTRING (11.4226943 47.2624041, 11.4226338 47.2624969)"
5395,6.0,,,,62.692,,5,,6.000000000000001,"LINESTRING (11.3738531 47.2629257, 11.3746219 47.2631394)"
5396,6.0,,,,97.869,,5,,4.0,"LINESTRING (11.3738531 47.2629257, 11.3734602 47.2637645)"
5397,6.0,,,,58.473,,5,,6.000000000000001,"LINESTRING (11.3738531 47.2629257, 11.3733989 47.2627995, 11.3733036 47.262773, 11.3731364 47.2627258)"
5398,6.0,,,,62.692,,5,,6.000000000000001,"LINESTRING (11.3746219 47.2631394, 11.3738531 47.2629257)"
5399,6.0,,,,37.555,,5,,6.000000000000001,"LINESTRING (11.3746219 47.2631394, 11.3747398 47.2631722, 11.3749336 47.2632262, 11.3750851 47.2632627)"
5400,6.0,,,,113.525,,5,,5.0,"LINESTRING (11.3746219 47.2631394, 11.37444 47.2634759, 11.3747099 47.2635454, 11.3746534 47.2638387, 11.3748999 47.2638733)"
5401,6.0,,,,97.869,,5,,4.0,"LINESTRING (11.3734602 47.2637645, 11.3738531 47.2629257)"
5402,10.0,,,,49.163000000000004,,5,,5.0,"LINESTRING (11.3770818 47.2637956, 11.376972 47.2639999, 11.3769412 47.2640893, 11.3769687 47.2641204, 11.3770624 47.2641931)"
5403,6.0,,10.0,,80.283,,10,,4.0,"LINESTRING (11.3770818 47.2637956, 11.3774167 47.2638869, 11.3780693 47.2640643)"
5404,6.0,,,,97.426,,5,,4.0,"LINESTRING (11.3732696 47.2638313, 11.3732135 47.263982, 11.3730301 47.2644749, 11.3733302 47.2645351)"
5405,2.0,,10.0,,69.791,5.0,10,,5.0,"LINESTRING (11.3748999 47.2638733, 11.3748987 47.2638168, 11.374915 47.2636617, 11.3749586 47.2635378, 11.3750072 47.2634205, 11.3750851 47.2632627)"
5406,6.0,,,,113.52499999999998,,5,,5.0,"LINESTRING (11.3748999 47.2638733, 11.3746534 47.2638387, 11.3747099 47.2635454, 11.37444 47.2634759, 11.3746219 47.2631394)"
5407,8.0,,,9.0,56.338,,5,,4.0,"LINESTRING (11.3942061 47.2527027, 11.3940574 47.2522062)"
5408,8.0,,,9.0,34.984,,5,,6.000000000000001,"LINESTRING (11.3942061 47.2527027, 11.3942985 47.253011)"
5409,8.0,,,,126.03899999999999,,5,,4.0,"LINESTRING (11.3942061 47.2527027, 11.3938507 47.252743, 11.3929476 47.2528454, 11.392559 47.2528895)"
5410,8.0,,,,126.03899999999999,,5,,4.0,"LINESTRING (11.392559 47.2528895, 11.3929476 47.2528454, 11.3938507 47.252743, 11.3942061 47.2527027)"
5411,7.0,,,,25.835,,5,,4.0,"LINESTRING (11.395605 47.2638347, 11.395941 47.2638793)"
5412,5.0,,7.0,,15.374,,5,,4.0,"LINESTRING (11.4285884 47.256909, 11.428562 47.2570461)"
5413,5.0,,7.0,,13.842,,5,,6.000000000000001,"LINESTRING (11.4285884 47.256909, 11.4286677 47.2569129, 11.4287099 47.2569139, 11.4287389 47.2569118, 11.4287681 47.2569021)"
5414,5.0,,7.0,,415.899,,5,,6.000000000000001,"LINESTRING (11.4285884 47.256909, 11.4283266 47.2568616, 11.4282637 47.2568467, 11.4282136 47.2568317, 11.4281446 47.2568088, 11.4279494 47.2567446, 11.4278928 47.2567277, 11.4278347 47.2567133, 11.4275282 47.2566476, 11.4274228 47.2566246, 11.4273354 47.2566001, 11.4272545 47.2565734, 11.4269992 47.2564741, 11.4269348 47.2564448, 11.4268154 47.2563901, 11.4267734 47.2563681, 11.426748 47.2563547, 11.4266549 47.2563016, 11.42657 47.2562543, 11.4265375 47.2562373, 11.4264873 47.2562139, 11.4264237 47.2561893, 11.4263698 47.2561704, 11.4259647 47.2560339, 11.4259022 47.2560116, 11.4258415 47.2559876, 11.425788 47.2559658, 11.4257464 47.2559444, 11.4257043 47.2559206, 11.4256553 47.255888, 11.4255582 47.255834, 11.4255071 47.2558102, 11.4254666 47.2557932, 11.4254252 47.2557767, 11.4253747 47.2557602, 11.4253203 47.2557452, 11.4252802 47.2557364, 11.4252345 47.2557285, 11.4251947 47.2557239, 11.4251521 47.2557218, 11.4251117 47.2557242, 11.425067 47.2557304, 11.425012 47.2557393, 11.4249549 47.2557478, 11.4248973 47.2557551, 11.4248498 47.2557554, 11.4248074 47.2557522, 11.4247666 47.2557429, 11.4247271 47.2557313, 11.4246862 47.2557144, 11.4246595 47.2556975, 11.4246361 47.2556799, 11.4246169 47.255653, 11.4246087 47.2556269, 11.4246129 47.2556008, 11.4246248 47.2555722, 11.4246564 47.2555331, 11.424697 47.2555024, 11.424725 47.2554872, 11.4247614 47.2554717, 11.4248011 47.2554605, 11.4248442 47.2554498, 11.4249724 47.2554426, 11.4250642 47.2554406, 11.4252627 47.2554712, 11.4254088 47.2555368)"
5415,5.0,,7.0,,35.064,,5,,7.000000000000001,"LINESTRING (11.4287681 47.2569021, 11.4289313 47.2567346, 11.429055 47.2566567)"
5416,5.0,,7.0,,318.19500000000016,,5,,6.000000000000001,"LINESTRING (11.4287681 47.2569021, 11.4287768 47.2569172, 11.428794 47.2569352, 11.4288611 47.2569882, 11.4289444 47.257045, 11.4290313 47.2570981, 11.4291141 47.2571464, 11.4291981 47.2571893, 11.4292916 47.257234, 11.4295234 47.2573343, 11.4296119 47.2573743, 11.4296816 47.2574048, 11.4297521 47.2574323, 11.4298291 47.2574585, 11.4298982 47.2574815, 11.4299598 47.2574997, 11.4300307 47.2575224, 11.4301039 47.257544, 11.43016 47.2575582, 11.4302177 47.2575708, 11.4302475 47.2575763, 11.4302735 47.2575796, 11.4302982 47.2575804, 11.4303312 47.2575808, 11.4303864 47.2575766, 11.4304218 47.2575719, 11.4304605 47.2575639, 11.4305311 47.2575487, 11.4305558 47.2575455, 11.4305967 47.2575447, 11.4306347 47.2575474, 11.4306806 47.2575535, 11.4307336 47.2575693, 11.4309313 47.2576434, 11.4309727 47.2576641, 11.4310098 47.2576848, 11.4310661 47.2577326, 11.4311199 47.2577797, 11.4311782 47.2578399, 11.4312146 47.2578665, 11.431296 47.2579038, 11.4315757 47.2580102, 11.4316284 47.258033, 11.4316788 47.2580649, 11.4317215 47.2580976, 11.4317643 47.2581371, 11.4317971 47.2581612, 11.4318568 47.2581959, 11.4319843 47.2582436, 11.4320453 47.2582636, 11.4321133 47.2582826, 11.4321558 47.2582932, 11.4321948 47.258301, 11.4322249 47.2583077, 11.4322521 47.258313)"
5417,5.0,,7.0,,13.842,,5,,6.000000000000001,"LINESTRING (11.4287681 47.2569021, 11.4287389 47.2569118, 11.4287099 47.2569139, 11.4286677 47.2569129, 11.4285884 47.256909)"
5418,5.0,,7.0,,15.374,,5,,4.0,"LINESTRING (11.428562 47.2570461, 11.4285884 47.256909)"
5419,5.0,,7.0,,14.176000000000002,,5,,4.0,"LINESTRING (11.4322521 47.258313, 11.43218 47.2583729, 11.4321438 47.2584166)"
5420,5.0,,7.0,,46.937,,5,,6.000000000000001,"LINESTRING (11.4322521 47.258313, 11.4323425 47.2582527, 11.4323891 47.2582199, 11.4324159 47.2582103, 11.4324435 47.2582088, 11.4324758 47.2582125, 11.4325945 47.2582594, 11.4327625 47.258333)"
5421,5.0,,7.0,,318.19500000000005,,5,,6.000000000000001,"LINESTRING (11.4322521 47.258313, 11.4322249 47.2583077, 11.4321948 47.258301, 11.4321558 47.2582932, 11.4321133 47.2582826, 11.4320453 47.2582636, 11.4319843 47.2582436, 11.4318568 47.2581959, 11.4317971 47.2581612, 11.4317643 47.2581371, 11.4317215 47.2580976, 11.4316788 47.2580649, 11.4316284 47.258033, 11.4315757 47.2580102, 11.431296 47.2579038, 11.4312146 47.2578665, 11.4311782 47.2578399, 11.4311199 47.2577797, 11.4310661 47.2577326, 11.4310098 47.2576848, 11.4309727 47.2576641, 11.4309313 47.2576434, 11.4307336 47.2575693, 11.4306806 47.2575535, 11.4306347 47.2575474, 11.4305967 47.2575447, 11.4305558 47.2575455, 11.4305311 47.2575487, 11.4304605 47.2575639, 11.4304218 47.2575719, 11.4303864 47.2575766, 11.4303312 47.2575808, 11.4302982 47.2575804, 11.4302735 47.2575796, 11.4302475 47.2575763, 11.4302177 47.2575708, 11.43016 47.2575582, 11.4301039 47.257544, 11.4300307 47.2575224, 11.4299598 47.2574997, 11.4298982 47.2574815, 11.4298291 47.2574585, 11.4297521 47.2574323, 11.4296816 47.2574048, 11.4296119 47.2573743, 11.4295234 47.2573343, 11.4292916 47.257234, 11.4291981 47.2571893, 11.4291141 47.2571464, 11.4290313 47.2570981, 11.4289444 47.257045, 11.4288611 47.2569882, 11.428794 47.2569352, 11.4287768 47.2569172, 11.4287681 47.2569021)"
5422,5.0,,7.0,,38.629,,5,,4.0,"LINESTRING (11.4327625 47.258333, 11.4328532 47.25842, 11.4331494 47.2585526)"
5423,5.0,,7.0,,113.356,,5,,4.0,"LINESTRING (11.4327625 47.258333, 11.4331346 47.2584918, 11.4340406 47.2588685)"
5424,5.0,,7.0,,46.937000000000005,,5,,6.000000000000001,"LINESTRING (11.4327625 47.258333, 11.4325945 47.2582594, 11.4324758 47.2582125, 11.4324435 47.2582088, 11.4324159 47.2582103, 11.4323891 47.2582199, 11.4323425 47.2582527, 11.4322521 47.258313)"
5425,5.0,,7.0,,38.629,,5,,4.0,"LINESTRING (11.4331494 47.2585526, 11.4328532 47.25842, 11.4327625 47.258333)"
5426,5.0,,7.0,,113.356,,5,,4.0,"LINESTRING (11.4340406 47.2588685, 11.4331346 47.2584918, 11.4327625 47.258333)"
5427,6.0,,,,59.484,,5,,6.000000000000001,"LINESTRING (11.4054052 47.2847819, 11.4050264 47.2849072, 11.4049785 47.284936, 11.404938 47.2849297, 11.4049335 47.2849796, 11.4048766 47.2849771, 11.4048253 47.2849253, 11.4048065 47.2849022)"
5428,8.0,,,,179.002,,5,,6.000000000000001,"LINESTRING (11.4054052 47.2847819, 11.4057196 47.2846744, 11.4057622 47.2846324, 11.4057597 47.284589, 11.4055126 47.2840538, 11.4050113 47.283455, 11.405022 47.2834289)"
5429,6.0,,10.0,,35.211,,5,,4.0,"LINESTRING (11.4054052 47.2847819, 11.4055049 47.2848307, 11.4058231 47.2849191)"
5430,6.0,,10.0,,35.211,,5,,4.0,"LINESTRING (11.4058231 47.2849191, 11.4055049 47.2848307, 11.4054052 47.2847819)"
5431,6.0,,10.0,,128.054,,10,,5.0,"LINESTRING (11.3843935 47.2636456, 11.3842414 47.2637292, 11.384135 47.2637894, 11.3840106 47.2638598, 11.3839655 47.2638865, 11.3838889 47.2638631, 11.3835773 47.2635994, 11.3833761 47.263282, 11.3834164 47.2632623)"
5432,6.0,,,,28.514,,10,,6.000000000000001,"LINESTRING (11.4067659 47.264191, 11.4065356 47.2643943)"
5433,8.0,,10.0,,22.326999999999998,,5,,8.0,"LINESTRING (11.4067659 47.264191, 11.4068209 47.2642383, 11.4069056 47.2643106, 11.4069498 47.2643483)"
5434,6.0,,10.0,7.0,74.936,5.0,5,,8.0,"LINESTRING (11.4067659 47.264191, 11.4066102 47.2642294, 11.4062333 47.2642661, 11.405819 47.2643037, 11.4057906 47.2643063)"
5435,6.0,,10.0,7.0,14.037,,5,,8.0,"LINESTRING (11.4067659 47.264191, 11.4068237 47.2641733, 11.4069272 47.2641287)"
5436,8.0,,10.0,,22.326999999999998,,5,,8.0,"LINESTRING (11.4069498 47.2643483, 11.4069056 47.2643106, 11.4068209 47.2642383, 11.4067659 47.264191)"
5437,8.0,,10.0,,39.766999999999996,,5,,7.000000000000001,"LINESTRING (11.4069498 47.2643483, 11.4073549 47.2644698, 11.4074318 47.2644929)"
5438,10.0,,,,19.588,,5,,6.000000000000001,"LINESTRING (11.4069498 47.2643483, 11.4069397 47.2644354, 11.4069382 47.2644522, 11.406937 47.2644663, 11.406934 47.2645241)"
5439,10.0,,,,24.848999999999997,,5,,8.0,"LINESTRING (11.4069498 47.2643483, 11.4069491 47.2641553, 11.4069272 47.2641287)"
5440,10.0,,,,7.48,,5,,5.0,"LINESTRING (11.4058146 47.2645874, 11.4058128 47.2645608, 11.4058112 47.264536, 11.4058101 47.2645202)"
5441,10.0,,,,92.167,,10,,4.0,"LINESTRING (11.4058146 47.2645874, 11.4050934 47.2646745, 11.4049246 47.2647095, 11.404724 47.2647708, 11.4046412 47.2647986)"
5442,6.0,,,,6.265,,10,,5.0,"LINESTRING (11.4045311 47.2648393, 11.404499 47.2648024, 11.4044886 47.2647909)"
5443,10.0,,,,179.605,,10,,4.0,"LINESTRING (11.4045311 47.2648393, 11.4042445 47.2649849, 11.403828 47.2652034, 11.4035735 47.2653717, 11.4031766 47.2656342, 11.4030063 47.2658064, 11.4029161 47.2659867)"
5444,10.0,,,,6.288,,5,,5.0,"LINESTRING (11.4046565 47.2648742, 11.4045754 47.2648872)"
5445,10.0,,,,8.485,,5,,5.0,"LINESTRING (11.4046565 47.2648742, 11.4046412 47.2647986)"
5446,10.0,,,,216.943,,5,,6.000000000000001,"LINESTRING (11.4046565 47.2648742, 11.4048895 47.2664688, 11.4049474 47.2665363, 11.4049687 47.2668064)"
5447,6.0,,,,169.31199999999998,,5,,8.0,"LINESTRING (11.4039925 47.2649876, 11.4037739 47.2650828, 11.403456 47.265278, 11.4034271 47.2652957, 11.403367 47.2653308, 11.4032912 47.265375, 11.4030451 47.2655263, 11.4027912 47.2657362, 11.4026319 47.2659134, 11.4025468 47.2660655, 11.4025253 47.266103)"
5448,6.0,,10.0,7.0,142.71800000000002,,10,,6.000000000000001,"LINESTRING (11.4039925 47.2649876, 11.4038333 47.2651293, 11.4034234 47.2653736, 11.4031426 47.2655692, 11.402943 47.2657551, 11.4027707 47.2659555)"
5449,6.0,,,,43.36,,5,,7.000000000000001,"LINESTRING (11.4039925 47.2649876, 11.4041776 47.2649113, 11.4044886 47.2647909)"
5450,6.0,,,,5.744,,10,,3.0000000000000004,"LINESTRING (11.4033612 47.2652662, 11.4033445 47.2652158)"
5451,6.0,,10.0,,36.512,10.0,10,,3.0000000000000004,"LINESTRING (11.4033612 47.2652662, 11.403405 47.2652411, 11.4035285 47.2651716, 11.4037221 47.2650477)"
5452,5.0,,,,25.531,,5,,4.0,"LINESTRING (11.400883 47.2504889, 11.4012005 47.2505681)"
5453,6.0,,,,11.183,9.0,5,,4.0,"LINESTRING (11.4281795 47.262532, 11.4280331 47.2625164)"
5454,6.0,,,,11.183,9.0,5,,4.0,"LINESTRING (11.4280331 47.2625164, 11.4281795 47.262532)"
5455,6.0,,10.0,9.0,35.78,9.0,5,,6.000000000000001,"LINESTRING (11.4280331 47.2625164, 11.4280624 47.2624178, 11.4280724 47.2623705, 11.4280757 47.2623232, 11.428072 47.2622937, 11.4280599 47.2622619, 11.4280401 47.262236, 11.4280112 47.2622077)"
5456,6.0,,10.0,9.0,38.434999999999995,9.0,5,,5.0,"LINESTRING (11.4280331 47.2625164, 11.428009 47.262606, 11.4279575 47.2628047, 11.4279588 47.2628259, 11.427964 47.2628404, 11.4279764 47.2628548)"
5457,6.0,,,,62.744,,5,,4.0,"LINESTRING (11.3940104 47.2641825, 11.3943262 47.2642295, 11.3944265 47.2642252, 11.3945329 47.2642406, 11.3947131 47.2642642, 11.394827 47.2642767)"
5458,8.0,,10.0,,24.208,,5,,6.000000000000001,"LINESTRING (11.394827 47.2642767, 11.3948251 47.264059)"
5459,6.0,,,,62.744,,5,,4.0,"LINESTRING (11.394827 47.2642767, 11.3947131 47.2642642, 11.3945329 47.2642406, 11.3944265 47.2642252, 11.3943262 47.2642295, 11.3940104 47.2641825)"
5460,8.0,,10.0,,57.858999999999995,,5,,6.000000000000001,"LINESTRING (11.394827 47.2642767, 11.394829 47.2643519, 11.3947825 47.2645569, 11.3947261 47.2647246, 11.3947007 47.264788)"
5461,6.0,,,,65.414,,5,,3.0000000000000004,"LINESTRING (11.3892473 47.2648605, 11.3892194 47.2648525, 11.3891911 47.264852, 11.3891674 47.2648645, 11.3890597 47.2650008, 11.3890207 47.2650295, 11.3889356 47.2650323, 11.3888874 47.2650627, 11.388855 47.2650844, 11.3887929 47.2651258, 11.388713 47.265179, 11.3886419 47.2652241)"
5462,6.0,,,,32.657,,5,,4.0,"LINESTRING (11.4015353 47.2625235, 11.4015794 47.262681, 11.4015902 47.2626992, 11.4016925 47.2627893)"
5463,6.0,,,,31.393,,5,,4.0,"LINESTRING (11.4015926 47.262516, 11.4016339 47.2626711, 11.4016925 47.2627893)"
5464,6.0,,,,13.350999999999999,,5,,4.0,"LINESTRING (11.4016593 47.2645621, 11.4016411 47.2645645, 11.4015692 47.264574, 11.4014857 47.2645853)"
5465,5.0,,,7.0,9.176,,5,,6.000000000000001,"LINESTRING (11.4255064 47.2655785, 11.4254226 47.2656383)"
5466,5.0,,,7.0,21.268,,5,,6.000000000000001,"LINESTRING (11.4255064 47.2655785, 11.4256902 47.2654335)"
5467,5.0,,,7.0,8.19,,5,,7.000000000000001,"LINESTRING (11.426126 47.2650333, 11.4261866 47.2649722)"
5468,5.0,,,7.0,47.736999999999995,,5,,6.000000000000001,"LINESTRING (11.426126 47.2650333, 11.4259756 47.2651848, 11.4257937 47.2653433, 11.4257523 47.2653794)"
5469,5.0,,,7.0,7.16,,5,,5.0,"LINESTRING (11.4249571 47.2659073, 11.4250311 47.265867)"
5470,6.0,,,,12.043,,10,,4.0,"LINESTRING (11.4249571 47.2659073, 11.4249289 47.2658007)"
5471,5.0,,,7.0,36.234,,5,,4.0,"LINESTRING (11.4249571 47.2659073, 11.4247776 47.2660049, 11.4245824 47.2661111)"
5472,2.0,,,7.0,54.874,10.0,10,,2.0,"LINESTRING (11.4264679 47.2637549, 11.4265517 47.2637626, 11.4267485 47.2637593, 11.4268672 47.2637355, 11.4269567 47.263702, 11.4269799 47.2636898, 11.4271167 47.2635999)"
5473,5.0,,,7.0,43.68,9.0,10,,5.0,"LINESTRING (11.4264679 47.2637549, 11.4267346 47.2638548, 11.4268378 47.2639175, 11.4269083 47.2639962)"
5474,8.0,,10.0,,3.725,,5,,6.000000000000001,"LINESTRING (11.3916564 47.2655017, 11.3916471 47.2655346)"
5475,8.0,,10.0,,91.81700000000001,,5,,7.000000000000001,"LINESTRING (11.3916564 47.2655017, 11.3916773 47.2654275, 11.3917298 47.2652479, 11.3918484 47.2648423, 11.3918585 47.2648079, 11.391892 47.2646916)"
5476,7.0,,4.0,,40.369,,5,,6.000000000000001,"LINESTRING (11.3916564 47.2655017, 11.3917388 47.2655162, 11.3921742 47.265593)"
5477,7.0,,4.0,,40.369,,5,,6.000000000000001,"LINESTRING (11.3921742 47.265593, 11.3917388 47.2655162, 11.3916564 47.2655017)"
5478,7.0,,4.0,,26.564000000000004,,5,,6.000000000000001,"LINESTRING (11.3921742 47.265593, 11.3921419 47.2656293, 11.3921145 47.2656801, 11.3920843 47.2657266, 11.3920462 47.2657577, 11.3919918 47.2657931)"
5479,7.0,,4.0,,26.235,,5,,4.0,"LINESTRING (11.3921742 47.265593, 11.3922872 47.2655852, 11.392515 47.2656218)"
5480,7.0,,4.0,,26.235,,5,,4.0,"LINESTRING (11.392515 47.2656218, 11.3922872 47.2655852, 11.3921742 47.265593)"
5481,7.0,,,,58.382999999999996,,5,,6.000000000000001,"LINESTRING (11.3924478 47.2659395, 11.3925597 47.2656288, 11.3926358 47.2654302)"
5482,7.0,,7.0,,28.273,,5,,6.000000000000001,"LINESTRING (11.3924478 47.2659395, 11.3923733 47.2661412, 11.3923621 47.2661869)"
5483,7.0,,8.0,,117.477,,5,,6.000000000000001,"LINESTRING (11.3924478 47.2659395, 11.3927373 47.2659831, 11.3927889 47.2659888, 11.3929468 47.2660062, 11.3930598 47.2660407, 11.3931742 47.2661049, 11.3932532 47.2661279, 11.3933614 47.2661427, 11.3934827 47.266142, 11.393753 47.2661921, 11.3939254 47.2662218)"
5484,7.0,,7.0,,52.343,,5,,6.000000000000001,"LINESTRING (11.3939254 47.2662218, 11.3937621 47.2666793)"
5485,7.0,,7.0,,59.649,,5,,6.000000000000001,"LINESTRING (11.3939254 47.2662218, 11.3939927 47.2660334, 11.394105 47.2658215, 11.3940546 47.2657092)"
5486,7.0,,8.0,,117.47699999999999,,5,,6.000000000000001,"LINESTRING (11.3939254 47.2662218, 11.393753 47.2661921, 11.3934827 47.266142, 11.3933614 47.2661427, 11.3932532 47.2661279, 11.3931742 47.2661049, 11.3930598 47.2660407, 11.3929468 47.2660062, 11.3927889 47.2659888, 11.3927373 47.2659831, 11.3924478 47.2659395)"
5487,6.0,,,,3.702,,5,,6.000000000000001,"LINESTRING (11.402311 47.263884, 11.40228 47.2638582)"
5488,6.0,,,,37.646,,5,,6.000000000000001,"LINESTRING (11.402311 47.263884, 11.402551 47.2640908, 11.4026081 47.2641554)"
5489,6.0,,,,135.652,,5,,6.000000000000001,"LINESTRING (11.402311 47.263884, 11.4022031 47.2638542, 11.4020341 47.2637167, 11.4019335 47.2635929, 11.4017106 47.2628236, 11.4016925 47.2627893)"
5490,6.0,,,,31.393,,5,,4.0,"LINESTRING (11.4016925 47.2627893, 11.4016339 47.2626711, 11.4015926 47.262516)"
5491,6.0,,,,135.65200000000002,,5,,6.000000000000001,"LINESTRING (11.4016925 47.2627893, 11.4017106 47.2628236, 11.4019335 47.2635929, 11.4020341 47.2637167, 11.4022031 47.2638542, 11.402311 47.263884)"
5492,6.0,,,,32.657000000000004,,5,,4.0,"LINESTRING (11.4016925 47.2627893, 11.4015902 47.2626992, 11.4015794 47.262681, 11.4015353 47.2625235)"
5493,7.0,,4.0,,4.231,,5,,6.000000000000001,"LINESTRING (11.3946072 47.2685319, 11.3946631 47.2685289)"
5494,7.0,,4.0,,86.041,,5,,6.000000000000001,"LINESTRING (11.3946072 47.2685319, 11.3934705 47.2685936)"
5495,7.0,,,,38.814,,5,,6.000000000000001,"LINESTRING (11.3946072 47.2685319, 11.3946179 47.2686914, 11.3946305 47.2688806)"
5496,8.0,,,,47.506,,5,,8.0,"LINESTRING (11.3951953 47.2688702, 11.395243 47.2692962)"
5497,8.0,,,,27.26,,5,,8.0,"LINESTRING (11.3951953 47.2688702, 11.3951871 47.2687971, 11.3951863 47.2687663, 11.3951899 47.2687439, 11.3951995 47.268719, 11.3952081 47.2687009, 11.3952179 47.2686863, 11.3952317 47.2686704, 11.3952445 47.268658, 11.3952691 47.2686406)"
5498,7.0,,,,42.632000000000005,,5,,7.000000000000001,"LINESTRING (11.3951953 47.2688702, 11.3950065 47.2688735, 11.3947805 47.2688786, 11.3946305 47.2688806)"
5499,7.0,,,,12.25,,5,,7.000000000000001,"LINESTRING (11.3951953 47.2688702, 11.3952703 47.2688707, 11.3953576 47.2688687)"
5500,7.0,,,,38.814,,5,,6.000000000000001,"LINESTRING (11.3946305 47.2688806, 11.3946179 47.2686914, 11.3946072 47.2685319)"
5501,7.0,,,,39.82899999999999,,5,,6.000000000000001,"LINESTRING (11.3946305 47.2688806, 11.3946448 47.269094, 11.3946332 47.269193, 11.3946364 47.2692382)"
5502,7.0,,,,42.632000000000005,,5,,7.000000000000001,"LINESTRING (11.3946305 47.2688806, 11.3947805 47.2688786, 11.3950065 47.2688735, 11.3951953 47.2688702)"
5503,6.0,,,9.0,6.241,10.0,10,,4.0,"LINESTRING (11.4290591 47.2620478, 11.4289862 47.2620743)"
5504,7.0,,,,18.855,,5,,5.0,"LINESTRING (11.4290591 47.2620478, 11.4292476 47.2621591)"
5505,2.0,,10.0,7.0,35.544,9.0,5,,6.000000000000001,"LINESTRING (11.3988312 47.2543219, 11.3989443 47.2540116)"
5506,6.0,,,,58.376000000000005,,5,,6.000000000000001,"LINESTRING (11.3988312 47.2543219, 11.3990524 47.2542929, 11.3990848 47.2542707, 11.399151 47.2541251, 11.3991295 47.2540845, 11.3989443 47.2540116)"
5507,2.0,,10.0,7.0,6.882,9.0,5,,6.000000000000001,"LINESTRING (11.3988312 47.2543219, 11.3988046 47.2543811)"
5508,6.0,9.0,,,44.327,,5,,6.000000000000001,"LINESTRING (11.4143651 47.2622658, 11.413808 47.2623922)"
5509,6.0,9.0,,,57.828,,5,,6.000000000000001,"LINESTRING (11.4143651 47.2622658, 11.415093 47.2621032)"
5510,6.0,,,,81.844,,5,,6.000000000000001,"LINESTRING (11.4143651 47.2622658, 11.4144102 47.2620872, 11.4149087 47.2619718, 11.4149918 47.2619809, 11.415093 47.2621032)"
5511,6.0,9.0,,,57.828,,5,,6.000000000000001,"LINESTRING (11.415093 47.2621032, 11.4143651 47.2622658)"
5512,6.0,,,,81.844,,5,,6.000000000000001,"LINESTRING (11.415093 47.2621032, 11.4149918 47.2619809, 11.4149087 47.2619718, 11.4144102 47.2620872, 11.4143651 47.2622658)"
5513,6.0,9.0,,,63.871,,5,,8.0,"LINESTRING (11.415093 47.2621032, 11.4158941 47.2619178)"
5514,6.0,,,,17.109,,10,,4.0,"LINESTRING (11.4320727 47.2621239, 11.4319854 47.2619819)"
5515,6.0,,,,37.151,,5,,5.0,"LINESTRING (11.4320727 47.2621239, 11.4321043 47.2621641, 11.4321073 47.2621744, 11.4321022 47.2621867, 11.4320943 47.2621963, 11.4320812 47.2622045, 11.4320597 47.2622136, 11.4320319 47.2622236, 11.4320091 47.262231, 11.4319898 47.2622415, 11.4319645 47.2622632, 11.431937 47.2622935, 11.4319125 47.2623205, 11.4318595 47.262386)"
5516,6.0,,,,169.212,10.0,5,,4.0,"LINESTRING (11.4310085 47.2620222, 11.431065 47.2619851, 11.4311483 47.2619309, 11.4316015 47.2617953, 11.4330142 47.2613575)"
5517,8.0,,10.0,9.0,72.029,5.0,5,,5.0,"LINESTRING (11.4310085 47.2620222, 11.4308495 47.2619583, 11.4306954 47.2618927, 11.4306568 47.261875, 11.4306182 47.2618532, 11.4305797 47.2618254, 11.430532 47.2617898, 11.4304797 47.2617503, 11.430443 47.261718, 11.4304045 47.2616813, 11.4303771 47.2616542, 11.4303486 47.2616242, 11.4303204 47.2615897)"
5518,8.0,,10.0,9.0,75.948,,5,,6.000000000000001,"LINESTRING (11.4310085 47.2620222, 11.4311161 47.2620632, 11.4311682 47.2620863, 11.4311948 47.2620982, 11.4313317 47.2621612, 11.4315857 47.262278, 11.4316787 47.2623126, 11.4318595 47.262386)"
5519,6.0,,,,41.388999999999996,,10,,4.0,"LINESTRING (11.4315965 47.2620999, 11.4317723 47.2621803, 11.431819 47.2622029, 11.4320727 47.2621239)"
5520,6.0,,,,32.147,,10,,2.0,"LINESTRING (11.4319854 47.2619819, 11.4315965 47.2620999)"
5521,6.0,,,,79.68299999999999,,10,,2.0,"LINESTRING (11.4319854 47.2619819, 11.4319171 47.2618709, 11.4318608 47.2618527, 11.431672 47.2619093, 11.4313644 47.2620016, 11.4315965 47.2620999)"
5522,6.0,,,,169.212,10.0,5,,4.0,"LINESTRING (11.4330142 47.2613575, 11.4316015 47.2617953, 11.4311483 47.2619309, 11.431065 47.2619851, 11.4310085 47.2620222)"
5523,8.0,,,,58.283,9.0,5,,6.000000000000001,"LINESTRING (11.4247901 47.2684759, 11.4254679 47.2687273)"
5524,8.0,,,,69.465,9.0,5,,6.000000000000001,"LINESTRING (11.4247901 47.2684759, 11.4239729 47.2681882)"
5525,6.0,,,,19.608,,5,,6.000000000000001,"LINESTRING (11.4247901 47.2684759, 11.4249151 47.2683213)"
5526,6.0,,,,23.565,,5,,5.0,"LINESTRING (11.4257852 47.2681358, 11.4254931 47.2682108)"
5527,5.0,,10.0,7.0,14.524,,5,,6.000000000000001,"LINESTRING (11.4257852 47.2681358, 11.425852 47.2682583)"
5528,5.0,,10.0,7.0,77.404,,5,,6.000000000000001,"LINESTRING (11.4257852 47.2681358, 11.4256131 47.2678536, 11.4254884 47.2676492, 11.4253929 47.2674926)"
5529,6.0,,,,1.953,,10,,4.0,"LINESTRING (11.4254831 47.2681946, 11.4254931 47.2682108)"
5530,6.0,,,,30.207,,5,,4.0,"LINESTRING (11.4254831 47.2681946, 11.4251145 47.2683006)"
5531,6.0,,,,30.207,,5,,5.0,"LINESTRING (11.4251145 47.2683006, 11.4254831 47.2681946)"
5532,6.0,,,,11.674,,5,,6.000000000000001,"LINESTRING (11.4251145 47.2683006, 11.424972 47.2683415)"
5533,2.0,,10.0,8.0,26.351999999999997,9.0,5,,8.0,"LINESTRING (11.3937497 47.2468347, 11.393732 47.2468919, 11.3937177 47.2469236, 11.3936989 47.2469603, 11.3936456 47.2470605)"
5534,2.0,,10.0,8.0,66.821,9.0,5,,6.000000000000001,"LINESTRING (11.3937497 47.2468347, 11.3937616 47.2467607, 11.3937642 47.2466922, 11.3937638 47.2466216, 11.3937502 47.2465321, 11.393727 47.2464476, 11.3936982 47.2463816, 11.393665 47.2463176, 11.3936186 47.2462498)"
5535,6.0,,,,12.537,,5,,6.000000000000001,"LINESTRING (11.3937497 47.2468347, 11.3938371 47.2468216, 11.3938599 47.2468101, 11.3938972 47.2467894)"
5536,6.0,,,,18.238,,5,,5.0,"LINESTRING (11.4342882 47.2626926, 11.4340481 47.2627114)"
5537,6.0,,,7.0,45.788,,5,,6.000000000000001,"LINESTRING (11.4342882 47.2626926, 11.4343113 47.2626299, 11.4343281 47.2625841, 11.4343432 47.2625447, 11.434373 47.2624389, 11.4344136 47.2622899)"
5538,6.0,,,7.0,34.063,5.0,5,,5.0,"LINESTRING (11.4342882 47.2626926, 11.4341986 47.2629417, 11.4341812 47.2629902)"
5539,6.0,,,,22.357,,5,,4.0,"LINESTRING (11.3998355 47.2611331, 11.3998231 47.261109, 11.399804 47.2610852, 11.3997742 47.2610686, 11.3997376 47.2610551, 11.399603 47.2610329)"
5540,6.0,,,,12.567,,5,,6.000000000000001,"LINESTRING (11.4000698 47.2628248, 11.4000377 47.2627139)"
5541,6.0,,,,23.997,,5,,6.000000000000001,"LINESTRING (11.4000698 47.2628248, 11.400098 47.262926, 11.4001154 47.2630382)"
5542,6.0,,,,44.778999999999996,,10,,1.0,"LINESTRING (11.4004075 47.2643238, 11.4004274 47.2643883, 11.4004966 47.2646389, 11.400503 47.2646524, 11.4005173 47.2646667, 11.4005675 47.2647038)"
5543,5.0,,,,495.26,,5,,4.0,"LINESTRING (11.4229162 47.2533446, 11.4224728 47.2532429, 11.4222664 47.2531279, 11.4218534 47.2530077, 11.4215476 47.2528438, 11.4213223 47.2526363, 11.4209897 47.2524906, 11.4208127 47.252345, 11.4207215 47.2522212, 11.4206977 47.2520955, 11.4202901 47.25197, 11.4199304 47.2518639, 11.4197641 47.2519197, 11.4197202 47.2519345, 11.4197263 47.2520604, 11.4194075 47.2520559, 11.4191586 47.2518764, 11.4187527 47.2517988, 11.4186186 47.2518061, 11.4183987 47.2518061, 11.4182378 47.2517332, 11.4179776 47.2516691, 11.4179004 47.2514338)"
5544,5.0,,,,80.231,,5,,6.000000000000001,"LINESTRING (11.4229162 47.2533446, 11.4232682 47.2534487, 11.4238386 47.253503, 11.4239362 47.2534805)"
5545,5.0,,,,50.422000000000004,,5,,6.000000000000001,"LINESTRING (11.4229162 47.2533446, 11.422741 47.2534825, 11.4227745 47.2536418, 11.4226943 47.2537379)"
5546,5.0,,,,495.26000000000005,,5,,4.0,"LINESTRING (11.4179004 47.2514338, 11.4179776 47.2516691, 11.4182378 47.2517332, 11.4183987 47.2518061, 11.4186186 47.2518061, 11.4187527 47.2517988, 11.4191586 47.2518764, 11.4194075 47.2520559, 11.4197263 47.2520604, 11.4197202 47.2519345, 11.4197641 47.2519197, 11.4199304 47.2518639, 11.4202901 47.25197, 11.4206977 47.2520955, 11.4207215 47.2522212, 11.4208127 47.252345, 11.4209897 47.2524906, 11.4213223 47.2526363, 11.4215476 47.2528438, 11.4218534 47.2530077, 11.4222664 47.2531279, 11.4224728 47.2532429, 11.4229162 47.2533446)"
5547,8.0,,10.0,,4.906,,5,,7.000000000000001,"LINESTRING (11.3997915 47.2580859, 11.3997837 47.2581297)"
5548,5.0,,,,9.833,,5,,5.0,"LINESTRING (11.3997915 47.2580859, 11.3999217 47.2580893)"
5549,8.0,,10.0,,92.81,,5,,5.0,"LINESTRING (11.3997915 47.2580859, 11.3998811 47.2575834, 11.400002 47.2572829, 11.4000086 47.2572665)"
5550,6.0,,,,29.032,,5,,7.000000000000001,"LINESTRING (11.3997915 47.2580859, 11.3997099 47.2580716, 11.3996483 47.2580493, 11.3994685 47.2579513)"
5551,5.0,,,,9.833,,5,,5.0,"LINESTRING (11.3999217 47.2580893, 11.3997915 47.2580859)"
5552,6.0,,10.0,7.0,57.502,9.0,5,,5.0,"LINESTRING (11.3994685 47.2579513, 11.3992276 47.2574607)"
5553,6.0,,10.0,7.0,48.048,9.0,5,,7.000000000000001,"LINESTRING (11.3994685 47.2579513, 11.3995741 47.258168, 11.3996704 47.2583611)"
5554,6.0,,,,29.031999999999996,,5,,7.000000000000001,"LINESTRING (11.3994685 47.2579513, 11.3996483 47.2580493, 11.3997099 47.2580716, 11.3997915 47.2580859)"
5555,6.0,,10.0,,86.56,,5,,6.000000000000001,"LINESTRING (11.3912113 47.2623544, 11.3913486 47.2623692, 11.3917526 47.2624052, 11.3923005 47.2624539, 11.3923481 47.2624581)"
5556,6.0,,10.0,,123.731,,5,,7.000000000000001,"LINESTRING (11.3912113 47.2623544, 11.3912298 47.2622772, 11.3913419 47.2618894, 11.3915107 47.2613274, 11.3915311 47.2612631)"
5557,8.0,,10.0,,145.167,,5,,8.0,"LINESTRING (11.3912113 47.2623544, 11.391194 47.2623523, 11.3910456 47.2623343, 11.3902685 47.2622641, 11.3894328 47.2621795, 11.3893077 47.2621668)"
5558,6.0,,10.0,,122.416,,5,,7.000000000000001,"LINESTRING (11.3912113 47.2623544, 11.3911736 47.2624676, 11.3910438 47.2628854, 11.3908922 47.2634337)"
5559,6.0,,10.0,,10.168,,5,,6.000000000000001,"LINESTRING (11.3923481 47.2624581, 11.3924817 47.26247)"
5560,6.0,,10.0,,86.56,,5,,7.000000000000001,"LINESTRING (11.3923481 47.2624581, 11.3923005 47.2624539, 11.3917526 47.2624052, 11.3913486 47.2623692, 11.3912113 47.2623544)"
5561,8.0,,10.0,9.0,145.59,,5,,7.000000000000001,"LINESTRING (11.4049535 47.2723618, 11.4048297 47.27238, 11.4047825 47.2723869, 11.4045718 47.2724179, 11.4040578 47.2724793, 11.4037635 47.2725187, 11.4034316 47.2725534, 11.403055 47.2725946)"
5562,8.0,,,,78.375,,5,,7.000000000000001,"LINESTRING (11.4049535 47.2723618, 11.4050214 47.2723499, 11.4057768 47.2722388, 11.4059681 47.2722107)"
5563,8.0,,,,15.305,,5,,7.000000000000001,"LINESTRING (11.4049535 47.2723618, 11.4049642 47.272452, 11.4049698 47.272499)"
5564,8.0,,,,104.479,,5,,7.000000000000001,"LINESTRING (11.4049535 47.2723618, 11.4048616 47.2716139, 11.4048351 47.2715209, 11.4047833 47.2714333)"
5565,6.0,,,,6.091,,5,,4.0,"LINESTRING (11.4014713 47.2645314, 11.4014857 47.2645853)"
5566,6.0,,,,5.84,,5,,4.0,"LINESTRING (11.4012752 47.2645598, 11.4012911 47.2646112)"
5567,7.0,,6.0,,28.475,,5,,4.0,"LINESTRING (11.3946704 47.2680344, 11.3948398 47.2680227, 11.3950451 47.2680042)"
5568,6.0,,10.0,,13.603,,5,,6.000000000000001,"LINESTRING (11.393443 47.2625577, 11.3932645 47.2625406)"
5569,6.0,,10.0,,57.402,,5,,6.000000000000001,"LINESTRING (11.393443 47.2625577, 11.3941966 47.262628)"
5570,6.0,,,,52.547000000000004,,5,,4.0,"LINESTRING (11.393443 47.2625577, 11.3933831 47.2628466, 11.3936468 47.2628725)"
5571,10.0,,,,7.308,,5,,6.000000000000001,"LINESTRING (11.4069272 47.2641287, 11.4068765 47.2640727)"
5572,6.0,,10.0,7.0,115.22399999999999,,5,,8.0,"LINESTRING (11.4069272 47.2641287, 11.4069973 47.2640991, 11.4076172 47.2638124, 11.4080234 47.263628, 11.4081907 47.263547)"
5573,6.0,,10.0,7.0,14.037,,5,,8.0,"LINESTRING (11.4069272 47.2641287, 11.4068237 47.2641733, 11.4067659 47.264191)"
5574,10.0,,,,24.848999999999997,,5,,8.0,"LINESTRING (11.4069272 47.2641287, 11.4069491 47.2641553, 11.4069498 47.2643483)"
5575,10.0,,,,84.863,,10,,4.0,"LINESTRING (11.406934 47.2645241, 11.4068317 47.2645301, 11.4064572 47.2645339, 11.4062982 47.2645473, 11.4058146 47.2645874)"
5576,10.0,,,,19.588,,5,,6.000000000000001,"LINESTRING (11.406934 47.2645241, 11.406937 47.2644663, 11.4069382 47.2644522, 11.4069397 47.2644354, 11.4069498 47.2643483)"
5577,8.0,,,,279.539,,5,,5.0,"LINESTRING (11.375827 47.2543612, 11.3756992 47.2539528, 11.3756776 47.2539606, 11.3756571 47.2539646, 11.3756282 47.2539666, 11.3755877 47.2539642, 11.3754792 47.2539474, 11.3754302 47.2539419, 11.3753789 47.253941, 11.3753289 47.2539408, 11.3752962 47.2539511, 11.3752618 47.2539643, 11.3752336 47.2539797, 11.3752145 47.2539932, 11.3751917 47.2540117, 11.3751582 47.2540577, 11.3751229 47.254142, 11.3751129 47.2542828, 11.3751347 47.2543884, 11.3752116 47.2545235, 11.3753053 47.2546405, 11.3760807 47.2553454, 11.3761627 47.2553849, 11.3763133 47.2554223)"
5578,6.0,,,,45.085,,10,,3.0000000000000004,"LINESTRING (11.410467 47.2586962, 11.4103985 47.2587229, 11.4102802 47.2587411, 11.4098918 47.2586849)"
5579,2.0,,10.0,7.0,158.333,9.0,10,,2.0,"LINESTRING (11.410467 47.2586962, 11.408766 47.2584449, 11.4084186 47.2583885)"
5580,2.0,,10.0,7.0,72.695,9.0,10,,4.0,"LINESTRING (11.4084186 47.2583885, 11.4082742 47.2583544, 11.4081658 47.2583295, 11.4077128 47.2582254, 11.4075073 47.2581767)"
5581,5.0,,,,89.53000000000002,,5,,4.0,"LINESTRING (11.4019799 47.248748, 11.4020992 47.2487241, 11.4024043 47.2485871, 11.4023479 47.2485051, 11.4025585 47.2484469, 11.4025129 47.2485425, 11.402612 47.2486503)"
5582,8.0,,10.0,9.0,25.368000000000002,,5,,5.0,"LINESTRING (11.403055 47.2725946, 11.4028571 47.2726163, 11.4027231 47.2726311)"
5583,8.0,,10.0,9.0,145.58999999999997,,5,,7.000000000000001,"LINESTRING (11.403055 47.2725946, 11.4034316 47.2725534, 11.4037635 47.2725187, 11.4040578 47.2724793, 11.4045718 47.2724179, 11.4047825 47.2723869, 11.4048297 47.27238, 11.4049535 47.2723618)"
5584,6.0,,,,55.664,,5,,4.0,"LINESTRING (11.403055 47.2725946, 11.4030322 47.2724986, 11.4029996 47.272361, 11.4033837 47.2723189)"
5585,6.0,,,,55.664,,5,,4.0,"LINESTRING (11.4033837 47.2723189, 11.4029996 47.272361, 11.4030322 47.2724986, 11.403055 47.2725946)"
5586,6.0,,,,6.039,,5,,3.0000000000000004,"LINESTRING (11.4009022 47.2650821, 11.4008226 47.2650877)"
5587,6.0,,,,12.62,,5,,3.0000000000000004,"LINESTRING (11.3956523 47.2709218, 11.3954853 47.2709281)"
5588,8.0,9.0,,,47.376,,10,,3.0000000000000004,"LINESTRING (11.4158908 47.2615954, 11.4163314 47.26165, 11.4164342 47.261663, 11.4164989 47.2616892)"
5589,8.0,,,,6.837,,5,,6.000000000000001,"LINESTRING (11.4110506 47.2627346, 11.4110577 47.2627959)"
5590,8.0,,,,51.084999999999994,,5,,6.000000000000001,"LINESTRING (11.4110506 47.2627346, 11.4110292 47.2625508, 11.4110628 47.2624172, 11.4111382 47.2622874)"
5591,8.0,,10.0,9.0,50.14,,5,,5.0,"LINESTRING (11.405717 47.2715314, 11.4061938 47.2712173)"
5592,8.0,,,,41.967,,10,,4.0,"LINESTRING (11.405717 47.2715314, 11.4056647 47.2716502, 11.4054738 47.2717864, 11.4054074 47.2718339)"
5593,8.0,,,,7.875,,5,,6.000000000000001,"LINESTRING (11.4054074 47.2718339, 11.4053356 47.2717825)"
5594,8.0,,,,59.547,,5,,6.000000000000001,"LINESTRING (11.4054074 47.2718339, 11.4055051 47.2719038, 11.4059681 47.2722107)"
5595,6.0,,10.0,7.0,73.4,5.0,5,,6.000000000000001,"LINESTRING (11.3995476 47.26259, 11.399438 47.2622641, 11.3993439 47.2619446)"
5596,6.0,,10.0,7.0,51.879,5.0,5,,6.000000000000001,"LINESTRING (11.3995476 47.26259, 11.3996829 47.2629808, 11.3997021 47.2630446)"
5597,6.0,,,,93.974,,5,,6.000000000000001,"LINESTRING (11.4049698 47.272499, 11.4050622 47.2733418)"
5598,8.0,,10.0,,95.578,,10,,6.000000000000001,"LINESTRING (11.4049698 47.272499, 11.4050499 47.2726513, 11.4050668 47.2727562, 11.4051236 47.2731679, 11.4050622 47.2733418)"
5599,8.0,,,,15.305,,5,,7.000000000000001,"LINESTRING (11.4049698 47.272499, 11.4049642 47.272452, 11.4049535 47.2723618)"
5600,6.0,,,,93.974,,5,,6.000000000000001,"LINESTRING (11.4050622 47.2733418, 11.4049698 47.272499)"
5601,8.0,,10.0,,95.023,,10,,6.000000000000001,"LINESTRING (11.4050622 47.2733418, 11.4049738 47.2731556, 11.4049315 47.2727546, 11.4049698 47.272499)"
5602,8.0,,,,16.125999999999998,,5,,7.000000000000001,"LINESTRING (11.4050622 47.2733418, 11.405067 47.2733998, 11.4050764 47.2734865)"
5603,8.0,,,9.0,142.585,9.0,5,,5.0,"LINESTRING (11.4131383 47.2622719, 11.4139099 47.2611014)"
5604,8.0,,,,23.563000000000002,,10,,3.0000000000000004,"LINESTRING (11.4131383 47.2622719, 11.4131474 47.2623313, 11.4131827 47.2623772, 11.4132336 47.2623976, 11.413319 47.2624142)"
5605,6.0,,,,37.964,,10,,5.0,"LINESTRING (11.413319 47.2624142, 11.4133853 47.2624032, 11.4137125 47.2623659, 11.413808 47.2623922)"
5606,8.0,,10.0,,25.941,,10,,3.0000000000000004,"LINESTRING (11.4129638 47.2624729, 11.4131383 47.2622719)"
5607,6.0,,,,27.587,,10,,2.0,"LINESTRING (11.4129638 47.2624729, 11.41328 47.2624206, 11.413319 47.2624142)"
5608,8.0,,10.0,,37.779,,5,,5.0,"LINESTRING (11.4107615 47.2633723, 11.4105566 47.2636823)"
5609,8.0,,,,69.338,,10,,5.0,"LINESTRING (11.4107615 47.2633723, 11.4107656 47.2633243, 11.4107756 47.2632082, 11.4109211 47.2629225, 11.4110577 47.2627959)"
5610,8.0,,10.0,,79.126,,5,,5.0,"LINESTRING (11.4217085 47.2585271, 11.4222288 47.2579093)"
5611,8.0,,10.0,,73.826,,10,,4.0,"LINESTRING (11.4217085 47.2585271, 11.421223 47.2591035)"
5612,8.0,,10.0,,2.16,,5,,5.0,"LINESTRING (11.4211188 47.2592274, 11.4211329 47.2592105)"
5613,8.0,,10.0,,74.619,,10,,4.0,"LINESTRING (11.4211188 47.2592274, 11.4211142 47.2593418, 11.4208105 47.2597031, 11.4206449 47.2597877)"
5614,8.0,,10.0,,10.865,9.0,5,,5.0,"LINESTRING (11.4206449 47.2597877, 11.4205726 47.2598722)"
5615,8.0,,10.0,,71.838,,10,,4.0,"LINESTRING (11.4206449 47.2597877, 11.4209235 47.2594616, 11.4211188 47.2592274)"
5616,2.0,,10.0,7.0,152.286,9.0,10,,4.0,"LINESTRING (11.4193211 47.2606065, 11.4180941 47.2603011, 11.4174252 47.2601374)"
5617,2.0,,,7.0,10.444,5.0,10,,4.0,"LINESTRING (11.4197408 47.2606265, 11.4198694 47.2606612)"
5618,8.0,,,,16.79,10.0,10,,4.0,"LINESTRING (11.4197408 47.2606265, 11.4198967 47.2605955, 11.4199543 47.260584)"
5619,6.0,,,7.0,11.86,10.0,10,,4.0,"LINESTRING (11.4195971 47.2606697, 11.4197408 47.2606265)"
5620,2.0,,10.0,7.0,21.981,9.0,10,,3.0000000000000004,"LINESTRING (11.4195971 47.2606697, 11.4194352 47.2606326, 11.4193211 47.2606065)"
5621,6.0,,10.0,,70.205,,10,,4.0,"LINESTRING (11.4197303 47.2607607, 11.4196709 47.2608017, 11.4196133 47.2608305, 11.4191337 47.2609827, 11.4188902 47.2609984)"
5622,8.0,,,9.0,74.846,,10,,3.0000000000000004,"LINESTRING (11.4197303 47.2607607, 11.4197275 47.260819, 11.4197129 47.2608636, 11.4196833 47.260915, 11.4193208 47.2613662)"
5623,6.0,,,,26.410999999999998,10.0,10,,3.0000000000000004,"LINESTRING (11.419293 47.2607871, 11.4193964 47.2607471, 11.4194855 47.2607099, 11.4195971 47.2606697)"
5624,6.0,,,,20.25,,10,,2.0,"LINESTRING (11.419293 47.2607871, 11.4193175 47.2606945, 11.4193211 47.2606065)"
5625,6.0,,10.0,,38.972,,5,,6.000000000000001,"LINESTRING (11.4188902 47.2609984, 11.418426 47.261152)"
5626,6.0,,,,38.695,10.0,10,,5.0,"LINESTRING (11.4188902 47.2609984, 11.4190812 47.260872, 11.419293 47.2607871)"
5627,6.0,,,,54.64099999999999,,5,,5.0,"LINESTRING (11.4188902 47.2609984, 11.4191292 47.2609227, 11.4193214 47.2608505, 11.4195329 47.2607726)"
5628,6.0,,,,8.463,,10,,6.000000000000001,"LINESTRING (11.4164989 47.2616892, 11.4165952 47.2617282)"
5629,6.0,,,,55.461999999999996,,10,,7.000000000000001,"LINESTRING (11.4165686 47.2617869, 11.4164707 47.2618392, 11.4160965 47.2619434, 11.4158941 47.2619178)"
5630,8.0,,,9.0,46.542,,5,,5.0,"LINESTRING (11.4165686 47.2617869, 11.4166673 47.2619296, 11.4168242 47.2621678)"
5631,8.0,,10.0,7.0,104.231,9.0,5,,5.0,"LINESTRING (11.401927 47.2671372, 11.4019817 47.2673416, 11.402187 47.2680578)"
5632,8.0,,10.0,,78.581,10.0,10,,4.0,"LINESTRING (11.401927 47.2671372, 11.401812 47.2669229, 11.4017071 47.2665669, 11.4016948 47.2665303, 11.4016766 47.2665085, 11.4016497 47.2664882, 11.4016168 47.2664755)"
5633,6.0,,10.0,7.0,38.816,,5,,4.0,"LINESTRING (11.4102711 47.2820248, 11.4099851 47.2817346)"
5634,6.0,,,7.0,44.136,,5,,6.000000000000001,"LINESTRING (11.4102711 47.2820248, 11.4102388 47.28204, 11.4102086 47.2820543, 11.4101054 47.2823924)"
5635,6.0,,,7.0,135.424,,5,,4.0,"LINESTRING (11.4102711 47.2820248, 11.4109663 47.2816961, 11.4110761 47.2816442, 11.4111306 47.2815964, 11.4112315 47.2815079, 11.4112279 47.2814018, 11.4109843 47.2811835)"
5636,6.0,,10.0,7.0,38.816,,5,,4.0,"LINESTRING (11.4099851 47.2817346, 11.4102711 47.2820248)"
5637,8.0,,10.0,,61.616,,5,,6.000000000000001,"LINESTRING (11.3908193 47.2653608, 11.3900401 47.2651951)"
5638,8.0,,10.0,,65.387,,5,,6.000000000000001,"LINESTRING (11.3908193 47.2653608, 11.3915203 47.2655099, 11.3916471 47.2655346)"
5639,6.0,,,,49.135000000000005,,5,,4.0,"LINESTRING (11.3908193 47.2653608, 11.3908702 47.2652833, 11.3909487 47.2651638, 11.3910834 47.2649569)"
5640,6.0,,,,49.135000000000005,,5,,4.0,"LINESTRING (11.3910834 47.2649569, 11.3909487 47.2651638, 11.3908702 47.2652833, 11.3908193 47.2653608)"
5641,6.0,,,,137.016,,10,,2.0,"LINESTRING (11.4336406 47.2635131, 11.4336653 47.2634734, 11.4337165 47.2634568, 11.4337606 47.2634459, 11.4337914 47.263436, 11.4338302 47.2634117, 11.4338517 47.2633903, 11.4338664 47.2633599, 11.4338626 47.2633202, 11.433845 47.2632959, 11.4338179 47.2632741, 11.433784 47.2632611, 11.4335643 47.2632621, 11.433353 47.2632725, 11.4331631 47.2632877, 11.4328304 47.2633041, 11.4328105 47.2633046, 11.4327843 47.263311, 11.4327652 47.2633251, 11.4327415 47.2633452, 11.432732 47.2633662, 11.432732 47.263388, 11.4327398 47.2634069, 11.4327763 47.2634515, 11.4328077 47.2634846)"
5642,6.0,,,,19.694,,10,,3.0000000000000004,"LINESTRING (11.4336406 47.2635131, 11.4337276 47.2635103, 11.4337929 47.2634982, 11.4338313 47.2634826, 11.4338797 47.2634569)"
5643,6.0,,,,24.151000000000003,,10,,3.0000000000000004,"LINESTRING (11.4328077 47.2634846, 11.4329064 47.2635144, 11.4330626 47.2635448, 11.433112 47.2635424)"
5644,6.0,,,,17.642,,5,,4.0,"LINESTRING (11.4292773 47.2645547, 11.4290608 47.2644948)"
5645,6.0,,10.0,7.0,45.076,3.0,5,,6.000000000000001,"LINESTRING (11.3998563 47.2635896, 11.3997808 47.2633212, 11.3997444 47.2631914)"
5646,10.0,,,,51.270999999999994,,5,,6.000000000000001,"LINESTRING (11.3998563 47.2635896, 11.3999442 47.2635024, 11.3998813 47.263278, 11.3997444 47.2631914)"
5647,6.0,,10.0,7.0,7.127000000000001,,5,,6.000000000000001,"LINESTRING (11.3998563 47.2635896, 11.3998646 47.2636192, 11.3998745 47.2636525)"
5648,6.0,,,,80.812,,10,,0.0,"LINESTRING (11.4002963 47.264411, 11.4002954 47.2643875, 11.400323 47.2643008, 11.4003639 47.2642133, 11.4003736 47.2641865, 11.4003781 47.2641566, 11.4003756 47.2641337, 11.4002467 47.2637003)"
5649,6.0,,10.0,7.0,7.211,3.0,5,,7.000000000000001,"LINESTRING (11.3997444 47.2631914, 11.3997265 47.2631277)"
5650,6.0,,10.0,7.0,45.076,3.0,5,,6.000000000000001,"LINESTRING (11.3997444 47.2631914, 11.3997808 47.2633212, 11.3998563 47.2635896)"
5651,10.0,,,,51.270999999999994,,5,,6.000000000000001,"LINESTRING (11.3997444 47.2631914, 11.3998813 47.263278, 11.3999442 47.2635024, 11.3998563 47.2635896)"
5652,6.0,,10.0,7.0,7.127000000000001,,5,,5.0,"LINESTRING (11.3998745 47.2636525, 11.3998646 47.2636192, 11.3998563 47.2635896)"
5653,6.0,,10.0,7.0,55.247,5.0,5,,4.0,"LINESTRING (11.3998745 47.2636525, 11.3999132 47.2637818, 11.4000143 47.2641402)"
5654,6.0,,,,62.485,,10,,4.0,"LINESTRING (11.3998745 47.2636525, 11.4000003 47.2637, 11.4001006 47.264051, 11.4000143 47.2641402)"
5655,6.0,,,,5.84,,5,,4.0,"LINESTRING (11.4012911 47.2646112, 11.4012752 47.2645598)"
5656,6.0,,,,14.965,,5,,6.000000000000001,"LINESTRING (11.4012911 47.2646112, 11.401353 47.2646027, 11.401412 47.2645951, 11.4014857 47.2645853)"
5657,6.0,,,,83.929,,5,,5.0,"LINESTRING (11.4012911 47.2646112, 11.4012443 47.2646167, 11.4011886 47.264624, 11.4011149 47.2646337, 11.4009837 47.2643537, 11.4005852 47.2644078, 11.4004931 47.2644191)"
5658,6.0,,,,6.091,,5,,4.0,"LINESTRING (11.4014857 47.2645853, 11.4014713 47.2645314)"
5659,6.0,,,,13.350999999999999,,5,,4.0,"LINESTRING (11.4014857 47.2645853, 11.4015692 47.264574, 11.4016411 47.2645645, 11.4016593 47.2645621)"
5660,6.0,,,,14.965,,5,,6.000000000000001,"LINESTRING (11.4014857 47.2645853, 11.401412 47.2645951, 11.401353 47.2646027, 11.4012911 47.2646112)"
5661,6.0,,,,32.151,,10,,3.0000000000000004,"LINESTRING (11.4004931 47.2644191, 11.4005675 47.2647038)"
5662,6.0,,,,83.92900000000002,,5,,5.0,"LINESTRING (11.4004931 47.2644191, 11.4005852 47.2644078, 11.4009837 47.2643537, 11.4011149 47.2646337, 11.4011886 47.264624, 11.4012443 47.2646167, 11.4012911 47.2646112)"
5663,8.0,,10.0,,31.634,,10,,3.0000000000000004,"LINESTRING (11.4005478 47.2648138, 11.40049 47.264792, 11.4004364 47.264781, 11.4003778 47.2647761, 11.4001398 47.2647797)"
5664,6.0,,10.0,7.0,17.203,,10,,4.0,"LINESTRING (11.4005478 47.2648138, 11.40049 47.2647765, 11.4004453 47.2647584, 11.4003527 47.2647408)"
5665,6.0,,,,14.122,,10,,3.0000000000000004,"LINESTRING (11.4005478 47.2648138, 11.4004548 47.2647293, 11.4004357 47.2647121)"
5666,6.0,,10.0,7.0,30.712,10.0,10,,4.0,"LINESTRING (11.4006862 47.2648283, 11.4007187 47.2648675, 11.4007412 47.2649126, 11.4008226 47.2650877)"
5667,6.0,,10.0,7.0,17.543,,10,,3.0000000000000004,"LINESTRING (11.4005028 47.2647332, 11.4005804 47.2647651, 11.4006456 47.2647973, 11.4006862 47.2648283)"
5668,8.0,,10.0,,6.808,,5,,7.000000000000001,"LINESTRING (11.4001398 47.2647797, 11.4000503 47.2647874)"
5669,6.0,,,,16.95,,5,,7.000000000000001,"LINESTRING (11.4001398 47.2647797, 11.4003044 47.2647621, 11.4003325 47.2647524, 11.4003527 47.2647408)"
5670,6.0,,10.0,,5.58,,10,,3.0000000000000004,"LINESTRING (11.4004357 47.2647121, 11.4005028 47.2647332)"
5671,6.0,,,,10.475000000000001,,10,,5.0,"LINESTRING (11.4004357 47.2647121, 11.4004079 47.2646799, 11.4003849 47.2646252)"
5672,8.0,,10.0,,9.941,,10,,4.0,"LINESTRING (11.4002242 47.2647156, 11.4002071 47.2647433, 11.4001863 47.2647612, 11.4001398 47.2647797)"
5673,6.0,,10.0,,8.876,,10,,3.0000000000000004,"LINESTRING (11.4002242 47.2647156, 11.400191 47.2647056, 11.4001173 47.2646823)"
5674,6.0,,10.0,,3.917,,10,,5.0,"LINESTRING (11.400387 47.2646999, 11.4004357 47.2647121)"
5675,6.0,,,,8.308,,5,,6.000000000000001,"LINESTRING (11.400387 47.2646999, 11.4003849 47.2646252)"
5676,6.0,,,,5.288,,5,,6.000000000000001,"LINESTRING (11.400387 47.2646999, 11.400374 47.2647223, 11.4003527 47.2647408)"
5677,2.0,,10.0,,5.706,10.0,10,,7.000000000000001,"LINESTRING (11.3910036 47.2676119, 11.3909363 47.2675885)"
5678,6.0,,,,22.259999999999998,,5,,9.0,"LINESTRING (11.3910036 47.2676119, 11.3909198 47.2674475, 11.3909072 47.2674227)"
5679,2.0,,10.0,,77.417,5.0,5,,8.0,"LINESTRING (11.3910036 47.2676119, 11.3910355 47.2676544, 11.3912258 47.2678923, 11.3914922 47.2682241)"
5680,8.0,,10.0,,23.238999999999997,,5,,8.0,"LINESTRING (11.3910036 47.2676119, 11.3910833 47.2675512, 11.3912228 47.2674655)"
5681,10.0,,,,47.599000000000004,,5,,8.0,"LINESTRING (11.3910036 47.2676119, 11.3909164 47.2676793, 11.3907783 47.2677553, 11.3905463 47.2679057)"
5682,6.0,,,,103.741,,10,,4.0,"LINESTRING (11.419327 47.2695996, 11.4194926 47.2694698, 11.4201533 47.268982, 11.4202518 47.2689093)"
5683,6.0,,,,88.976,,5,,3.0000000000000004,"LINESTRING (11.419327 47.2695996, 11.4186381 47.2691767, 11.418398 47.2692246)"
5684,8.0,,10.0,9.0,52.522,,10,,4.0,"LINESTRING (11.4194824 47.2722304, 11.4200243 47.2725269)"
5685,6.0,,,,51.85,,5,,3.0000000000000004,"LINESTRING (11.4194824 47.2722304, 11.4192738 47.2726747)"
5686,6.0,,,,51.85,,5,,3.0000000000000004,"LINESTRING (11.4192738 47.2726747, 11.4194824 47.2722304)"
5687,8.0,,10.0,9.0,85.155,,10,,4.0,"LINESTRING (11.4200243 47.2725269, 11.4209028 47.2730077)"
5688,6.0,,,,39.477,,5,,3.0000000000000004,"LINESTRING (11.4200243 47.2725269, 11.4198562 47.2728631)"
5689,6.0,,10.0,,32.829,,5,,6.000000000000001,"LINESTRING (11.4081734 47.2729779, 11.4081908 47.2729703, 11.4084978 47.2727814)"
5690,6.0,,10.0,,38.305,,5,,6.000000000000001,"LINESTRING (11.4081734 47.2729779, 11.4080819 47.2730177, 11.4079708 47.273066, 11.4077159 47.2731201)"
5691,6.0,,,,198.633,,5,,5.0,"LINESTRING (11.4081734 47.2729779, 11.4080736 47.2729094, 11.4077722 47.2726761, 11.407396 47.2727242, 11.4072686 47.2726486, 11.4073732 47.2723784, 11.4071242 47.2721882, 11.4071905 47.2720905, 11.4071836 47.2720214, 11.4070168 47.2718601, 11.4070418 47.271764)"
5692,8.0,,10.0,,20.384,,5,,8.0,"LINESTRING (11.4259761 47.2689931, 11.4261719 47.2688668)"
5693,8.0,,,,37.469,,5,,6.000000000000001,"LINESTRING (11.4259761 47.2689931, 11.425866 47.2690671, 11.4256163 47.2692253)"
5694,6.0,,,,17.52,10.0,5,,6.000000000000001,"LINESTRING (11.4259761 47.2689931, 11.4259359 47.2689143, 11.4258541 47.2688651)"
5695,6.0,,,,12.62,,5,,3.0000000000000004,"LINESTRING (11.3954853 47.2709281, 11.3956523 47.2709218)"
5696,8.0,9.0,10.0,,18.614,5.0,10,,4.0,"LINESTRING (11.3954853 47.2709281, 11.3954903 47.2709575, 11.3954908 47.2710953)"
5697,6.0,,,,152.816,,5,,4.0,"LINESTRING (11.4055099 47.2682946, 11.4043729 47.2671573)"
5698,6.0,,,,30.366,,5,,5.0,"LINESTRING (11.4055099 47.2682946, 11.4053431 47.2683501, 11.4051486 47.2684149)"
5699,8.0,,10.0,,197.451,,5,,6.000000000000001,"LINESTRING (11.4055099 47.2682946, 11.4057903 47.2681836, 11.4055118 47.2678648, 11.4054421 47.2676955, 11.4053147 47.2675199, 11.4051577 47.2673734, 11.4048865 47.2670925, 11.4047407 47.2669657, 11.4045425 47.2669489)"
5700,6.0,9.0,10.0,,19.924,,10,,4.0,"LINESTRING (11.4051486 47.2684149, 11.4052412 47.2685827)"
5701,6.0,,,,30.366,,5,,5.0,"LINESTRING (11.4051486 47.2684149, 11.4053431 47.2683501, 11.4055099 47.2682946)"
5702,6.0,,,,12.21,,10,,3.0000000000000004,"LINESTRING (11.4035874 47.2668606, 11.4035724 47.2668992, 11.4035796 47.2669331, 11.4036021 47.2669653)"
5703,6.0,,,,22.902,,5,,3.0000000000000004,"LINESTRING (11.4035874 47.2668606, 11.4036612 47.2667568, 11.40365 47.2666664)"
5704,6.0,,,,83.013,,5,,3.0000000000000004,"LINESTRING (11.4180534 47.275266, 11.4184787 47.2749046, 11.4183328 47.2748327, 11.4183234 47.2747787, 11.4184259 47.2746969)"
5705,2.0,,,,9.642,9.0,10,,3.0000000000000004,"LINESTRING (11.3907907 47.2674099, 11.3907289 47.267334)"
5706,6.0,,,,8.905000000000001,,10,,6.000000000000001,"LINESTRING (11.3907907 47.2674099, 11.3908775 47.2674194, 11.3909072 47.2674227)"
5707,6.0,,,,6.039,,5,,3.0000000000000004,"LINESTRING (11.4008226 47.2650877, 11.4009022 47.2650821)"
5708,6.0,,10.0,7.0,144.291,,10,,4.0,"LINESTRING (11.4008226 47.2650877, 11.4008925 47.2653401, 11.4009888 47.2657116, 11.4010958 47.2660903, 11.4011209 47.2661491, 11.4011496 47.2661919, 11.4011891 47.2662321, 11.401233 47.2662718, 11.4013229 47.2663097)"
5709,6.0,,,,12.567,,5,,5.0,"LINESTRING (11.4000377 47.2627139, 11.4000698 47.2628248)"
5710,6.0,,,,99.845,,10,,6.000000000000001,"LINESTRING (11.4000377 47.2627139, 11.3999443 47.2626712, 11.3998583 47.262368, 11.3997396 47.261941, 11.3997143 47.2618647)"
5711,6.0,,,,98.713,,5,,6.000000000000001,"LINESTRING (11.4000377 47.2627139, 11.399819 47.2619573, 11.3997143 47.2618647)"
5712,6.0,,10.0,,11.103,,5,,6.000000000000001,"LINESTRING (11.3950204 47.2582881, 11.3948734 47.2582921)"
5713,6.0,,,,25.864,,5,,6.000000000000001,"LINESTRING (11.3950204 47.2582881, 11.3950205 47.2585207)"
5714,6.0,,10.0,,61.529,,5,,6.000000000000001,"LINESTRING (11.3950204 47.2582881, 11.3954242 47.2582866, 11.3957295 47.2582996, 11.3958349 47.2583039)"
5715,6.0,,,,25.864,,5,,6.000000000000001,"LINESTRING (11.3950205 47.2585207, 11.3950204 47.2582881)"
5716,6.0,,,,28.994,,5,,4.0,"LINESTRING (11.3950205 47.2585207, 11.3953537 47.2585749, 11.3953941 47.2585815)"
5717,6.0,,,,34.156,,5,,6.000000000000001,"LINESTRING (11.3950205 47.2585207, 11.3948745 47.2584975, 11.3948734 47.2582921)"
5718,6.0,,,,89.298,,5,,3.0000000000000004,"LINESTRING (11.3957392 47.2589851, 11.3959419 47.2586303, 11.3961544 47.2586796, 11.3963279 47.2584365)"
5719,6.0,,,,14.551,,5,,4.0,"LINESTRING (11.4077362 47.2534708, 11.4076897 47.2535978)"
5720,5.0,,,,938.547,,5,,6.000000000000001,"LINESTRING (11.4077362 47.2534708, 11.4079273 47.2534981, 11.4092327 47.2537005, 11.4102591 47.2538595, 11.4109018 47.2540286, 11.4115656 47.2541802, 11.4117768 47.2542075, 11.4124919 47.2542313, 11.4130598 47.2542942, 11.4136362 47.2543939, 11.4139568 47.2544509, 11.4143977 47.2545198, 11.4148053 47.2545859, 11.4159126 47.2546897, 11.4164481 47.2547228, 11.416991 47.2547545, 11.4174393 47.254783, 11.4185288 47.2548681, 11.4190552 47.254917, 11.4199192 47.2550149)"
5721,7.0,,,,199.863,,5,,7.000000000000001,"LINESTRING (11.4077362 47.2534708, 11.4071453 47.2533731, 11.4069013 47.2533521, 11.4065202 47.2533388, 11.4062436 47.2534035, 11.4060905 47.2535341, 11.4056019 47.2540259)"
5722,10.0,,10.0,,190.00400000000002,,5,,7.000000000000001,"LINESTRING (11.4084699 47.2547649, 11.4084541 47.2548182, 11.4083338 47.2552247, 11.4082237 47.2556189, 11.4081469 47.2558262, 11.4081076 47.2559069, 11.4080633 47.2559883, 11.4079685 47.2561487, 11.4077775 47.2563971)"
5723,7.0,,,,290.67,,5,,6.000000000000001,"LINESTRING (11.4084699 47.2547649, 11.4098073 47.2549609, 11.4117081 47.2552373, 11.4118749 47.2552607, 11.4120433 47.2552827, 11.4122351 47.2553143)"
5724,8.0,,,9.0,141.99800000000002,,5,,6.000000000000001,"LINESTRING (11.4084699 47.2547649, 11.4081297 47.254712, 11.4073662 47.2546027, 11.4069435 47.254546, 11.4066759 47.2544927, 11.4066378 47.2544801)"
5725,5.0,,10.0,7.0,60.881,,5,,5.0,"LINESTRING (11.4299829 47.2556124, 11.4302049 47.2556021, 11.4304807 47.2555785, 11.4307817 47.2555405)"
5726,8.0,,10.0,,215.462,,5,,5.0,"LINESTRING (11.4299829 47.2556124, 11.430244 47.2556789, 11.4306382 47.255708, 11.4313391 47.2556901, 11.432022 47.2555352, 11.4321895 47.2555117, 11.4322856 47.2555103, 11.4323817 47.2555197, 11.4327617 47.2555899)"
5727,5.0,,,7.0,29.488,,5,,6.000000000000001,"LINESTRING (11.4299829 47.2556124, 11.4298581 47.2556175, 11.4295929 47.2556284)"
5728,5.0,,6.0,,42.808,,5,,6.000000000000001,"LINESTRING (11.4285959 47.2557804, 11.4280673 47.2556408)"
5729,8.0,,,,77.31500000000001,,10,,5.0,"LINESTRING (11.4285959 47.2557804, 11.4288986 47.2557516, 11.4294331 47.2556688, 11.4295929 47.2556284)"
5730,8.0,,,,137.374,,5,,6.000000000000001,"LINESTRING (11.4277654 47.255798, 11.428211 47.2560682, 11.4285899 47.2563011, 11.4289239 47.2566078, 11.429055 47.2566567)"
5731,8.0,,,,63.115,,10,,4.0,"LINESTRING (11.4277654 47.255798, 11.4279533 47.255767, 11.4285959 47.2557804)"
5732,10.0,,,,32.122,,5,,6.000000000000001,"LINESTRING (11.3756404 47.2569329, 11.3759131 47.2571547)"
5733,8.0,,,9.0,146.789,,5,,6.000000000000001,"LINESTRING (11.3756404 47.2569329, 11.3753581 47.2566812, 11.3745068 47.2558604)"
5734,8.0,,,9.0,24.545,,5,,6.000000000000001,"LINESTRING (11.3756404 47.2569329, 11.3756482 47.2569823, 11.3756278 47.2570226, 11.3755995 47.2570532, 11.3755465 47.2570742, 11.375472 47.2570774)"
5735,8.0,,,,27.668,,5,,6.000000000000001,"LINESTRING (11.375472 47.2570774, 11.375318 47.2569689, 11.3751937 47.2569187)"
5736,8.0,,,9.0,24.545,,5,,6.000000000000001,"LINESTRING (11.375472 47.2570774, 11.3755465 47.2570742, 11.3755995 47.2570532, 11.3756278 47.2570226, 11.3756482 47.2569823, 11.3756404 47.2569329)"
5737,10.0,,,,35.567,,5,,6.000000000000001,"LINESTRING (11.375472 47.2570774, 11.3755682 47.2571312, 11.3759131 47.2571547)"
5738,6.0,,,,27.875,,5,,4.0,"LINESTRING (11.3748815 47.2571671, 11.374601 47.257004)"
5739,6.0,,,,36.305,,5,,6.000000000000001,"LINESTRING (11.3748815 47.2571671, 11.3751937 47.2569187)"
5740,6.0,,,,106.722,,5,,4.0,"LINESTRING (11.3748815 47.2571671, 11.3744383 47.2575116, 11.3741742 47.2573559, 11.3744257 47.2571532)"
5741,6.0,,,7.0,66.805,,5,,4.0,"LINESTRING (11.3961612 47.2505049, 11.3962603 47.2504731, 11.3963942 47.2504739, 11.3965952 47.2504926, 11.3969026 47.2505511, 11.3970028 47.2505952)"
5742,6.0,,,7.0,60.586000000000006,,5,,7.000000000000001,"LINESTRING (11.3961612 47.2505049, 11.396067 47.2504449, 11.395964 47.2503897, 11.3958506 47.2503397, 11.3956076 47.2502703, 11.3954662 47.250254)"
5743,6.0,,,,12.199,,5,,4.0,"LINESTRING (11.3961612 47.2505049, 11.3961972 47.2505306, 11.3962602 47.2505913)"
5744,8.0,,,,162.502,,5,,4.0,"LINESTRING (11.3748326 47.2656652, 11.3747196 47.2656847, 11.3745053 47.2657095, 11.3736007 47.2657046, 11.3730539 47.2656425, 11.3727995 47.2656453, 11.3726934 47.2656453)"
5745,8.0,,,,10.712,9.0,10,,4.0,"LINESTRING (11.4199543 47.260584, 11.4198694 47.2606612)"
5746,8.0,,,,13.509,5.0,5,,5.0,"LINESTRING (11.4199543 47.260584, 11.4199641 47.2605763, 11.4199884 47.2605573, 11.4200234 47.2605283, 11.4200651 47.2604887)"
5747,6.0,,10.0,7.0,8.169,9.0,10,,6.000000000000001,"LINESTRING (11.4198694 47.2606612, 11.419796 47.2607152)"
5748,2.0,,,7.0,24.448,9.0,10,,4.0,"LINESTRING (11.4198694 47.2606612, 11.4200288 47.2607042, 11.4201703 47.2607427)"
5749,2.0,,,7.0,7.175,9.0,10,,4.0,"LINESTRING (11.419796 47.2607152, 11.4197059 47.2606946)"
5750,6.0,,,,7.084,10.0,10,,4.0,"LINESTRING (11.419796 47.2607152, 11.4197303 47.2607607)"
5751,6.0,,,,20.855999999999998,,10,,4.0,"LINESTRING (11.419796 47.2607152, 11.4195486 47.2607692, 11.4195329 47.2607726)"
5752,6.0,,,,63.147999999999996,,5,,4.0,"LINESTRING (11.4138408 47.2560633, 11.4138936 47.2559505, 11.4138923 47.2558867, 11.4140356 47.2555975, 11.4140735 47.2555211)"
5753,8.0,,,9.0,42.975,,5,,6.000000000000001,"LINESTRING (11.416894 47.2562067, 11.4174162 47.2563608)"
5754,6.0,,,,46.006,,5,,4.0,"LINESTRING (11.416894 47.2562067, 11.4166553 47.2565874)"
5755,8.0,,,9.0,85.953,,5,,6.000000000000001,"LINESTRING (11.416894 47.2562067, 11.4163647 47.2560482, 11.4158509 47.2558964)"
5756,6.0,,,,46.006,,5,,4.0,"LINESTRING (11.4166553 47.2565874, 11.416894 47.2562067)"
5757,6.0,,,,139.43200000000002,,5,,3.0000000000000004,"LINESTRING (11.4247481 47.2721676, 11.4240843 47.2732815, 11.42403 47.2733188)"
5758,8.0,,10.0,,49.217,,10,,4.0,"LINESTRING (11.42403 47.2733188, 11.4235793 47.2729988)"
5759,6.0,,,,139.43200000000002,,5,,3.0000000000000004,"LINESTRING (11.42403 47.2733188, 11.4240843 47.2732815, 11.4247481 47.2721676)"
5760,8.0,,10.0,,134.938,,10,,4.0,"LINESTRING (11.425191 47.2742419, 11.42403 47.2733188)"
5761,6.0,,,,202.85799999999998,,5,,3.0000000000000004,"LINESTRING (11.425191 47.2742419, 11.4252258 47.2742216, 11.4262068 47.2725565)"
5762,6.0,,,,93.47800000000001,,5,,3.0000000000000004,"LINESTRING (11.3736789 47.263811, 11.3739591 47.2638405, 11.3749014 47.2639468)"
5763,6.0,,,,8.612,,5,,5.0,"LINESTRING (11.3749015 47.2640014, 11.3747874 47.2640032)"
5764,2.0,,10.0,,6.071,9.0,10,,4.0,"LINESTRING (11.3749015 47.2640014, 11.3749014 47.2639468)"
5765,6.0,,,,8.612,,5,,5.0,"LINESTRING (11.3747874 47.2640032, 11.3749015 47.2640014)"
5766,6.0,,,,3.761,,5,,4.0,"LINESTRING (11.3747874 47.2640032, 11.3747377 47.2640058)"
5767,10.0,,,,92.72000000000001,,5,,6.000000000000001,"LINESTRING (11.3747874 47.2640032, 11.3748189 47.264313, 11.3748341 47.2643733, 11.3749539 47.2647279, 11.3749511 47.264756, 11.3749306 47.2647904, 11.3749098 47.2648203)"
5768,6.0,,,,27.677,,5,,4.0,"LINESTRING (11.3733302 47.2645351, 11.3733293 47.2642862)"
5769,6.0,,,,32.525,,5,,7.000000000000001,"LINESTRING (11.3733302 47.2645351, 11.3733311 47.2647497, 11.3733313 47.2648032, 11.3733314 47.2648276)"
5770,6.0,,,,97.42599999999999,,5,,4.0,"LINESTRING (11.3733302 47.2645351, 11.3730301 47.2644749, 11.3732135 47.263982, 11.3732696 47.2638313)"
5771,8.0,,10.0,7.0,52.963,9.0,5,,6.000000000000001,"LINESTRING (11.4264639 47.2666743, 11.4270197 47.2663834)"
5772,8.0,,10.0,7.0,112.56700000000001,9.0,5,,6.000000000000001,"LINESTRING (11.4264639 47.2666743, 11.4257554 47.267023, 11.4253934 47.2672012, 11.4252563 47.2672687)"
5773,6.0,,,,69.355,,5,,4.0,"LINESTRING (11.4264639 47.2666743, 11.426571 47.2667702, 11.4267025 47.2667229, 11.4268232 47.266681, 11.4268688 47.2666719, 11.4269734 47.2666701, 11.4270431 47.266692, 11.4271155 47.2667356, 11.4271954 47.2668066)"
5774,6.0,,,,69.355,,5,,4.0,"LINESTRING (11.4271954 47.2668066, 11.4271155 47.2667356, 11.4270431 47.266692, 11.4269734 47.2666701, 11.4268688 47.2666719, 11.4268232 47.266681, 11.4267025 47.2667229, 11.426571 47.2667702, 11.4264639 47.2666743)"
5775,6.0,,10.0,9.0,38.435,9.0,5,,5.0,"LINESTRING (11.4279764 47.2628548, 11.427964 47.2628404, 11.4279588 47.2628259, 11.4279575 47.2628047, 11.428009 47.262606, 11.4280331 47.2625164)"
5776,6.0,,10.0,9.0,73.72,9.0,10,,4.0,"LINESTRING (11.4279764 47.2628548, 11.4279892 47.2628633, 11.4280113 47.2628708, 11.4280375 47.2628747, 11.4280654 47.2628785, 11.4281335 47.2628878, 11.4281717 47.2628934, 11.4283564 47.262923, 11.4285724 47.2629537, 11.4288598 47.2629918, 11.4289259 47.263)"
5777,6.0,,,10.0,32.434,,5,,6.000000000000001,"LINESTRING (11.4109692 47.2637989, 11.4113687 47.2639065)"
5778,6.0,,,10.0,66.182,,5,,6.000000000000001,"LINESTRING (11.4109692 47.2637989, 11.4110631 47.2636496, 11.4114493 47.2637752, 11.4113687 47.2639065)"
5779,6.0,,,10.0,33.747,,5,,6.000000000000001,"LINESTRING (11.4109692 47.2637989, 11.4108655 47.263771, 11.4106953 47.2637268, 11.4105566 47.2636823)"
5780,6.0,,,10.0,32.434,,5,,6.000000000000001,"LINESTRING (11.4113687 47.2639065, 11.4109692 47.2637989)"
5781,6.0,,,10.0,66.182,,5,,6.000000000000001,"LINESTRING (11.4113687 47.2639065, 11.4114493 47.2637752, 11.4110631 47.2636496, 11.4109692 47.2637989)"
5782,6.0,,,10.0,44.067,,5,,5.0,"LINESTRING (11.4113687 47.2639065, 11.4114508 47.2639286, 11.4115535 47.2639561, 11.4119081 47.2640583)"
5783,8.0,,10.0,,37.779,,5,,5.0,"LINESTRING (11.4105566 47.2636823, 11.4107615 47.2633723)"
5784,8.0,,10.0,,58.272999999999996,,5,,7.000000000000001,"LINESTRING (11.4105566 47.2636823, 11.4102993 47.2640777, 11.4102729 47.264118, 11.4102424 47.264161)"
5785,6.0,,,10.0,33.747,,5,,6.000000000000001,"LINESTRING (11.4105566 47.2636823, 11.4106953 47.2637268, 11.4108655 47.263771, 11.4109692 47.2637989)"
5786,8.0,,10.0,9.0,128.18,,10,,4.0,"LINESTRING (11.4119081 47.2640583, 11.411953 47.2639993, 11.4126755 47.2630299)"
5787,6.0,,,10.0,44.067,,5,,5.0,"LINESTRING (11.4119081 47.2640583, 11.4115535 47.2639561, 11.4114508 47.2639286, 11.4113687 47.2639065)"
5788,6.0,,,,74.103,,5,,6.000000000000001,"LINESTRING (11.4006278 47.252059, 11.4006988 47.2519292, 11.4004299 47.2518614, 11.4003588 47.2519912, 11.4006278 47.252059)"
5789,6.0,,,,74.103,,5,,6.000000000000001,"LINESTRING (11.4006278 47.252059, 11.4003588 47.2519912, 11.4004299 47.2518614, 11.4006988 47.2519292, 11.4006278 47.252059)"
5790,6.0,,,,27.912999999999997,,5,,6.000000000000001,"LINESTRING (11.4006278 47.252059, 11.4005643 47.2521751, 11.4006629 47.2522226, 11.4007171 47.2522487)"
5791,8.0,,10.0,,22.183,,5,,6.000000000000001,"LINESTRING (11.4005316 47.2524393, 11.4003868 47.2526129)"
5792,8.0,,10.0,,25.455,,5,,6.000000000000001,"LINESTRING (11.4005316 47.2524393, 11.4006069 47.2523484, 11.4007171 47.2522487)"
5793,6.0,,,,76.983,,5,,4.0,"LINESTRING (11.4005316 47.2524393, 11.4004265 47.2524142, 11.4002452 47.252371, 11.4001187 47.2526151, 11.3998025 47.2525396)"
5794,6.0,,,,76.983,,5,,4.0,"LINESTRING (11.3998025 47.2525396, 11.4001187 47.2526151, 11.4002452 47.252371, 11.4004265 47.2524142, 11.4005316 47.2524393)"
5795,6.0,,,,52.126000000000005,,5,,4.0,"LINESTRING (11.4015909 47.2519181, 11.4011895 47.2519563, 11.4009117 47.2519122)"
5796,5.0,,,,94.166,,5,,4.0,"LINESTRING (11.4336615 47.2612002, 11.4339217 47.2610273, 11.4340479 47.2609629, 11.4341364 47.2607354, 11.4341711 47.260574, 11.4342363 47.2604909)"
5797,5.0,,6.0,,307.7490000000001,,5,,4.0,"LINESTRING (11.4321462 47.2598197, 11.4321355 47.2598304, 11.432109 47.2598785, 11.4319802 47.2599695, 11.431779 47.2600878, 11.4315517 47.2600753, 11.4314391 47.2600862, 11.4311306 47.2601991, 11.4307068 47.2604084, 11.4302455 47.2605941, 11.4297117 47.2607379, 11.4292906 47.2608853, 11.4291377 47.2609582, 11.4289098 47.2610409, 11.4287989 47.2610956, 11.4286806 47.2611559)"
5798,6.0,,,,12.11,,5,,6.000000000000001,"LINESTRING (11.4342363 47.2604909, 11.4341081 47.2604254)"
5799,6.0,,,,4.014,,5,,6.000000000000001,"LINESTRING (11.4342363 47.2604909, 11.4342788 47.2605126)"
5800,5.0,,,,94.166,,5,,4.0,"LINESTRING (11.4342363 47.2604909, 11.4341711 47.260574, 11.4341364 47.2607354, 11.4340479 47.2609629, 11.4339217 47.2610273, 11.4336615 47.2612002)"
5801,7.0,,10.0,,24.523,,5,,4.0,"LINESTRING (11.3948604 47.2659488, 11.3945445 47.265897)"
5802,7.0,,10.0,,5.364,,5,,4.0,"LINESTRING (11.3948604 47.2659488, 11.3948793 47.2659023)"
5803,7.0,,10.0,,83.179,,5,,7.000000000000001,"LINESTRING (11.3948604 47.2659488, 11.3957982 47.2661326, 11.3959243 47.2661289)"
5804,7.0,,10.0,,5.364,,5,,4.0,"LINESTRING (11.3948793 47.2659023, 11.3948604 47.2659488)"
5805,7.0,,7.0,,47.908,,5,,7.000000000000001,"LINESTRING (11.396548 47.2660483, 11.3959243 47.2661289)"
5806,7.0,,7.0,10.0,61.06400000000001,,5,,6.000000000000001,"LINESTRING (11.396548 47.2660483, 11.3968546 47.2660086, 11.3972265 47.2659548, 11.3973421 47.2659431)"
5807,7.0,,4.0,,64.102,,5,,6.000000000000001,"LINESTRING (11.396548 47.2660483, 11.3966815 47.2659462, 11.3972225 47.265869, 11.3973161 47.265856)"
5808,8.0,9.0,10.0,,5.024,,5,,6.000000000000001,"LINESTRING (11.3973161 47.265856, 11.3973212 47.2658733, 11.3973292 47.2659003)"
5809,8.0,9.0,10.0,,85.727,,5,,7.000000000000001,"LINESTRING (11.3973161 47.265856, 11.3972759 47.2657207, 11.3971341 47.2652435, 11.3970904 47.2651004)"
5810,7.0,,4.0,,64.102,,5,,6.000000000000001,"LINESTRING (11.3973161 47.265856, 11.3972225 47.265869, 11.3966815 47.2659462, 11.396548 47.2660483)"
5811,8.0,,10.0,,104.548,,5,,4.0,"LINESTRING (11.3976194 47.2668643, 11.3975994 47.2667978, 11.3973421 47.2659431)"
5812,8.0,,10.0,,12.081,,10,,3.0000000000000004,"LINESTRING (11.3976194 47.2668643, 11.3976282 47.2668936, 11.397648 47.2669563, 11.3976525 47.2669706)"
5813,8.0,9.0,10.0,9.0,38.425,,5,,6.000000000000001,"LINESTRING (11.3976525 47.2669706, 11.3981524 47.2669047)"
5814,8.0,9.0,10.0,9.0,37.604,,5,,6.000000000000001,"LINESTRING (11.3976525 47.2669706, 11.3975269 47.266988, 11.3971642 47.2670382)"
5815,6.0,,,,12.324,,5,,7.000000000000001,"LINESTRING (11.4025253 47.266103, 11.4024555 47.2662032)"
5816,6.0,,,,169.312,,5,,7.000000000000001,"LINESTRING (11.4025253 47.266103, 11.4025468 47.2660655, 11.4026319 47.2659134, 11.4027912 47.2657362, 11.4030451 47.2655263, 11.4032912 47.265375, 11.403367 47.2653308, 11.4034271 47.2652957, 11.403456 47.265278, 11.4037739 47.2650828, 11.4039925 47.2649876)"
5817,10.0,,,,11.299,,5,,7.000000000000001,"LINESTRING (11.4025253 47.266103, 11.4025439 47.2661077, 11.4026644 47.2661406)"
5818,10.0,,,,11.508,,5,,7.000000000000001,"LINESTRING (11.4025253 47.266103, 11.402506 47.2660974, 11.4023824 47.2660669)"
5819,6.0,,,,36.302,,10,,2.0,"LINESTRING (11.4033445 47.2652158, 11.4032537 47.2648952)"
5820,10.0,,10.0,,100.572,,10,,5.0,"LINESTRING (11.4033445 47.2652158, 11.4033862 47.2651947, 11.4035546 47.2651002, 11.4038657 47.2649109, 11.4041326 47.2647716, 11.4044003 47.2646686)"
5821,10.0,,,,16.331,,10,,6.000000000000001,"LINESTRING (11.4055733 47.2642817, 11.405785 47.2642512)"
5822,8.0,,10.0,,7.399,,5,,6.000000000000001,"LINESTRING (11.4055733 47.2642817, 11.405576 47.2643097, 11.4055797 47.2643481)"
5823,8.0,,10.0,,18.814999999999998,,5,,6.000000000000001,"LINESTRING (11.4055733 47.2642817, 11.4055652 47.2641971, 11.405556 47.2641129)"
5824,10.0,,,,27.319000000000003,,5,,6.000000000000001,"LINESTRING (11.405785 47.2642512, 11.4057704 47.2641083, 11.4056868 47.264023)"
5825,10.0,,,,6.141,,5,,7.000000000000001,"LINESTRING (11.405785 47.2642512, 11.4057871 47.2642716, 11.4057906 47.2643063)"
5826,10.0,,10.0,,85.266,,10,,5.0,"LINESTRING (11.405785 47.2642512, 11.4063964 47.2641891, 11.406619 47.2641473, 11.4067531 47.2641163, 11.4068765 47.2640727)"
5827,10.0,,,,7.308,,5,,6.000000000000001,"LINESTRING (11.4068765 47.2640727, 11.4069272 47.2641287)"
5828,10.0,,,,111.09700000000001,,10,,5.0,"LINESTRING (11.4068765 47.2640727, 11.4078475 47.2636267, 11.4079199 47.2635812, 11.4079682 47.2635266, 11.4080564 47.2634852)"
5829,10.0,,,,7.727,,10,,4.0,"LINESTRING (11.4017183 47.2664663, 11.4016737 47.2664703, 11.4016168 47.2664755)"
5830,8.0,,10.0,,76.848,10.0,10,,4.0,"LINESTRING (11.4017183 47.2664663, 11.4017487 47.2664943, 11.401771 47.2665229, 11.4017834 47.266556, 11.4018598 47.2667933, 11.4018752 47.2668638, 11.401927 47.2671372)"
5831,8.0,,10.0,,6.831,10.0,10,,3.0000000000000004,"LINESTRING (11.4016168 47.2664755, 11.4015282 47.2664629)"
5832,10.0,,,,31.044999999999998,,10,,4.0,"LINESTRING (11.4016168 47.2664755, 11.4014888 47.2664889, 11.4012077 47.2665034)"
5833,10.0,,,,9.915,,5,,6.000000000000001,"LINESTRING (11.4083069 47.2633973, 11.408397 47.2634622)"
5834,10.0,,,,30.351999999999997,,10,,5.0,"LINESTRING (11.4083069 47.2633973, 11.4085591 47.2632827, 11.4086384 47.2632428)"
5835,8.0,,,,111.611,,5,,6.000000000000001,"LINESTRING (11.409723 47.2619957, 11.4111382 47.2622874)"
5836,8.0,,,,68.964,,5,,6.000000000000001,"LINESTRING (11.409723 47.2619957, 11.4095226 47.2619576, 11.4088384 47.2618401)"
5837,5.0,,,,108.51200000000001,,5,,6.000000000000001,"LINESTRING (11.386419 47.2516822, 11.3865578 47.2516164, 11.3867245 47.2514567, 11.3869501 47.2512037, 11.3870238 47.2508376)"
5838,5.0,,,,223.285,,5,,5.0,"LINESTRING (11.386419 47.2516822, 11.3866373 47.2519779, 11.3870572 47.2521046, 11.3872613 47.2522154, 11.3875062 47.2522392, 11.387512 47.2523896, 11.3872613 47.2524212, 11.387512 47.2525914, 11.3875762 47.2526825, 11.3876578 47.2527142, 11.3877978 47.2526706, 11.3880493 47.2527457)"
5839,5.0,,,,58.91499999999999,,5,,2.0,"LINESTRING (11.3920957 47.2789717, 11.3921384 47.2790059, 11.3922008 47.2792328, 11.3922127 47.2793559, 11.3920591 47.279435)"
5840,5.0,,,,95.37400000000001,,5,1.0,3.0000000000000004,"LINESTRING (11.4249291 47.2526495, 11.4247648 47.2527859, 11.4244613 47.2529373, 11.424301 47.2530796, 11.4241099 47.2531633, 11.4240523 47.253247)"
5841,5.0,,,,97.262,,5,,4.0,"LINESTRING (11.4249291 47.2526495, 11.4245793 47.2526746, 11.424081 47.2526404, 11.4237909 47.2527089, 11.4236728 47.252744)"
5842,6.0,,,,70.551,,5,,3.0000000000000004,"LINESTRING (11.3770568 47.2536139, 11.3772771 47.2536051, 11.3776786 47.2536528, 11.3779825 47.2536797)"
5843,5.0,,,,58.693,,5,,3.0000000000000004,"LINESTRING (11.3770568 47.2536139, 11.3773009 47.2537048, 11.3775452 47.25378, 11.377761 47.2538359)"
5844,6.0,,,,70.55099999999999,,5,,3.0000000000000004,"LINESTRING (11.3779825 47.2536797, 11.3776786 47.2536528, 11.3772771 47.2536051, 11.3770568 47.2536139)"
5845,5.0,,,,58.693,,5,,3.0000000000000004,"LINESTRING (11.377761 47.2538359, 11.3775452 47.25378, 11.3773009 47.2537048, 11.3770568 47.2536139)"
5846,6.0,,,,78.412,,5,,6.000000000000001,"LINESTRING (11.3884674 47.2538422, 11.3883629 47.2545438)"
5847,6.0,,,,126.091,,5,,6.000000000000001,"LINESTRING (11.3884674 47.2538422, 11.3877988 47.2538252, 11.3877012 47.2545018)"
5848,5.0,,,,100.539,,5,,4.0,"LINESTRING (11.3884674 47.2538422, 11.3884767 47.253754, 11.3886838 47.2535996, 11.3878151 47.2534557)"
5849,8.0,,,,26.941,,5,,4.0,"LINESTRING (11.3877012 47.2545018, 11.3873458 47.2544792)"
5850,8.0,,,,50.158,,5,,6.000000000000001,"LINESTRING (11.3877012 47.2545018, 11.3883629 47.2545438)"
5851,6.0,,,,126.091,,5,,6.000000000000001,"LINESTRING (11.3877012 47.2545018, 11.3877988 47.2538252, 11.3884674 47.2538422)"
5852,6.0,,,,148.475,,5,,4.0,"LINESTRING (11.3746878 47.2601523, 11.3746173 47.2601903, 11.3745662 47.2602312, 11.3745118 47.2602846, 11.3744725 47.2603464, 11.3744483 47.2603995, 11.3740413 47.2613946)"
5853,6.0,,,,143.52599999999998,,5,,7.000000000000001,"LINESTRING (11.3746878 47.2601523, 11.3746502 47.2601127, 11.374632 47.26006, 11.3746232 47.259863, 11.3749846 47.2589854, 11.3750174 47.2589073)"
5854,8.0,,10.0,,68.61200000000001,,5,,5.0,"LINESTRING (11.3746878 47.2601523, 11.3748341 47.2602354, 11.3753909 47.2605435)"
5855,6.0,,,,12.475,,5,,7.000000000000001,"LINESTRING (11.375275 47.2649354, 11.3751107 47.2649229)"
5856,2.0,,10.0,,22.371,10.0,10,,5.0,"LINESTRING (11.375275 47.2649354, 11.3753438 47.2649227, 11.3754419 47.2649087, 11.3755665 47.2649025)"
5857,2.0,,10.0,,9.591,9.0,10,,6.000000000000001,"LINESTRING (11.375275 47.2649354, 11.3752711 47.2649481, 11.3752527 47.2649785, 11.3752175 47.2650111)"
5858,6.0,,,,228.43699999999998,,5,,10.0,"LINESTRING (11.375275 47.2649354, 11.3754116 47.2649538, 11.3755747 47.2649562, 11.3768527 47.2649612, 11.3772256 47.2649794, 11.3777974 47.2650412, 11.3780904 47.2650866, 11.3782784 47.2651177)"
5859,6.0,,,,63.815,,5,,6.000000000000001,"LINESTRING (11.3730511 47.2627026, 11.3722684 47.2624853)"
5860,6.0,,,,6.935,,5,,6.000000000000001,"LINESTRING (11.3730511 47.2627026, 11.3731364 47.2627258)"
5861,8.0,,10.0,,323.387,,5,,6.000000000000001,"LINESTRING (11.3730511 47.2627026, 11.3733361 47.2618926, 11.3741482 47.2598916)"
5862,6.0,,,,13.321,,5,,4.0,"LINESTRING (11.3761486 47.2640971, 11.376148 47.2642169)"
5863,6.0,,,,50.593999999999994,,5,,5.0,"LINESTRING (11.3927963 47.2609809, 11.3927159 47.2612227, 11.3926518 47.2614252)"
5864,6.0,,,,42.171,,5,,4.0,"LINESTRING (11.3927963 47.2609809, 11.3926419 47.2609518, 11.3926071 47.2609251, 11.3925947 47.2608784, 11.3925888 47.2607956, 11.3926078 47.2606919)"
5865,6.0,,,,30.186,,5,,4.0,"LINESTRING (11.3927963 47.2609809, 11.3929311 47.260999, 11.3929731 47.2609799, 11.3930263 47.2608406)"
5866,8.0,9.0,10.0,,19.767,,10,,4.0,"LINESTRING (11.3926518 47.2614252, 11.3929065 47.2614667)"
5867,6.0,,,,50.593999999999994,,5,,5.0,"LINESTRING (11.3926518 47.2614252, 11.3927159 47.2612227, 11.3927963 47.2609809)"
5868,6.0,,,,30.186,,5,,4.0,"LINESTRING (11.3930263 47.2608406, 11.3929731 47.2609799, 11.3929311 47.260999, 11.3927963 47.2609809)"
5869,6.0,,,,42.171,,5,,4.0,"LINESTRING (11.3926078 47.2606919, 11.3925888 47.2607956, 11.3925947 47.2608784, 11.3926071 47.2609251, 11.3926419 47.2609518, 11.3927963 47.2609809)"
5870,2.0,,10.0,7.0,8.617,5.0,5,,5.0,"LINESTRING (11.4032397 47.2788908, 11.4033244 47.2789428)"
5871,2.0,,10.0,7.0,41.075,,5,,6.000000000000001,"LINESTRING (11.4032397 47.2788908, 11.4031392 47.2788288, 11.4028375 47.2786418)"
5872,6.0,,,,55.620000000000005,,5,,4.0,"LINESTRING (11.4032397 47.2788908, 11.4031634 47.2789556, 11.4027793 47.2792815)"
5873,6.0,,,,55.620000000000005,,5,,4.0,"LINESTRING (11.4027793 47.2792815, 11.4031634 47.2789556, 11.4032397 47.2788908)"
5874,5.0,,,,446.1739999999999,,5,5.0,5.0,"LINESTRING (11.401845 47.2841462, 11.4018273 47.2840938, 11.4018143 47.2840413, 11.4018081 47.2839419, 11.4018103 47.2838614, 11.4018078 47.2837823, 11.4017842 47.2836354, 11.4017588 47.2834651, 11.4017332 47.2833808, 11.4017204 47.2833402, 11.4017182 47.2833178, 11.4017246 47.283298, 11.4017427 47.2832829, 11.4017766 47.2832742, 11.4018109 47.2832786, 11.4018394 47.2832933, 11.4018592 47.283326, 11.4018912 47.2834381, 11.4019445 47.2835543, 11.4020025 47.2836626, 11.402033 47.2837006, 11.4020576 47.283722, 11.4020845 47.2837346, 11.4021175 47.2837437, 11.4021585 47.2837466, 11.4022019 47.2837369, 11.4022556 47.2837177, 11.4023619 47.2836677, 11.402551 47.2835748, 11.4026187 47.2835583, 11.4026818 47.2835484, 11.4027449 47.2835419, 11.4028266 47.2835402, 11.4028992 47.2835491, 11.4029678 47.2835636, 11.4030254 47.2835803, 11.4030947 47.2836152, 11.4032279 47.2837177, 11.4033564 47.2838155, 11.4034907 47.2839034, 11.4036261 47.2839834, 11.4037716 47.2840581, 11.4038914 47.2841343, 11.4039422 47.2841768, 11.4040111 47.2842559, 11.404029 47.2842941, 11.4040336 47.2843354, 11.4040278 47.2843808, 11.4039939 47.2845009, 11.4039607 47.2846013, 11.4039405 47.2846516, 11.4039274 47.2846939, 11.4039246 47.2847312, 11.4039279 47.2847602, 11.4039451 47.2847891, 11.4039732 47.284827, 11.4039942 47.2848648, 11.4040007 47.2848923, 11.4039955 47.2849176, 11.4039782 47.2849573, 11.4039395 47.2850108, 11.4039236 47.285047, 11.4039182 47.2850796, 11.4039245 47.2851075, 11.4039441 47.2851508)"
5875,5.0,,5.0,,77.282,,5,,3.0000000000000004,"LINESTRING (11.401845 47.2841462, 11.4020207 47.2841638, 11.4023924 47.284254, 11.402612 47.2843381, 11.4027711 47.2844203)"
5876,2.0,,,7.0,8.665,9.0,10,,4.0,"LINESTRING (11.4197059 47.2606946, 11.4195971 47.2606697)"
5877,6.0,,,,12.885,,10,,4.0,"LINESTRING (11.4197059 47.2606946, 11.4198694 47.2606612)"
5878,6.0,,,,21.47,,10,,4.0,"LINESTRING (11.4037221 47.2650477, 11.4039925 47.2649876)"
5879,6.0,,10.0,7.0,46.019999999999996,10.0,10,,3.0000000000000004,"LINESTRING (11.4037221 47.2650477, 11.4039496 47.264902, 11.4042031 47.2647969)"
5880,6.0,,,,190.161,,5,,5.0,"LINESTRING (11.4244845 47.2583402, 11.4234085 47.2598866)"
5881,8.0,,10.0,9.0,44.031,,5,,6.000000000000001,"LINESTRING (11.4244845 47.2583402, 11.4239452 47.2581891)"
5882,8.0,,10.0,9.0,53.650999999999996,,5,,6.000000000000001,"LINESTRING (11.4244845 47.2583402, 11.424807 47.2584368, 11.4251349 47.258535)"
5883,8.0,,10.0,,79.126,,5,,5.0,"LINESTRING (11.4222288 47.2579093, 11.4217085 47.2585271)"
5884,8.0,,10.0,,13.755,,5,,6.000000000000001,"LINESTRING (11.4222288 47.2579093, 11.4223113 47.257799)"
5885,6.0,,,,31.178,,5,,6.000000000000001,"LINESTRING (11.4222288 47.2579093, 11.4225177 47.2579929, 11.4226088 47.2580193)"
5886,6.0,,,,36.505,,5,,4.0,"LINESTRING (11.3777416 47.255213, 11.3779197 47.255161, 11.3781996 47.25511)"
5887,6.0,,,,20.763,,5,,5.0,"LINESTRING (11.3787292 47.255019, 11.378669 47.2548368)"
5888,6.0,,,,41.231,,5,,6.000000000000001,"LINESTRING (11.3787292 47.255019, 11.3781996 47.25511)"
5889,6.0,,,,76.217,,5,,6.000000000000001,"LINESTRING (11.3787292 47.255019, 11.3787844 47.255197, 11.3788111 47.2552493, 11.3788439 47.2552926, 11.3788853 47.2553304, 11.3789383 47.2553685, 11.3790093 47.2554138, 11.3792578 47.2555758)"
5890,6.0,,,,3.887,,5,,5.0,"LINESTRING (11.3763449 47.2553947, 11.3763133 47.2554223)"
5891,6.0,,,,14.158,,5,,7.000000000000001,"LINESTRING (11.3761983 47.2555229, 11.3763133 47.2554223)"
5892,5.0,,10.0,,182.845,5.0,5,,5.0,"LINESTRING (11.3761983 47.2555229, 11.3761188 47.2554702, 11.3752968 47.2547158, 11.3751443 47.2545548, 11.375095 47.2544918, 11.3750637 47.2544215, 11.3750505 47.2543647, 11.375041 47.2542798, 11.3750376 47.254128)"
5893,5.0,,10.0,,77.438,,5,,6.000000000000001,"LINESTRING (11.3761983 47.2555229, 11.3763504 47.2556237, 11.3764052 47.25566, 11.3765188 47.2557382, 11.3765969 47.255794, 11.3768596 47.255985, 11.3769073 47.2560258)"
5894,6.0,,,,39.477,,5,,3.0000000000000004,"LINESTRING (11.4198562 47.2728631, 11.4200243 47.2725269)"
5895,7.0,,7.0,,56.688,,5,,6.000000000000001,"LINESTRING (11.3950451 47.2680042, 11.3950855 47.268224, 11.3951303 47.2685107)"
5896,7.0,,6.0,,28.475,,5,,4.0,"LINESTRING (11.3950451 47.2680042, 11.3948398 47.2680227, 11.3946704 47.2680344)"
5897,7.0,,7.0,,73.338,,5,,6.000000000000001,"LINESTRING (11.3950451 47.2680042, 11.3949821 47.2677093, 11.3948773 47.2673548)"
5898,8.0,9.0,10.0,9.0,66.417,9.0,5,,6.000000000000001,"LINESTRING (11.3948773 47.2673548, 11.3949444 47.2673456, 11.3952612 47.2673017, 11.3957398 47.2672355)"
5899,8.0,9.0,10.0,,20.814999999999998,9.0,5,,6.000000000000001,"LINESTRING (11.3948773 47.2673548, 11.3948227 47.2673622, 11.3947323 47.2673616, 11.3946537 47.2673404, 11.3946202 47.2673198)"
5900,7.0,,7.0,,73.338,,5,,6.000000000000001,"LINESTRING (11.3948773 47.2673548, 11.3949821 47.2677093, 11.3950451 47.2680042)"
5901,7.0,,7.0,,52.343,,5,,6.000000000000001,"LINESTRING (11.3937621 47.2666793, 11.3939254 47.2662218)"
5902,7.0,,7.0,,4.611,,5,,6.000000000000001,"LINESTRING (11.3937621 47.2666793, 11.3937477 47.2667196)"
5903,7.0,,4.0,,124.548,,5,,6.000000000000001,"LINESTRING (11.3937621 47.2666793, 11.3939526 47.2667337, 11.394491 47.266845, 11.3946921 47.2668723, 11.3947042 47.2668787, 11.3947136 47.2668896, 11.3947163 47.2669015, 11.3946626 47.2671845, 11.3946427 47.267247, 11.3946202 47.2673198)"
5904,8.0,9.0,10.0,,20.814999999999998,9.0,5,,6.000000000000001,"LINESTRING (11.3946202 47.2673198, 11.3946537 47.2673404, 11.3947323 47.2673616, 11.3948227 47.2673622, 11.3948773 47.2673548)"
5905,8.0,9.0,10.0,,81.82300000000002,9.0,5,,6.000000000000001,"LINESTRING (11.3946202 47.2673198, 11.3945565 47.2672808, 11.3944712 47.2672372, 11.3943554 47.267193, 11.393805 47.2670563, 11.3936873 47.2670317, 11.3936396 47.2670223)"
5906,7.0,,4.0,,124.548,,5,,6.000000000000001,"LINESTRING (11.3946202 47.2673198, 11.3946427 47.267247, 11.3946626 47.2671845, 11.3947163 47.2669015, 11.3947136 47.2668896, 11.3947042 47.2668787, 11.3946921 47.2668723, 11.394491 47.266845, 11.3939526 47.2667337, 11.3937621 47.2666793)"
5907,7.0,,4.0,,13.119,,5,,6.000000000000001,"LINESTRING (11.3922481 47.2678648, 11.3923887 47.2679342)"
5908,7.0,,4.0,,57.149,,5,,6.000000000000001,"LINESTRING (11.3922481 47.2678648, 11.3920972 47.2677888, 11.3917152 47.2675022)"
5909,7.0,,4.0,,93.255,,5,,6.000000000000001,"LINESTRING (11.3922481 47.2678648, 11.392572 47.2674384, 11.3929077 47.267161)"
5910,7.0,,,,9.151,,5,,2.0,"LINESTRING (11.3913198 47.267146, 11.3913153 47.267117, 11.3913609 47.2670738)"
5911,7.0,,,,3.821,,5,,5.0,"LINESTRING (11.3913494 47.2672717, 11.3913388 47.2673053)"
5912,7.0,,4.0,,7.143,,5,,3.0000000000000004,"LINESTRING (11.3924789 47.2685503, 11.3924821 47.2684861)"
5913,7.0,,4.0,,12.284,,5,,4.0,"LINESTRING (11.3922766 47.2685487, 11.3922707 47.2684383)"
5914,7.0,,4.0,,19.892,,5,10.0,7.000000000000001,"LINESTRING (11.3936422 47.2694099, 11.3936983 47.2695847)"
5915,7.0,,4.0,,18.288,,5,10.0,7.000000000000001,"LINESTRING (11.3936422 47.2694099, 11.3935906 47.2692492)"
5916,7.0,,4.0,,21.29,,5,,6.000000000000001,"LINESTRING (11.3936422 47.2694099, 11.3933684 47.2694562)"
5917,7.0,,4.0,,21.29,,5,,6.000000000000001,"LINESTRING (11.3933684 47.2694562, 11.3936422 47.2694099)"
5918,7.0,,4.0,,6.132999999999999,,5,,6.000000000000001,"LINESTRING (11.3933684 47.2694562, 11.393359 47.2694791, 11.3933355 47.2694914, 11.3933193 47.2694938)"
5919,7.0,,4.0,,6.547000000000001,,5,,6.000000000000001,"LINESTRING (11.3933684 47.2694562, 11.39335 47.269446, 11.3933283 47.2694375, 11.3932904 47.2694387)"
5920,7.0,,4.0,,13.758,,5,,6.000000000000001,"LINESTRING (11.3933193 47.2694938, 11.393366 47.2696134)"
5921,7.0,,4.0,,6.584,,5,,6.000000000000001,"LINESTRING (11.3933193 47.2694938, 11.3933102 47.2694865, 11.3932904 47.2694387)"
5922,7.0,,4.0,,6.132999999999999,,5,,6.000000000000001,"LINESTRING (11.3933193 47.2694938, 11.3933355 47.2694914, 11.393359 47.2694791, 11.3933684 47.2694562)"
5923,7.0,,4.0,,14.888,,5,,7.000000000000001,"LINESTRING (11.3932904 47.2694387, 11.3932403 47.2693092)"
5924,7.0,,4.0,,6.584,,5,,6.000000000000001,"LINESTRING (11.3932904 47.2694387, 11.3933102 47.2694865, 11.3933193 47.2694938)"
5925,7.0,,4.0,,6.547,,5,,6.000000000000001,"LINESTRING (11.3932904 47.2694387, 11.3933283 47.2694375, 11.39335 47.269446, 11.3933684 47.2694562)"
5926,6.0,,10.0,7.0,6.516,,10,,6.000000000000001,"LINESTRING (11.4026644 47.2661406, 11.4026312 47.2661947)"
5927,10.0,,,,18.555,,5,,6.000000000000001,"LINESTRING (11.4026644 47.2661406, 11.4028123 47.2661805, 11.4028651 47.2662272)"
5928,10.0,,,,11.299,,5,,7.000000000000001,"LINESTRING (11.4026644 47.2661406, 11.4025439 47.2661077, 11.4025253 47.266103)"
5929,10.0,,,,6.872,,5,,5.0,"LINESTRING (11.4023824 47.2660669, 11.4022951 47.2660493)"
5930,6.0,,10.0,,24.759999999999998,9.0,10,,5.0,"LINESTRING (11.4023824 47.2660669, 11.4024029 47.2660278, 11.4025236 47.2658662)"
5931,10.0,,,,11.508,,5,,7.000000000000001,"LINESTRING (11.4023824 47.2660669, 11.402506 47.2660974, 11.4025253 47.266103)"
5932,10.0,,,,6.872,,5,,6.000000000000001,"LINESTRING (11.4022951 47.2660493, 11.4023824 47.2660669)"
5933,10.0,,10.0,,27.847,,5,,7.000000000000001,"LINESTRING (11.4022951 47.2660493, 11.4023148 47.2660084, 11.4023302 47.2659565, 11.402418 47.265814)"
5934,6.0,,,,54.641,,5,,5.0,"LINESTRING (11.4195329 47.2607726, 11.4193214 47.2608505, 11.4191292 47.2609227, 11.4188902 47.2609984)"
5935,6.0,,,,15.674,,10,,4.0,"LINESTRING (11.4195329 47.2607726, 11.4195458 47.2607668, 11.4197059 47.2606946)"
5936,2.0,,,7.0,54.707,9.0,10,,2.0,"LINESTRING (11.4207088 47.2609024, 11.421107 47.2610248, 11.4213695 47.2611049)"
5937,6.0,,,,67.846,,10,,2.0,"LINESTRING (11.4207088 47.2609024, 11.4209938 47.2608445, 11.421321 47.2609428, 11.4213695 47.2611049)"
5938,2.0,,,7.0,198.747,9.0,10,,4.0,"LINESTRING (11.4213695 47.2611049, 11.4218689 47.2612574, 11.4229144 47.2615857, 11.4233377 47.2617246, 11.423748 47.2618715)"
5939,6.0,,,,44.823,,10,,5.0,"LINESTRING (11.4062655 47.2644055, 11.406452 47.2643448, 11.4067659 47.264191)"
5940,6.0,,,,20.518,,10,,3.0000000000000004,"LINESTRING (11.4062655 47.2644055, 11.4062956 47.2644036, 11.4064609 47.2643932, 11.4065091 47.26439, 11.4065356 47.2643943)"
5941,6.0,,,,35.937,,10,,3.0000000000000004,"LINESTRING (11.4062826 47.2644797, 11.4058101 47.2645202)"
5942,6.0,,,,55.873000000000005,,10,,5.0,"LINESTRING (11.4058101 47.2645202, 11.4056959 47.2645302, 11.4054611 47.2645507, 11.4050839 47.264614)"
5943,10.0,,,,7.48,,5,,5.0,"LINESTRING (11.4058101 47.2645202, 11.4058112 47.264536, 11.4058128 47.2645608, 11.4058146 47.2645874)"
5944,10.0,,,,8.681999999999999,,5,,6.000000000000001,"LINESTRING (11.4058101 47.2645202, 11.405809 47.2645031, 11.4058075 47.2644808, 11.4058062 47.2644613, 11.4058055 47.2644499, 11.405805 47.2644422)"
5945,6.0,,,,49.196,,5,,5.0,"LINESTRING (11.4050839 47.264614, 11.4048765 47.2646586, 11.4047142 47.2647082, 11.4044886 47.2647909)"
5946,6.0,,,,58.248999999999995,,10,,5.0,"LINESTRING (11.4050839 47.264614, 11.4055779 47.2644607, 11.405805 47.2644422)"
5947,6.0,,,,11.25,,10,,6.000000000000001,"LINESTRING (11.4044886 47.2647909, 11.4044778 47.2647789, 11.4044108 47.2647046)"
5948,6.0,,,,49.196,,5,,5.0,"LINESTRING (11.4044886 47.2647909, 11.4047142 47.2647082, 11.4048765 47.2646586, 11.4050839 47.264614)"
5949,6.0,,,,43.36,,5,,6.000000000000001,"LINESTRING (11.4044886 47.2647909, 11.4041776 47.2649113, 11.4039925 47.2649876)"
5950,10.0,,,,9.461,,10,,4.0,"LINESTRING (11.4046412 47.2647986, 11.4045311 47.2648393)"
5951,10.0,,,,8.485,,5,,5.0,"LINESTRING (11.4046412 47.2647986, 11.4046565 47.2648742)"
5952,5.0,,,,140.37299999999996,,5,,4.0,"LINESTRING (11.3956163 47.2472106, 11.3953712 47.2471793, 11.3945386 47.2470918, 11.3944319 47.2471143, 11.3942316 47.2470178, 11.3941102 47.2469262, 11.3941358 47.2468973, 11.3941053 47.2468508, 11.3940615 47.2467866)"
5953,6.0,,,,88.34200000000001,,5,,5.0,"LINESTRING (11.4283455 47.2736472, 11.4283239 47.2736733, 11.4282913 47.2737084, 11.4279531 47.2738265, 11.4275058 47.2739663, 11.4274039 47.2739244, 11.4273639 47.2738824)"
5954,6.0,,,,89.33700000000002,,5,,6.000000000000001,"LINESTRING (11.4283455 47.2736472, 11.4286311 47.2740393, 11.4285091 47.2741685, 11.4285031 47.2742654, 11.4285745 47.2743704)"
5955,6.0,,,,10.192,,5,,5.0,"LINESTRING (11.4283455 47.2736472, 11.4283191 47.273611, 11.4282803 47.273567)"
5956,6.0,,,,17.503,,5,,4.0,"LINESTRING (11.3883104 47.2636566, 11.3882751 47.2637968, 11.3882676 47.2638111)"
5957,8.0,,10.0,,9.209,,5,,6.000000000000001,"LINESTRING (11.3882676 47.2638111, 11.3883824 47.2638392)"
5958,6.0,,,,17.503,,5,,4.0,"LINESTRING (11.3882676 47.2638111, 11.3882751 47.2637968, 11.3883104 47.2636566)"
5959,8.0,,10.0,,77.70299999999999,,5,,5.0,"LINESTRING (11.3882676 47.2638111, 11.3874601 47.2636123, 11.3872996 47.2635728)"
5960,6.0,,,,27.188,,5,,4.0,"LINESTRING (11.4153042 47.2783807, 11.4153439 47.2784178, 11.4150692 47.2784866)"
5961,6.0,,,,2.288,,5,,3.0000000000000004,"LINESTRING (11.3883224 47.2620766, 11.3883153 47.2620966)"
5962,6.0,,,,45.532000000000004,,10,,4.0,"LINESTRING (11.3883224 47.2620766, 11.3878608 47.2620138, 11.387743 47.2619725)"
5963,6.0,,,,2.288,,5,,3.0000000000000004,"LINESTRING (11.3883153 47.2620966, 11.3883224 47.2620766)"
5964,8.0,,10.0,,107.485,,10,,3.0000000000000004,"LINESTRING (11.3891445 47.262145, 11.387743 47.2619725)"
5965,6.0,,,,63.446000000000005,,10,,3.0000000000000004,"LINESTRING (11.3891445 47.262145, 11.389024 47.2621697, 11.3883224 47.2620766)"
5966,6.0,,10.0,,51.661,,5,,6.000000000000001,"LINESTRING (11.4103142 47.2699229, 11.409734 47.2696762)"
5967,6.0,,10.0,,54.395,,5,,4.0,"LINESTRING (11.4103142 47.2699229, 11.4100722 47.2703837)"
5968,6.0,,10.0,,71.442,,5,,7.000000000000001,"LINESTRING (11.4103142 47.2699229, 11.4108492 47.2701503, 11.4111253 47.270254)"
5969,6.0,,10.0,,54.395,,5,,4.0,"LINESTRING (11.4100722 47.2703837, 11.4103142 47.2699229)"
5970,8.0,9.0,10.0,9.0,29.645000000000003,,10,,4.0,"LINESTRING (11.4070418 47.271764, 11.4071518 47.2717747, 11.4072909 47.2717783, 11.4074334 47.2717819)"
5971,6.0,,,,198.633,,5,,5.0,"LINESTRING (11.4070418 47.271764, 11.4070168 47.2718601, 11.4071836 47.2720214, 11.4071905 47.2720905, 11.4071242 47.2721882, 11.4073732 47.2723784, 11.4072686 47.2726486, 11.407396 47.2727242, 11.4077722 47.2726761, 11.4080736 47.2729094, 11.4081734 47.2729779)"
5972,8.0,,10.0,9.0,203.557,,5,7.0,6.000000000000001,"LINESTRING (11.371964 47.26645, 11.3720846 47.2664515, 11.3721428 47.2664554, 11.3721811 47.2664605, 11.3722389 47.266472, 11.3723022 47.266486, 11.3723668 47.2665017, 11.372426 47.266518, 11.3724865 47.2665366, 11.3725419 47.2665573, 11.3725955 47.2665803, 11.3726456 47.2666118, 11.3727593 47.26669, 11.372849 47.2667486, 11.3728874 47.266778, 11.3729232 47.2668067, 11.3729954 47.2668825, 11.3730615 47.2669595, 11.3731804 47.267116, 11.3732085 47.2672112, 11.3732146 47.2672587, 11.3732074 47.2673047, 11.3730854 47.2676081, 11.3730479 47.2678035)"
5973,8.0,,10.0,9.0,194.923,,5,7.0,4.0,"LINESTRING (11.371964 47.26645, 11.3717936 47.2664436, 11.3716995 47.2664402, 11.3716006 47.2664344, 11.3714802 47.266424, 11.3712747 47.2664025, 11.3710675 47.2663745, 11.3706581 47.2663115, 11.3706326 47.2663058, 11.370607 47.2662985, 11.3703441 47.266205, 11.3700262 47.266097, 11.3697964 47.2660494, 11.369734 47.2660383, 11.3696864 47.2660357, 11.3696319 47.2660367, 11.3694935 47.2660655)"
5974,5.0,,,,47.662,,5,,4.0,"LINESTRING (11.371964 47.26645, 11.37202 47.266532, 11.3719409 47.2665887, 11.3720266 47.2666334, 11.3720552 47.2666975, 11.3719914 47.266711, 11.371997 47.2667854)"
5975,5.0,,,,47.662000000000006,,5,,4.0,"LINESTRING (11.371997 47.2667854, 11.3719914 47.266711, 11.3720552 47.2666975, 11.3720266 47.2666334, 11.3719409 47.2665887, 11.37202 47.266532, 11.371964 47.26645)"
5976,6.0,,,,7.695,,5,,7.000000000000001,"LINESTRING (11.3733326 47.2648968, 11.3733314 47.2648276)"
5977,6.0,,,,12.667,10.0,10,,4.0,"LINESTRING (11.3733326 47.2648968, 11.3734328 47.2649882)"
5978,6.0,,,,127.979,,5,,6.000000000000001,"LINESTRING (11.3733326 47.2648968, 11.3747652 47.2648777, 11.3750236 47.2649115)"
5979,6.0,,10.0,,53.93899999999999,10.0,5,,6.000000000000001,"LINESTRING (11.3838588 47.266307, 11.383653 47.2662375, 11.383606 47.2662224, 11.3831887 47.2661441)"
5980,6.0,,10.0,,21.158,10.0,5,,6.000000000000001,"LINESTRING (11.3838588 47.266307, 11.3839146 47.2663277, 11.3840997 47.2664043)"
5981,6.0,,,,48.765,,5,,4.0,"LINESTRING (11.3791736 47.2653604, 11.3791263 47.2654531, 11.3790011 47.2655922, 11.3787486 47.2656384)"
5982,2.0,,10.0,,37.988,,5,,6.000000000000001,"LINESTRING (11.3791736 47.2653604, 11.3788816 47.2652655, 11.3787152 47.2652195)"
5983,2.0,,10.0,,35.978,5.0,5,,6.000000000000001,"LINESTRING (11.3791736 47.2653604, 11.3794031 47.265437, 11.3794953 47.2654667, 11.3796028 47.2655013)"
5984,2.0,,10.0,,41.737,,10,,4.0,"LINESTRING (11.384094 47.2657296, 11.3839371 47.2658379, 11.3837166 47.2660039)"
5985,6.0,,,,28.293,,5,,4.0,"LINESTRING (11.380994 47.2657737, 11.3808902 47.2660182)"
5986,2.0,,10.0,,47.326,,5,,6.000000000000001,"LINESTRING (11.380994 47.2657737, 11.3803914 47.2656557)"
5987,2.0,,10.0,,158.19,,5,,5.0,"LINESTRING (11.380994 47.2657737, 11.3820585 47.2659507, 11.3824114 47.2660084, 11.3825616 47.2660338, 11.3830288 47.266116)"
5988,6.0,,,,57.477000000000004,,5,,4.0,"LINESTRING (11.3762053 47.2576449, 11.3765406 47.2579517, 11.3766388 47.258069)"
5989,6.0,,10.0,,5.25,,5,,6.000000000000001,"LINESTRING (11.374519 47.2588153, 11.374586 47.258828)"
5990,6.0,,,,113.927,,10,,4.0,"LINESTRING (11.374519 47.2588153, 11.3735676 47.2596108)"
5991,6.0,,10.0,,144.074,,5,,6.000000000000001,"LINESTRING (11.374519 47.2588153, 11.3728964 47.2585079, 11.3726826 47.2584615)"
5992,6.0,,,,111.99,,5,,7.000000000000001,"LINESTRING (11.3735676 47.2596108, 11.3723029 47.2590839)"
5993,6.0,,,,53.82300000000001,,5,,6.000000000000001,"LINESTRING (11.3735676 47.2596108, 11.373761 47.2596967, 11.3741482 47.2598916)"
5994,6.0,,,,48.793,,5,,3.0000000000000004,"LINESTRING (11.4044755 47.2670546, 11.4040618 47.2670525, 11.4039566 47.2670928, 11.4038592 47.2671305)"
5995,6.0,,,,152.816,,5,,4.0,"LINESTRING (11.4043729 47.2671573, 11.4055099 47.2682946)"
5996,6.0,,,,42.504000000000005,,10,,1.0,"LINESTRING (11.4334835 47.2635245, 11.433659 47.2635695, 11.4340173 47.2636461)"
5997,6.0,,,,11.927,,10,,3.0000000000000004,"LINESTRING (11.4334835 47.2635245, 11.4335159 47.263523, 11.4336026 47.2635168, 11.4336406 47.2635131)"
5998,6.0,,,,44.287,,5,,4.0,"LINESTRING (11.3810097 47.2593037, 11.3805327 47.2595357)"
5999,5.0,,10.0,,67.454,5.0,5,,7.000000000000001,"LINESTRING (11.3810097 47.2593037, 11.3815623 47.2597805)"
6000,5.0,,10.0,,75.32300000000001,3.0,5,,7.000000000000001,"LINESTRING (11.3810097 47.2593037, 11.3808745 47.2591819, 11.3805085 47.2588663, 11.3803987 47.2587681)"
6001,6.0,,,,44.287,,5,,4.0,"LINESTRING (11.3805327 47.2595357, 11.3810097 47.2593037)"
6002,6.0,,,,19.168,,5,,5.0,"LINESTRING (11.3813641 47.2598883, 11.3815623 47.2597805)"
6003,8.0,,10.0,9.0,9.416,10.0,10,,4.0,"LINESTRING (11.3845909 47.2619912, 11.3846177 47.2620739)"
6004,6.0,,,,87.972,,5,,3.0000000000000004,"LINESTRING (11.3845909 47.2619912, 11.3849435 47.2620367, 11.3856405 47.2621265, 11.3857362 47.2621388)"
6005,8.0,,10.0,9.0,3.518,10.0,10,,4.0,"LINESTRING (11.3846177 47.2620739, 11.3846277 47.2621048)"
6006,6.0,,,,43.628,,5,,3.0000000000000004,"LINESTRING (11.3846177 47.2620739, 11.3851857 47.2621471)"
6007,6.0,,,,87.97200000000001,,5,,3.0000000000000004,"LINESTRING (11.3857362 47.2621388, 11.3856405 47.2621265, 11.3849435 47.2620367, 11.3845909 47.2619912)"
6008,6.0,,,,43.628,,5,,3.0000000000000004,"LINESTRING (11.3851857 47.2621471, 11.3846177 47.2620739)"
6009,6.0,,10.0,,47.745,,10,,2.0,"LINESTRING (11.384885 47.2633752, 11.3843935 47.2636456)"
6010,6.0,,,,3.432,,10,,1.0,"LINESTRING (11.384885 47.2633752, 11.3849136 47.2633992)"
6011,6.0,,,,3.879,,10,,1.0,"LINESTRING (11.3844255 47.2636729, 11.3843935 47.2636456)"
6012,5.0,,9.0,,195.044,,5,,4.0,"LINESTRING (11.3972497 47.2701529, 11.3983955 47.2701585, 11.3984174 47.2701757, 11.3996473 47.2701611, 11.399811 47.2701179)"
6013,6.0,,,,28.994,,5,,4.0,"LINESTRING (11.3953941 47.2585815, 11.3953537 47.2585749, 11.3950205 47.2585207)"
6014,7.0,,7.0,,4.611,,5,,6.000000000000001,"LINESTRING (11.3937477 47.2667196, 11.3937621 47.2666793)"
6015,7.0,,4.0,,14.161,,5,,4.0,"LINESTRING (11.3937477 47.2667196, 11.3935679 47.2666831)"
6016,7.0,,7.0,,34.632999999999996,,5,,6.000000000000001,"LINESTRING (11.3937477 47.2667196, 11.393667 47.2669456, 11.3936396 47.2670223)"
6017,7.0,,4.0,,14.161,,5,,4.0,"LINESTRING (11.3935679 47.2666831, 11.3937477 47.2667196)"
6018,2.0,,10.0,5.0,323.903,9.0,5,,6.000000000000001,"LINESTRING (11.3934961 47.2510602, 11.3928675 47.2514318, 11.3925348 47.2516173, 11.3923718 47.2516927, 11.3922024 47.2517533, 11.3920258 47.2518029, 11.3919296 47.2518241, 11.3918309 47.2518418, 11.3917209 47.2518572, 11.3915129 47.2518781, 11.3912321 47.2518959, 11.3910446 47.2519084, 11.390852 47.2519289, 11.3907139 47.251957, 11.3905782 47.2519924, 11.390444 47.2520414, 11.3903185 47.2520982, 11.3899962 47.2522773, 11.3898732 47.2523393, 11.3897873 47.2523648)"
6019,2.0,,10.0,,161.07099999999997,9.0,5,,6.000000000000001,"LINESTRING (11.3934961 47.2510602, 11.3937903 47.250867, 11.3941048 47.2506922, 11.394337 47.2506044, 11.3945478 47.25055, 11.394708 47.2505271, 11.3948224 47.2505151, 11.3949502 47.250512, 11.3951155 47.2505174, 11.3953661 47.2505456)"
6020,6.0,,,,187.74,,5,,4.0,"LINESTRING (11.3934961 47.2510602, 11.3933113 47.2508841, 11.3933195 47.250709, 11.393356 47.2505894, 11.3933583 47.2504949, 11.3933616 47.2503986, 11.393294 47.2503375, 11.393164 47.2502643, 11.3930502 47.2502526, 11.3929717 47.2502539, 11.3927694 47.2503143, 11.3925333 47.2506152, 11.3924621 47.2507788)"
6021,5.0,10.0,10.0,,22.519,,5,,6.000000000000001,"LINESTRING (11.4289693 47.2735323, 11.4287263 47.2736499)"
6022,5.0,,10.0,7.0,224.09,5.0,5,,4.0,"LINESTRING (11.4289693 47.2735323, 11.4290428 47.2735923, 11.4295627 47.2739818, 11.4306785 47.2748503, 11.4309325 47.2750445)"
6023,5.0,10.0,10.0,,15.673,,5,,6.000000000000001,"LINESTRING (11.4289693 47.2735323, 11.4290933 47.2734728, 11.4291389 47.2734509)"
6024,6.0,,,,50.775999999999996,,5,,5.0,"LINESTRING (11.3961557 47.2645011, 11.3961035 47.2647403, 11.3960707 47.26489, 11.3960377 47.2649494)"
6025,6.0,,,,974.007,,5,,2.0,"LINESTRING (11.404902 47.2479663, 11.4081347 47.2465787, 11.4079271 47.2467837, 11.4034057 47.2518393)"
6026,6.0,,,,974.0070000000001,,5,,2.0,"LINESTRING (11.4034057 47.2518393, 11.4079271 47.2467837, 11.4081347 47.2465787, 11.404902 47.2479663)"
6027,5.0,,,,16.44,,5,,3.0000000000000004,"LINESTRING (11.4041229 47.2482033, 11.4040659 47.248346)"
6028,5.0,,,,202.33999999999995,,5,,5.0,"LINESTRING (11.4041229 47.2482033, 11.4040775 47.2481651, 11.404044 47.2481485, 11.4040066 47.2481401, 11.4039875 47.2481392, 11.4039684 47.248144, 11.4039528 47.2481501, 11.4039119 47.2481481, 11.4039035 47.2481439, 11.4039081 47.2480699, 11.4039056 47.2480639, 11.4038993 47.2480614, 11.4038921 47.2480622, 11.4038424 47.2480881, 11.4038091 47.2480421, 11.4037795 47.2480145, 11.4037534 47.2479971, 11.4035505 47.2478954, 11.4035268 47.247893, 11.4035124 47.2478985, 11.4035018 47.247905, 11.4034922 47.247911, 11.4034719 47.2479294, 11.4034548 47.2479509, 11.403443 47.2479723, 11.403436 47.2479995, 11.4034377 47.2480285, 11.4034458 47.2480592, 11.4034554 47.2480727, 11.4034964 47.2481117, 11.4035111 47.2481302, 11.4035166 47.2481575, 11.4035476 47.2481962, 11.4035555 47.2482405, 11.4035563 47.2482641, 11.4035525 47.2482872, 11.4035465 47.2483022, 11.4035373 47.2483209, 11.4035163 47.2483607, 11.4034803 47.2484054, 11.4033801 47.2484639, 11.4032845 47.2485052, 11.4031697 47.2485365, 11.4031357 47.2485411, 11.4030579 47.2485515, 11.4030054 47.2485626, 11.4027579 47.248615, 11.4027163 47.2486183, 11.4026863 47.2486233, 11.4026576 47.2486323, 11.402612 47.2486503)"
6029,5.0,,,,89.72200000000001,,5,,4.0,"LINESTRING (11.402612 47.2486503, 11.4025778 47.2486685, 11.402551 47.2486877, 11.4024805 47.2487705, 11.4024361 47.2488317, 11.4024341 47.2488446, 11.4024879 47.2489233, 11.4023458 47.2489815, 11.4022302 47.2490681, 11.4018866 47.249178)"
6030,5.0,,,,202.34000000000006,,5,,5.0,"LINESTRING (11.402612 47.2486503, 11.4026576 47.2486323, 11.4026863 47.2486233, 11.4027163 47.2486183, 11.4027579 47.248615, 11.4030054 47.2485626, 11.4030579 47.2485515, 11.4031357 47.2485411, 11.4031697 47.2485365, 11.4032845 47.2485052, 11.4033801 47.2484639, 11.4034803 47.2484054, 11.4035163 47.2483607, 11.4035373 47.2483209, 11.4035465 47.2483022, 11.4035525 47.2482872, 11.4035563 47.2482641, 11.4035555 47.2482405, 11.4035476 47.2481962, 11.4035166 47.2481575, 11.4035111 47.2481302, 11.4034964 47.2481117, 11.4034554 47.2480727, 11.4034458 47.2480592, 11.4034377 47.2480285, 11.403436 47.2479995, 11.403443 47.2479723, 11.4034548 47.2479509, 11.4034719 47.2479294, 11.4034922 47.247911, 11.4035018 47.247905, 11.4035124 47.2478985, 11.4035268 47.247893, 11.4035505 47.2478954, 11.4037534 47.2479971, 11.4037795 47.2480145, 11.4038091 47.2480421, 11.4038424 47.2480881, 11.4038921 47.2480622, 11.4038993 47.2480614, 11.4039056 47.2480639, 11.4039081 47.2480699, 11.4039035 47.2481439, 11.4039119 47.2481481, 11.4039528 47.2481501, 11.4039684 47.248144, 11.4039875 47.2481392, 11.4040066 47.2481401, 11.404044 47.2481485, 11.4040775 47.2481651, 11.4041229 47.2482033)"
6031,5.0,,,,89.52999999999999,,5,,4.0,"LINESTRING (11.402612 47.2486503, 11.4025129 47.2485425, 11.4025585 47.2484469, 11.4023479 47.2485051, 11.4024043 47.2485871, 11.4020992 47.2487241, 11.4019799 47.248748)"
6032,10.0,,,,12.435,,5,,7.000000000000001,"LINESTRING (11.3915138 47.2683698, 11.3914081 47.268284)"
6033,10.0,,10.0,,202.839,,5,,6.000000000000001,"LINESTRING (11.3915138 47.2683698, 11.3915792 47.2684405, 11.392944 47.2699144)"
6034,10.0,,10.0,,98.26799999999999,,5,,6.000000000000001,"LINESTRING (11.3915138 47.2683698, 11.3914413 47.2683713, 11.3913665 47.2683919, 11.3906865 47.2688924, 11.3906358 47.2689297, 11.3905876 47.2689652)"
6035,10.0,,,,11.52,,5,,7.000000000000001,"LINESTRING (11.3913102 47.2682045, 11.3914081 47.268284)"
6036,10.0,,,,67.844,,5,,6.000000000000001,"LINESTRING (11.3913102 47.2682045, 11.3910205 47.2681189, 11.3907493 47.267954, 11.3906035 47.2679331, 11.3905463 47.2679057)"
6037,10.0,,7.0,,97.197,,5,,5.0,"LINESTRING (11.3913102 47.2682045, 11.3912816 47.2682481, 11.3912329 47.2683083, 11.3905658 47.2688175, 11.3905377 47.2688389, 11.390491 47.2688746)"
6038,10.0,,,,29.5,,5,,4.0,"LINESTRING (11.4088629 47.2636748, 11.4089205 47.2634124)"
6039,10.0,,,,7.606,,10,,5.0,"LINESTRING (11.4088629 47.2636748, 11.4088213 47.2637371)"
6040,10.0,,,,42.899,,5,,6.000000000000001,"LINESTRING (11.4088629 47.2636748, 11.4084947 47.2635366, 11.4084732 47.2635129, 11.408397 47.2634622)"
6041,8.0,,,,54.949,,5,,7.000000000000001,"LINESTRING (11.4081011 47.2646876, 11.4074318 47.2644929)"
6042,8.0,,,,121.189,,5,,7.000000000000001,"LINESTRING (11.4081011 47.2646876, 11.4080894 47.2647021, 11.4076629 47.265232, 11.4073893 47.2656633)"
6043,8.0,9.0,,,118.586,,10,,6.000000000000001,"LINESTRING (11.4081011 47.2646876, 11.40811 47.2646746, 11.4087654 47.2637211)"
6044,8.0,,,,126.772,,5,,8.0,"LINESTRING (11.4081011 47.2646876, 11.4082164 47.2647191, 11.4096438 47.265139)"
6045,8.0,9.0,10.0,,4.578,,5,,5.0,"LINESTRING (11.4088213 47.2637371, 11.4087654 47.2637211)"
6046,8.0,9.0,10.0,,117.138,,5,,7.000000000000001,"LINESTRING (11.4088213 47.2637371, 11.4094936 47.2639369, 11.4100792 47.2641121, 11.4102424 47.264161)"
6047,10.0,,,,120.46700000000001,,10,,7.000000000000001,"LINESTRING (11.4088213 47.2637371, 11.4087602 47.2638286, 11.4082207 47.2646366, 11.4081232 47.2646782, 11.4081011 47.2646876)"
6048,8.0,,10.0,9.0,11.12,,5,,6.000000000000001,"LINESTRING (11.4278467 47.259366, 11.427709 47.2593304)"
6049,8.0,,10.0,9.0,17.442,,5,,6.000000000000001,"LINESTRING (11.4278467 47.259366, 11.4280627 47.2594218)"
6050,6.0,,,,56.253,,5,,4.0,"LINESTRING (11.4278467 47.259366, 11.427804 47.2594843, 11.427812 47.2595124, 11.4278293 47.2595356, 11.427855 47.2595521, 11.4279008 47.259576, 11.4279388 47.2595874, 11.4279665 47.2596032, 11.4279822 47.2596296, 11.4279753 47.2596482, 11.4278872 47.2598029)"
6051,6.0,,,,56.253,,5,,4.0,"LINESTRING (11.4278872 47.2598029, 11.4279753 47.2596482, 11.4279822 47.2596296, 11.4279665 47.2596032, 11.4279388 47.2595874, 11.4279008 47.259576, 11.427855 47.2595521, 11.4278293 47.2595356, 11.427812 47.2595124, 11.427804 47.2594843, 11.4278467 47.259366)"
6052,8.0,,10.0,9.0,19.435,,5,,6.000000000000001,"LINESTRING (11.4284494 47.2595121, 11.4282059 47.2594552)"
6053,8.0,,10.0,9.0,13.399,,5,,6.000000000000001,"LINESTRING (11.4284494 47.2595121, 11.4286173 47.2595513)"
6054,6.0,,,,32.751999999999995,,5,,4.0,"LINESTRING (11.4284494 47.2595121, 11.4283385 47.2597173, 11.4284174 47.2597712)"
6055,6.0,,,,32.751999999999995,,5,,4.0,"LINESTRING (11.4284174 47.2597712, 11.4283385 47.2597173, 11.4284494 47.2595121)"
6056,5.0,,10.0,7.0,2.546,5.0,10,,3.0000000000000004,"LINESTRING (11.4321036 47.2754271, 11.4321371 47.2754299)"
6057,6.0,,10.0,,61.897,,10,,3.0000000000000004,"LINESTRING (11.4321036 47.2754271, 11.432265 47.2754112, 11.4325681 47.2754059, 11.4326765 47.2753147, 11.4327989 47.2752238)"
6058,5.0,,10.0,7.0,16.318,5.0,10,,3.0000000000000004,"LINESTRING (11.4321371 47.2754299, 11.4323497 47.2754569)"
6059,5.0,,10.0,,39.422,10.0,10,,2.0,"LINESTRING (11.4321371 47.2754299, 11.4323459 47.2755149, 11.4324034 47.2755669, 11.4323675 47.2756173, 11.4322869 47.2756583)"
6060,6.0,,,,87.81400000000001,,5,,4.0,"LINESTRING (11.4016908 47.2788367, 11.4015002 47.2787365, 11.40147 47.27871, 11.4016889 47.2785207, 11.4017692 47.278499, 11.4020455 47.2782733)"
6061,6.0,,,,10.225000000000001,,10,,2.0,"LINESTRING (11.4065356 47.2643943, 11.4065234 47.2644049, 11.406519 47.2644087, 11.4064708 47.2644513, 11.406453 47.2644672)"
6062,6.0,,,,27.614000000000004,,10,,2.0,"LINESTRING (11.4065356 47.2643943, 11.4065427 47.2643954, 11.4066747 47.2644169, 11.4067597 47.2644307, 11.4068915 47.2644521)"
6063,6.0,,,,19.599,,5,,6.000000000000001,"LINESTRING (11.4030813 47.2572484, 11.4030751 47.2570963, 11.4030752 47.2570722)"
6064,6.0,,,,8.096,,5,,6.000000000000001,"LINESTRING (11.4030813 47.2572484, 11.4030818 47.2573045, 11.4030824 47.2573212)"
6065,6.0,,,,75.032,,5,,7.000000000000001,"LINESTRING (11.4030813 47.2572484, 11.403347 47.2572668, 11.4038544 47.2573106, 11.4040644 47.2573439)"
6066,10.0,,,,32.849,,5,,5.0,"LINESTRING (11.3842277 47.2654785, 11.3838999 47.2652841)"
6067,10.0,,10.0,,82.984,,10,,4.0,"LINESTRING (11.3842277 47.2654785, 11.3842486 47.2654642, 11.3849717 47.2649681, 11.3850012 47.264948)"
6068,10.0,,,,44.44,,5,,5.0,"LINESTRING (11.3843605 47.2655716, 11.3847891 47.2658457)"
6069,10.0,,10.0,,26.89,,10,,3.0000000000000004,"LINESTRING (11.3843605 47.2655716, 11.3842473 47.2656576, 11.384094 47.2657296)"
6070,8.0,,10.0,9.0,72.029,5.0,5,,5.0,"LINESTRING (11.4303204 47.2615897, 11.4303486 47.2616242, 11.4303771 47.2616542, 11.4304045 47.2616813, 11.430443 47.261718, 11.4304797 47.2617503, 11.430532 47.2617898, 11.4305797 47.2618254, 11.4306182 47.2618532, 11.4306568 47.261875, 11.4306954 47.2618927, 11.4308495 47.2619583, 11.4310085 47.2620222)"
6071,8.0,,10.0,9.0,12.584999999999999,,10,,4.0,"LINESTRING (11.4303204 47.2615897, 11.4302835 47.2616028, 11.4302424 47.2616076, 11.4302011 47.2616034, 11.4301638 47.2615908)"
6072,6.0,,,9.0,12.6,9.0,5,,3.0000000000000004,"LINESTRING (11.4301638 47.2615908, 11.430125 47.2616245, 11.4300971 47.2616469, 11.4300553 47.2616768)"
6073,8.0,,10.0,9.0,13.112,,10,,4.0,"LINESTRING (11.4301638 47.2615908, 11.4301384 47.2615747, 11.43012 47.2615547, 11.4301099 47.2615322, 11.4301087 47.2615086, 11.4301166 47.2614856)"
6074,8.0,,10.0,9.0,21.528,9.0,5,,5.0,"LINESTRING (11.4301166 47.2614856, 11.4300611 47.2614686, 11.4299152 47.26143, 11.4298525 47.2614125)"
6075,8.0,,10.0,9.0,14.072999999999999,,10,,4.0,"LINESTRING (11.4301166 47.2614856, 11.4301344 47.2614634, 11.4301607 47.2614454, 11.4301933 47.2614331, 11.4302297 47.2614275, 11.4302669 47.2614289)"
6076,8.0,,10.0,9.0,75.948,,5,,6.000000000000001,"LINESTRING (11.4318595 47.262386, 11.4316787 47.2623126, 11.4315857 47.262278, 11.4313317 47.2621612, 11.4311948 47.2620982, 11.4311682 47.2620863, 11.4311161 47.2620632, 11.4310085 47.2620222)"
6077,8.0,,10.0,9.0,48.781000000000006,,5,,6.000000000000001,"LINESTRING (11.4318595 47.262386, 11.4320821 47.2624752, 11.4322492 47.2625431, 11.4323032 47.2625559, 11.432377 47.2625677, 11.4324368 47.262572)"
6078,6.0,,,,37.150999999999996,,5,,5.0,"LINESTRING (11.4318595 47.262386, 11.4319125 47.2623205, 11.431937 47.2622935, 11.4319645 47.2622632, 11.4319898 47.2622415, 11.4320091 47.262231, 11.4320319 47.2622236, 11.4320597 47.2622136, 11.4320812 47.2622045, 11.4320943 47.2621963, 11.4321022 47.2621867, 11.4321073 47.2621744, 11.4321043 47.2621641, 11.4320727 47.2621239)"
6079,5.0,,,,100.53900000000002,,5,,4.0,"LINESTRING (11.3878151 47.2534557, 11.3886838 47.2535996, 11.3884767 47.253754, 11.3884674 47.2538422)"
6080,8.0,,,,50.158,,5,,6.000000000000001,"LINESTRING (11.3883629 47.2545438, 11.3877012 47.2545018)"
6081,8.0,,,,63.916,,5,,6.000000000000001,"LINESTRING (11.3883629 47.2545438, 11.3892061 47.2545973)"
6082,6.0,,,,78.412,,5,,6.000000000000001,"LINESTRING (11.3883629 47.2545438, 11.3884674 47.2538422)"
6083,7.0,,,,9.942,,5,,4.0,"LINESTRING (11.4292476 47.2621591, 11.4292453 47.2622485)"
6084,7.0,,,,23.083,,5,,4.0,"LINESTRING (11.4292476 47.2621591, 11.429553 47.2621709)"
6085,7.0,,,,18.855,,5,,5.0,"LINESTRING (11.4292476 47.2621591, 11.4290591 47.2620478)"
6086,6.0,,,,24.933,,5,,6.000000000000001,"LINESTRING (11.4001154 47.2630382, 11.4001499 47.2632612)"
6087,6.0,,,,23.997,,5,,5.0,"LINESTRING (11.4001154 47.2630382, 11.400098 47.262926, 11.4000698 47.2628248)"
6088,6.0,,,,18.133000000000003,,5,,7.000000000000001,"LINESTRING (11.4001154 47.2630382, 11.4000615 47.2631199, 11.4000063 47.2631832)"
6089,6.0,,,,22.066,,5,,8.0,"LINESTRING (11.4000063 47.2631832, 11.3999347 47.2631618, 11.3997265 47.2631277)"
6090,6.0,,,,14.233,,5,,7.000000000000001,"LINESTRING (11.4000063 47.2631832, 11.4000608 47.2631995, 11.4000947 47.2632135, 11.4001499 47.2632612)"
6091,6.0,,,,18.133000000000003,,5,,7.000000000000001,"LINESTRING (11.4000063 47.2631832, 11.4000615 47.2631199, 11.4001154 47.2630382)"
6092,6.0,,,,133.728,,5,,7.000000000000001,"LINESTRING (11.4000063 47.2631832, 11.3999969 47.263236, 11.4000094 47.2633204, 11.4000703 47.2635318, 11.4000871 47.2635902, 11.400124 47.2637186, 11.4003101 47.2643653)"
6093,6.0,,,,24.933,,5,,6.000000000000001,"LINESTRING (11.4001499 47.2632612, 11.4001154 47.2630382)"
6094,6.0,,,,101.554,,5,,6.000000000000001,"LINESTRING (11.4001499 47.2632612, 11.4002235 47.2635087, 11.4002417 47.26357, 11.4002914 47.2637372, 11.4003494 47.2639321, 11.4004084 47.2641306, 11.4004113 47.2641569)"
6095,6.0,,,,14.233,,5,,7.000000000000001,"LINESTRING (11.4001499 47.2632612, 11.4000947 47.2632135, 11.4000608 47.2631995, 11.4000063 47.2631832)"
6096,6.0,,,,29.822000000000003,,10,,4.0,"LINESTRING (11.4004113 47.2641569, 11.4004365 47.2642169, 11.4004774 47.2643626, 11.4004931 47.2644191)"
6097,6.0,,,,101.554,,5,,5.0,"LINESTRING (11.4004113 47.2641569, 11.4004084 47.2641306, 11.4003494 47.2639321, 11.4002914 47.2637372, 11.4002417 47.26357, 11.4002235 47.2635087, 11.4001499 47.2632612)"
6098,6.0,,,,24.593000000000004,,5,,5.0,"LINESTRING (11.4004113 47.2641569, 11.4004063 47.2641903, 11.4003958 47.2642194, 11.4003545 47.2643077, 11.4003101 47.2643653)"
6099,6.0,,,,133.72799999999998,,5,,7.000000000000001,"LINESTRING (11.4003101 47.2643653, 11.400124 47.2637186, 11.4000871 47.2635902, 11.4000703 47.2635318, 11.4000094 47.2633204, 11.3999969 47.263236, 11.4000063 47.2631832)"
6100,6.0,,,,29.445,,5,,6.000000000000001,"LINESTRING (11.4003101 47.2643653, 11.4003157 47.2643847, 11.4003849 47.2646252)"
6101,6.0,,,,24.593,,5,,6.000000000000001,"LINESTRING (11.4003101 47.2643653, 11.4003545 47.2643077, 11.4003958 47.2642194, 11.4004063 47.2641903, 11.4004113 47.2641569)"
6102,6.0,,,,8.308,,5,,6.000000000000001,"LINESTRING (11.4003849 47.2646252, 11.400387 47.2646999)"
6103,6.0,,,,14.964,,10,,4.0,"LINESTRING (11.4003849 47.2646252, 11.4004444 47.2646854, 11.4005028 47.2647332)"
6104,6.0,,,,29.445,,5,,6.000000000000001,"LINESTRING (11.4003849 47.2646252, 11.4003157 47.2643847, 11.4003101 47.2643653)"
6105,2.0,,10.0,6.0,46.975,5.0,5,,6.000000000000001,"LINESTRING (11.4147246 47.2795531, 11.4141275 47.279673)"
6106,6.0,,,,22.796,,5,,4.0,"LINESTRING (11.4147246 47.2795531, 11.4147954 47.2797524)"
6107,2.0,,10.0,6.0,188.858,5.0,5,,6.000000000000001,"LINESTRING (11.4147246 47.2795531, 11.4156231 47.2793772, 11.4171308 47.2790842)"
6108,2.0,,10.0,6.0,12.663,5.0,5,,6.000000000000001,"LINESTRING (11.4139668 47.2797059, 11.4141275 47.279673)"
6109,8.0,,,,251.473,,5,,6.000000000000001,"LINESTRING (11.4139668 47.2797059, 11.4139958 47.2798015, 11.414006 47.2798937, 11.4138728 47.2800884, 11.4132338 47.2811105, 11.4130833 47.2816806, 11.4131031 47.2818475)"
6110,2.0,,10.0,6.0,117.685,,5,,6.000000000000001,"LINESTRING (11.4139668 47.2797059, 11.4129986 47.2798971, 11.4124665 47.2799959)"
6111,6.0,,,,22.796,,5,,4.0,"LINESTRING (11.4147954 47.2797524, 11.4147246 47.2795531)"
6112,6.0,,,,22.686,,5,,4.0,"LINESTRING (11.4124665 47.2799959, 11.4125372 47.2801942)"
6113,2.0,,10.0,6.0,147.261,5.0,5,,6.000000000000001,"LINESTRING (11.4124665 47.2799959, 11.4111319 47.280275, 11.4106062 47.2803969)"
6114,2.0,,10.0,6.0,117.685,,5,,6.000000000000001,"LINESTRING (11.4124665 47.2799959, 11.4129986 47.2798971, 11.4139668 47.2797059)"
6115,6.0,,,,22.686,,5,,4.0,"LINESTRING (11.4125372 47.2801942, 11.4124665 47.2799959)"
6116,6.0,,,,23.002,,5,,4.0,"LINESTRING (11.407158 47.2812453, 11.4071874 47.2814512)"
6117,2.0,,10.0,7.0,12.861,5.0,5,,6.000000000000001,"LINESTRING (11.407158 47.2812453, 11.4070999 47.2812534, 11.4069907 47.2812676)"
6118,2.0,,10.0,7.0,10.343,5.0,5,,5.0,"LINESTRING (11.407158 47.2812453, 11.4072212 47.2812329, 11.4072891 47.2812181)"
6119,6.0,,,,23.002,,5,,4.0,"LINESTRING (11.4071874 47.2814512, 11.407158 47.2812453)"
6120,6.0,,,,26.216,,5,,4.0,"LINESTRING (11.4070168 47.2815027, 11.4069907 47.2812676)"
6121,5.0,,,,13.566,,5,,2.0,"LINESTRING (11.4077746 47.2691158, 11.4078312 47.2692316)"
6122,5.0,,,,65.62,,5,,4.0,"LINESTRING (11.3792939 47.277114, 11.3793878 47.2770194, 11.3795353 47.2769612, 11.3796399 47.2768538, 11.3797063 47.2767914, 11.3798128 47.2766547)"
6123,6.0,,,,7.266,,5,,6.000000000000001,"LINESTRING (11.4028854 47.2523873, 11.4029171 47.2523256)"
6124,6.0,,,,134.52499999999998,,5,,4.0,"LINESTRING (11.4028854 47.2523873, 11.4028696 47.2524179, 11.4028801 47.2528727, 11.4032854 47.2528639, 11.4033669 47.252839, 11.4034229 47.2527912, 11.4034453 47.2527283, 11.4034245 47.2526697, 11.4033701 47.2526415, 11.4031431 47.2526393)"
6125,5.0,,,,57.363,,5,,4.0,"LINESTRING (11.4028854 47.2523873, 11.4030914 47.2524743, 11.4032658 47.252548, 11.4035407 47.2526481)"
6126,5.0,,,,57.363,,5,,4.0,"LINESTRING (11.4035407 47.2526481, 11.4032658 47.252548, 11.4030914 47.2524743, 11.4028854 47.2523873)"
6127,6.0,,,,53.205,,5,,4.0,"LINESTRING (11.4024136 47.2538251, 11.4023916 47.2537357, 11.402374 47.2535056, 11.4023713 47.2534701, 11.4023952 47.2533493)"
6128,6.0,,,,64.416,,5,,4.0,"LINESTRING (11.4037451 47.2555332, 11.4037458 47.2555582, 11.4037173 47.2556485, 11.4035499 47.2559067, 11.4035008 47.2559757, 11.4034351 47.2560039, 11.4033614 47.2560107)"
6129,6.0,,,,64.416,,5,,4.0,"LINESTRING (11.4033614 47.2560107, 11.4034351 47.2560039, 11.4035008 47.2559757, 11.4035499 47.2559067, 11.4037173 47.2556485, 11.4037458 47.2555582, 11.4037451 47.2555332)"
6130,6.0,,,,124.24199999999999,,5,,6.000000000000001,"LINESTRING (11.4033614 47.2560107, 11.4032997 47.2560239, 11.4032598 47.2560671, 11.4031674 47.2562381, 11.4030754 47.2565491, 11.4030752 47.2570722)"
6131,6.0,,,,62.319,,5,,4.0,"LINESTRING (11.4033614 47.2560107, 11.4033378 47.2559172, 11.4033151 47.255901, 11.4032531 47.2558807, 11.4031421 47.2558701, 11.4027896 47.2558849, 11.4027048 47.2558283)"
6132,6.0,,,,73.928,,5,,4.0,"LINESTRING (11.4032675 47.2564524, 11.4031383 47.257068, 11.4030752 47.2570722)"
6133,6.0,,,,124.24199999999999,,5,,6.000000000000001,"LINESTRING (11.4030752 47.2570722, 11.4030754 47.2565491, 11.4031674 47.2562381, 11.4032598 47.2560671, 11.4032997 47.2560239, 11.4033614 47.2560107)"
6134,6.0,,,,19.599,,5,,6.000000000000001,"LINESTRING (11.4030752 47.2570722, 11.4030751 47.2570963, 11.4030813 47.2572484)"
6135,6.0,,,,73.928,,5,,4.0,"LINESTRING (11.4030752 47.2570722, 11.4031383 47.257068, 11.4032675 47.2564524)"
6136,6.0,,,,2.74,,5,,4.0,"LINESTRING (11.402287 47.257359, 11.4022849 47.2573344)"
6137,6.0,,,,195.29800000000003,,5,,6.000000000000001,"LINESTRING (11.402287 47.257359, 11.4023214 47.2577624, 11.4023091 47.2579365, 11.4022707 47.2581097, 11.4022483 47.2581437, 11.4022226 47.2581825, 11.4021266 47.2583573, 11.402032 47.2584411, 11.4019003 47.2585063, 11.4017439 47.2585659, 11.4015931 47.2585981, 11.4015348 47.2586078, 11.4014298 47.2586283, 11.4013801 47.2586402, 11.4013729 47.2586419, 11.4013428 47.2586491, 11.4012432 47.258673, 11.4012113 47.2587091)"
6138,6.0,,,,61.568999999999996,,5,,6.000000000000001,"LINESTRING (11.402287 47.257359, 11.4023312 47.2573549, 11.4024059 47.2573551, 11.402493 47.2573381, 11.4025787 47.2573235, 11.4026609 47.2572987, 11.4026753 47.2572944, 11.4027101 47.2572977, 11.4027808 47.2573133, 11.4028024 47.2573168, 11.4029589 47.2573212, 11.4030824 47.2573212)"
6139,6.0,,,,62.319,,5,,4.0,"LINESTRING (11.4027048 47.2558283, 11.4027896 47.2558849, 11.4031421 47.2558701, 11.4032531 47.2558807, 11.4033151 47.255901, 11.4033378 47.2559172, 11.4033614 47.2560107)"
6140,5.0,,5.0,,133.821,,5,,2.0,"LINESTRING (11.4305201 47.2539818, 11.4300692 47.254115, 11.4296118 47.2541951, 11.4297124 47.2542369, 11.4297218 47.2542897, 11.429665 47.2543897, 11.4295095 47.2544204, 11.4293088 47.2544204, 11.4292172 47.2544137)"
6141,8.0,,10.0,,12.779,,5,,6.000000000000001,"LINESTRING (11.3802085 47.2571497, 11.3803413 47.2570784)"
6142,8.0,,10.0,,98.57900000000001,,5,,6.000000000000001,"LINESTRING (11.3802085 47.2571497, 11.3793253 47.2576239, 11.379183 47.2576988)"
6143,6.0,,,,177.56799999999998,,5,,6.000000000000001,"LINESTRING (11.3802085 47.2571497, 11.3799865 47.256962, 11.3795157 47.2568992, 11.3791907 47.2566137, 11.3792009 47.2565342, 11.3789894 47.2563528, 11.3786887 47.2560948, 11.3786616 47.2560715)"
6144,8.0,,,,32.845,,5,,6.000000000000001,"LINESTRING (11.3786616 47.2560715, 11.3789942 47.255881)"
6145,8.0,,,,97.632,,5,,6.000000000000001,"LINESTRING (11.3786616 47.2560715, 11.3779954 47.2564531, 11.377673 47.2566378)"
6146,6.0,,,,177.56800000000004,,5,,6.000000000000001,"LINESTRING (11.3786616 47.2560715, 11.3786887 47.2560948, 11.3789894 47.2563528, 11.3792009 47.2565342, 11.3791907 47.2566137, 11.3795157 47.2568992, 11.3799865 47.256962, 11.3802085 47.2571497)"
6147,5.0,,6.0,,177.22299999999998,,5,,7.000000000000001,"LINESTRING (11.4262952 47.2546899, 11.4265894 47.2548345, 11.4268165 47.2548195, 11.4268721 47.2548876, 11.4269859 47.2550147, 11.4271024 47.2550679, 11.4273147 47.2552085, 11.4280673 47.2556408)"
6148,5.0,,5.0,,72.10300000000001,,5,,6.000000000000001,"LINESTRING (11.4262952 47.2546899, 11.4254644 47.2545236, 11.4254361 47.2544662)"
6149,5.0,,5.0,,41.848000000000006,,5,,6.000000000000001,"LINESTRING (11.4262952 47.2546899, 11.4262666 47.2545682, 11.4261755 47.2544027, 11.4261723 47.2543263)"
6150,5.0,,9.0,,57.7,,5,,6.000000000000001,"LINESTRING (11.4261723 47.2543263, 11.4254361 47.2544662)"
6151,5.0,,9.0,,9.852,,5,,7.000000000000001,"LINESTRING (11.4261723 47.2543263, 11.426298 47.2543024)"
6152,5.0,,5.0,,41.848,,5,,6.000000000000001,"LINESTRING (11.4261723 47.2543263, 11.4261755 47.2544027, 11.4262666 47.2545682, 11.4262952 47.2546899)"
6153,6.0,,,,151.358,,5,,4.0,"LINESTRING (11.400037 47.2515321, 11.4000345 47.2514091, 11.3999929 47.2513353, 11.3999433 47.2512652, 11.3998253 47.2511869, 11.3994847 47.2510486, 11.3992567 47.2509457, 11.3990086 47.2508519, 11.3987752 47.2507809, 11.398568 47.2507356)"
6154,8.0,,10.0,,18.074,,5,,6.000000000000001,"LINESTRING (11.400037 47.2515321, 11.3999879 47.2515326, 11.3998137 47.2515847)"
6155,6.0,,,,8.865,,5,,4.0,"LINESTRING (11.397609 47.2683359, 11.3977241 47.2683519)"
6156,6.0,,,,22.642,,5,,4.0,"LINESTRING (11.397609 47.2683359, 11.3976669 47.2681361)"
6157,6.0,,,,127.294,,5,,6.000000000000001,"LINESTRING (11.397609 47.2683359, 11.3973138 47.268297, 11.3973173 47.2682037, 11.3973478 47.2677248, 11.3972557 47.2673621)"
6158,6.0,,,,22.642,,5,,4.0,"LINESTRING (11.3976669 47.2681361, 11.397609 47.2683359)"
6159,6.0,,7.0,9.0,94.52799999999999,,5,,3.0000000000000004,"LINESTRING (11.4289769 47.2765318, 11.4292551 47.2764851, 11.4297033 47.2764122, 11.4296774 47.2761883, 11.4296996 47.276145, 11.4297518 47.2760817)"
6160,,,,,19.297,,5,,2.0,"LINESTRING (11.3998355 47.2584906, 11.3998195 47.2583174)"
6161,8.0,,,,43.858,,5,,7.000000000000001,"LINESTRING (11.395243 47.2692962, 11.3952888 47.2696894)"
6162,8.0,,,,47.506,,5,,8.0,"LINESTRING (11.395243 47.2692962, 11.3951953 47.2688702)"
6163,7.0,,,,51.653,,5,,7.000000000000001,"LINESTRING (11.395243 47.2692962, 11.3950258 47.2693101, 11.3948011 47.2693056, 11.3946401 47.269292, 11.3946364 47.2692382)"
6164,7.0,,,,13.266,,5,,8.0,"LINESTRING (11.395243 47.2692962, 11.3953208 47.2692908, 11.3954179 47.269284)"
6165,6.0,,,,84.947,,5,,5.0,"LINESTRING (11.4062629 47.2557936, 11.4059272 47.2557075, 11.4057077 47.2560711, 11.405685 47.2561976)"
6166,6.0,,,,64.729,,5,,4.0,"LINESTRING (11.4049322 47.2558483, 11.4054013 47.2559023, 11.4053298 47.2561569)"
6167,8.0,,,,27.186,,5,,7.000000000000001,"LINESTRING (11.4053298 47.2561569, 11.405685 47.2561976)"
6168,8.0,,,,77.656,,5,,6.000000000000001,"LINESTRING (11.4053298 47.2561569, 11.4049297 47.2560947, 11.404719 47.2560903, 11.4046319 47.2560926, 11.4045524 47.2560863, 11.4044132 47.2560531, 11.4043247 47.2560338)"
6169,6.0,,,,64.729,,5,,4.0,"LINESTRING (11.4053298 47.2561569, 11.4054013 47.2559023, 11.4049322 47.2558483)"
6170,6.0,,10.0,7.0,7.925,9.0,10,,4.0,"LINESTRING (11.4013229 47.2663097, 11.401411 47.2663485)"
6171,10.0,,,,82.629,,10,,4.0,"LINESTRING (11.4013229 47.2663097, 11.4014523 47.2662633, 11.4017169 47.2662268, 11.4021333 47.2661769, 11.4021787 47.266161, 11.4022214 47.2661364, 11.4022658 47.266094, 11.4022951 47.2660493)"
6172,6.0,,,,60.564,,5,,5.0,"LINESTRING (11.4336909 47.2711119, 11.4340664 47.2715933)"
6173,6.0,,,,21.851,,5,,5.0,"LINESTRING (11.4336909 47.2711119, 11.4334327 47.2712009)"
6174,6.0,,,,21.851,,5,,5.0,"LINESTRING (11.4334327 47.2712009, 11.4336909 47.2711119)"
6175,6.0,,,,45.874,,5,,4.0,"LINESTRING (11.4334327 47.2712009, 11.4335725 47.2716024)"
6176,6.0,,,,62.984,,5,,4.0,"LINESTRING (11.4334327 47.2712009, 11.433168 47.2706637)"
6177,6.0,,,,45.874,,5,,4.0,"LINESTRING (11.4335725 47.2716024, 11.4334327 47.2712009)"
6178,6.0,,,,62.984,,5,,4.0,"LINESTRING (11.433168 47.2706637, 11.4334327 47.2712009)"
6179,8.0,,10.0,7.0,13.16,9.0,5,,4.0,"LINESTRING (11.4342164 47.2715329, 11.4340664 47.2715933)"
6180,6.0,,,,25.638,,5,,4.0,"LINESTRING (11.433112 47.2635424, 11.4334509 47.2635261)"
6181,6.0,,,,25.638,,5,,2.0,"LINESTRING (11.4334509 47.2635261, 11.433112 47.2635424)"
6182,6.0,,,,2.466,,10,,3.0000000000000004,"LINESTRING (11.4334509 47.2635261, 11.4334835 47.2635245)"
6183,8.0,,,7.0,24.305999999999997,9.0,10,,3.0000000000000004,"LINESTRING (11.4270446 47.2617236, 11.4270312 47.2617955, 11.4270329 47.2618962, 11.4270337 47.2619416)"
6184,8.0,,10.0,7.0,84.72000000000001,9.0,5,,5.0,"LINESTRING (11.4270446 47.2617236, 11.4270714 47.2616953, 11.4271848 47.2616003, 11.4277339 47.2612635, 11.4278282 47.2611819)"
6185,5.0,,,7.0,12.521,9.0,10,,4.0,"LINESTRING (11.4267141 47.2620045, 11.4267469 47.2619743, 11.426789 47.26195, 11.4268383 47.2619329)"
6186,5.0,,,7.0,17.378,9.0,10,,2.0,"LINESTRING (11.4267064 47.2621553, 11.4266846 47.2621054, 11.4266872 47.2620533, 11.4267141 47.2620045)"
6187,5.0,,,7.0,34.107,10.0,10,,3.0000000000000004,"LINESTRING (11.4267064 47.2621553, 11.4265484 47.2621258, 11.4263982 47.2621377, 11.4262643 47.262157)"
6188,5.0,,,7.0,12.841000000000001,9.0,10,,4.0,"LINESTRING (11.4270337 47.2619416, 11.4270803 47.2619635, 11.427118 47.2619923, 11.4271446 47.2620263)"
6189,5.0,,,7.0,15.177,9.0,10,,2.0,"LINESTRING (11.4268383 47.2619329, 11.4269038 47.2619231, 11.4269706 47.2619261, 11.4270337 47.2619416)"
6190,8.0,,,7.0,28.0,10.0,10,,3.0000000000000004,"LINESTRING (11.4268383 47.2619329, 11.4269655 47.2618046, 11.4270446 47.2617236)"
6191,8.0,,,,102.853,,5,,7.000000000000001,"LINESTRING (11.4150692 47.2784866, 11.414108 47.2778306)"
6192,10.0,,,,3.324,,5,,6.000000000000001,"LINESTRING (11.4150692 47.2784866, 11.4150992 47.2785085)"
6193,6.0,,,,27.188,,5,,4.0,"LINESTRING (11.4150692 47.2784866, 11.4153439 47.2784178, 11.4153042 47.2783807)"
6194,2.0,,10.0,,90.86699999999999,,5,,6.000000000000001,"LINESTRING (11.4052641 47.2573741, 11.4050165 47.257391, 11.4049268 47.2573928, 11.4042417 47.2573515, 11.4040644 47.2573439)"
6195,2.0,,10.0,,34.453,10.0,10,,4.0,"LINESTRING (11.4052641 47.2573741, 11.4053646 47.2573746, 11.4054393 47.2573819, 11.405503 47.2574022, 11.4055791 47.2574406, 11.4056101 47.2574736, 11.4056411 47.2575066)"
6196,8.0,,10.0,,10.865,9.0,5,,5.0,"LINESTRING (11.4205726 47.2598722, 11.4206449 47.2597877)"
6197,8.0,,10.0,,5.395,9.0,5,,6.000000000000001,"LINESTRING (11.4205726 47.2598722, 11.4205368 47.2599142)"
6198,6.0,,,,154.06300000000002,,5,,5.0,"LINESTRING (11.4205726 47.2598722, 11.4212555 47.2601356, 11.4206872 47.2608958)"
6199,2.0,,,7.0,1.788,9.0,10,,4.0,"LINESTRING (11.4206872 47.2608958, 11.4207088 47.2609024)"
6200,6.0,,,,154.06300000000002,,5,,5.0,"LINESTRING (11.4206872 47.2608958, 11.4212555 47.2601356, 11.4205726 47.2598722)"
6201,8.0,,10.0,,57.739999999999995,,10,,4.0,"LINESTRING (11.3923087 47.2724825, 11.39241 47.2726867, 11.3925083 47.2729831)"
6202,6.0,,,,101.43299999999999,,5,,3.0000000000000004,"LINESTRING (11.3923087 47.2724825, 11.3922564 47.272494, 11.3920556 47.2725382, 11.392025 47.272545, 11.3920023 47.2725609, 11.3919885 47.2725781, 11.3919851 47.2725954, 11.3919851 47.2726219, 11.3920257 47.2727986, 11.3920236 47.272822, 11.3920064 47.2728509, 11.3919817 47.2728644, 11.391623 47.2729516, 11.3915962 47.2729525, 11.3915694 47.2729464, 11.3915467 47.2729339, 11.391511 47.2728863)"
6203,6.0,,,,101.43299999999999,,5,,3.0000000000000004,"LINESTRING (11.391511 47.2728863, 11.3915467 47.2729339, 11.3915694 47.2729464, 11.3915962 47.2729525, 11.391623 47.2729516, 11.3919817 47.2728644, 11.3920064 47.2728509, 11.3920236 47.272822, 11.3920257 47.2727986, 11.3919851 47.2726219, 11.3919851 47.2725954, 11.3919885 47.2725781, 11.3920023 47.2725609, 11.392025 47.272545, 11.3920556 47.2725382, 11.3922564 47.272494, 11.3923087 47.2724825)"
6204,6.0,,,,17.386,,5,,4.0,"LINESTRING (11.3777578 47.2719684, 11.3778952 47.2720296, 11.3779032 47.2720741)"
6205,6.0,,,,8.042,,5,,6.000000000000001,"LINESTRING (11.3779032 47.2720741, 11.3779906 47.2721155)"
6206,6.0,,,,26.022,,5,,4.0,"LINESTRING (11.3779032 47.2720741, 11.3775829 47.2719873)"
6207,6.0,,,,17.386,,5,,4.0,"LINESTRING (11.3779032 47.2720741, 11.3778952 47.2720296, 11.3777578 47.2719684)"
6208,6.0,,,,26.022,,5,,4.0,"LINESTRING (11.3775829 47.2719873, 11.3779032 47.2720741)"
6209,8.0,,,,54.629,,5,,4.0,"LINESTRING (11.3953818 47.2797571, 11.3953568 47.2797433, 11.3953258 47.279702, 11.395309 47.2796545, 11.3952894 47.2794646, 11.395253 47.2793516, 11.3952179 47.2792877)"
6210,8.0,,,,4.05,,5,,6.000000000000001,"LINESTRING (11.3953818 47.2797571, 11.395409 47.2797637, 11.3954338 47.2797635)"
6211,6.0,,,,41.032,,5,,4.0,"LINESTRING (11.3953818 47.2797571, 11.3953557 47.2797891, 11.3953447 47.279803, 11.3953364 47.2798156, 11.3953327 47.2798271, 11.3953353 47.2798378, 11.395345 47.2798485, 11.395365 47.2798627, 11.3953857 47.2798789, 11.3954047 47.2798968, 11.3954145 47.2799126, 11.3954192 47.2799261, 11.3954199 47.2799389, 11.3954163 47.2799549, 11.395406 47.2799731, 11.3953869 47.2799961, 11.3953144 47.2800816)"
6212,7.0,,,,46.403,,5,,7.000000000000001,"LINESTRING (11.3953576 47.2688687, 11.3954179 47.269284)"
6213,7.0,,,,12.25,,5,,7.000000000000001,"LINESTRING (11.3953576 47.2688687, 11.3952703 47.2688707, 11.3951953 47.2688702)"
6214,7.0,,,,26.625,,5,,7.000000000000001,"LINESTRING (11.3953576 47.2688687, 11.395308 47.2686779, 11.3952691 47.2686406)"
6215,7.0,,,,46.403,,5,,7.000000000000001,"LINESTRING (11.3954179 47.269284, 11.3953576 47.2688687)"
6216,7.0,,,,28.829,,5,,7.000000000000001,"LINESTRING (11.3954179 47.269284, 11.3954556 47.269542)"
6217,7.0,,,,13.266,,5,,8.0,"LINESTRING (11.3954179 47.269284, 11.3953208 47.2692908, 11.395243 47.2692962)"
6218,7.0,,,,144.02499999999998,,5,,7.000000000000001,"LINESTRING (11.3954179 47.269284, 11.3966036 47.2692118, 11.3965411 47.2687262)"
6219,7.0,,,,25.917,,5,,4.0,"LINESTRING (11.3954556 47.269542, 11.3957981 47.2695243)"
6220,7.0,,,,28.829,,5,,7.000000000000001,"LINESTRING (11.3954556 47.269542, 11.3954179 47.269284)"
6221,7.0,,,,15.386,,5,,7.000000000000001,"LINESTRING (11.3954556 47.269542, 11.3954756 47.2696797)"
6222,7.0,,,,15.386,,5,,7.000000000000001,"LINESTRING (11.3954756 47.2696797, 11.3954556 47.269542)"
6223,7.0,,,,22.057,,5,,8.0,"LINESTRING (11.3954756 47.2696797, 11.3955044 47.2698771)"
6224,7.0,,,,42.881,,5,,7.000000000000001,"LINESTRING (11.3954756 47.2696797, 11.3960423 47.2696505)"
6225,7.0,,,,14.135000000000002,,5,,7.000000000000001,"LINESTRING (11.3954756 47.2696797, 11.3953696 47.2696852, 11.3952888 47.2696894)"
6226,7.0,,,,13.662,,5,,4.0,"LINESTRING (11.3956468 47.269869, 11.3956642 47.2699913)"
6227,7.0,,,,32.361,,5,,6.000000000000001,"LINESTRING (11.3956468 47.269869, 11.3960742 47.2698447)"
6228,7.0,,,,10.782,,5,,7.000000000000001,"LINESTRING (11.3956468 47.269869, 11.3955044 47.2698771)"
6229,7.0,,,,22.057,,5,,8.0,"LINESTRING (11.3955044 47.2698771, 11.3954756 47.2696797)"
6230,7.0,,,,13.662,,5,,5.0,"LINESTRING (11.3955044 47.2698771, 11.3955218 47.2699994)"
6231,7.0,,,,10.782,,5,,7.000000000000001,"LINESTRING (11.3955044 47.2698771, 11.3956468 47.269869)"
6232,7.0,,,,14.606000000000002,,5,,6.000000000000001,"LINESTRING (11.3955044 47.2698771, 11.3953938 47.2698834, 11.3953115 47.2698881)"
6233,7.0,,,,32.361,,5,,6.000000000000001,"LINESTRING (11.3960742 47.2698447, 11.3956468 47.269869)"
6234,7.0,,,,21.728,,5,,6.000000000000001,"LINESTRING (11.3960742 47.2698447, 11.3960423 47.2696505)"
6235,7.0,,,,13.672,,5,,4.0,"LINESTRING (11.3960742 47.2698447, 11.3960943 47.2699669)"
6236,7.0,,,,21.728,,5,,6.000000000000001,"LINESTRING (11.3960423 47.2696505, 11.3960742 47.2698447)"
6237,7.0,,,,42.881,,5,,7.000000000000001,"LINESTRING (11.3960423 47.2696505, 11.3954756 47.2696797)"
6238,7.0,,,,28.656,,5,,4.0,"LINESTRING (11.3960423 47.2696505, 11.396421 47.2696309)"
6239,8.0,,,,6.081,,5,,6.000000000000001,"LINESTRING (11.3952888 47.2696894, 11.3952955 47.2697439)"
6240,8.0,,,,43.858,,5,,7.000000000000001,"LINESTRING (11.3952888 47.2696894, 11.395243 47.2692962)"
6241,7.0,,,,14.135000000000002,,5,,7.000000000000001,"LINESTRING (11.3952888 47.2696894, 11.3953696 47.2696852, 11.3954756 47.2696797)"
6242,7.0,,4.0,,32.118,,5,,4.0,"LINESTRING (11.3990048 47.2692006, 11.3988769 47.2694761)"
6243,7.0,,,,31.964,,5,,4.0,"LINESTRING (11.3980342 47.2690524, 11.3979409 47.2693328)"
6244,7.0,,4.0,,3.949,,5,,4.0,"LINESTRING (11.3978427 47.2695353, 11.3978946 47.2695307)"
6245,,,,,19.297,,5,,2.0,"LINESTRING (11.3998195 47.2583174, 11.3998355 47.2584906)"
6246,7.0,,,,6.165,,5,,4.0,"LINESTRING (11.3961309 47.2641057, 11.3961277 47.2641611)"
6247,7.0,,,,26.411,,5,,6.000000000000001,"LINESTRING (11.3961309 47.2641057, 11.3964809 47.2641056)"
6248,7.0,,,,15.326,,5,,6.000000000000001,"LINESTRING (11.3961309 47.2641057, 11.3959278 47.2641057)"
6249,7.0,,,,28.373,,5,,6.000000000000001,"LINESTRING (11.3959452 47.2638085, 11.3963212 47.2638085)"
6250,7.0,,10.0,,7.879,,5,,6.000000000000001,"LINESTRING (11.3959452 47.2638085, 11.395941 47.2638793)"
6251,7.0,,10.0,,37.025,,5,,6.000000000000001,"LINESTRING (11.3959452 47.2638085, 11.3959577 47.2635957, 11.396061 47.2634983)"
6252,7.0,,,,28.373,,5,,6.000000000000001,"LINESTRING (11.3963212 47.2638085, 11.3959452 47.2638085)"
6253,7.0,,10.0,,35.165,,5,,6.000000000000001,"LINESTRING (11.3963212 47.2638085, 11.3964809 47.2641056)"
6254,7.0,,10.0,,40.269,,5,,6.000000000000001,"LINESTRING (11.3963212 47.2638085, 11.3962943 47.2637583, 11.3962288 47.2636365, 11.396061 47.2634983)"
6255,7.0,,10.0,,35.165,,5,,6.000000000000001,"LINESTRING (11.3964809 47.2641056, 11.3963212 47.2638085)"
6256,7.0,,,,26.411,,5,,6.000000000000001,"LINESTRING (11.3964809 47.2641056, 11.3961309 47.2641057)"
6257,7.0,,,,23.212,,5,,6.000000000000001,"LINESTRING (11.3964809 47.2641056, 11.3966862 47.2641056, 11.3967885 47.2641053)"
6258,7.0,,10.0,,18.707,,5,,6.000000000000001,"LINESTRING (11.3959312 47.2640474, 11.395941 47.2638793)"
6259,7.0,,10.0,,6.488,,5,,6.000000000000001,"LINESTRING (11.3959312 47.2640474, 11.3959278 47.2641057)"
6260,7.0,,10.0,,85.377,,5,,6.000000000000001,"LINESTRING (11.3959312 47.2640474, 11.3955477 47.263998, 11.3954304 47.2639829, 11.3951311 47.2639575, 11.3949561 47.2639508, 11.3948171 47.2639783)"
6261,7.0,,10.0,,6.488,,5,,6.000000000000001,"LINESTRING (11.3959278 47.2641057, 11.3959312 47.2640474)"
6262,7.0,,,,15.326,,5,,6.000000000000001,"LINESTRING (11.3959278 47.2641057, 11.3961309 47.2641057)"
6263,7.0,,10.0,,83.465,,5,,6.000000000000001,"LINESTRING (11.3959278 47.2641057, 11.3955224 47.2641058, 11.3948251 47.264059)"
6264,7.0,,,,19.907,,5,,4.0,"LINESTRING (11.3961349 47.2631156, 11.3961527 47.2630019, 11.3962456 47.2630164)"
6265,7.0,,,,19.907,,5,,4.0,"LINESTRING (11.3962456 47.2630164, 11.3961527 47.2630019, 11.3961349 47.2631156)"
6266,7.0,,10.0,,6.3950000000000005,,5,,4.0,"LINESTRING (11.3962456 47.2630164, 11.39626 47.2629737, 11.3962649 47.2629604)"
6267,7.0,,10.0,,39.269,,5,,6.000000000000001,"LINESTRING (11.3962456 47.2630164, 11.3962263 47.263074, 11.3961298 47.2633607)"
6268,7.0,,10.0,,16.157,,5,,6.000000000000001,"LINESTRING (11.396061 47.2634983, 11.3961298 47.2633607)"
6269,7.0,,10.0,,40.269,,5,,6.000000000000001,"LINESTRING (11.396061 47.2634983, 11.3962288 47.2636365, 11.3962943 47.2637583, 11.3963212 47.2638085)"
6270,7.0,,10.0,,37.025,,5,,6.000000000000001,"LINESTRING (11.396061 47.2634983, 11.3959577 47.2635957, 11.3959452 47.2638085)"
6271,8.0,9.0,10.0,,87.382,,5,,6.000000000000001,"LINESTRING (11.3967885 47.2641053, 11.397022 47.264875)"
6272,8.0,9.0,10.0,,72.202,,5,,6.000000000000001,"LINESTRING (11.3967885 47.2641053, 11.3967692 47.2640415, 11.3965956 47.2634693)"
6273,7.0,,,,23.212,,5,,6.000000000000001,"LINESTRING (11.3967885 47.2641053, 11.3966862 47.2641056, 11.3964809 47.2641056)"
6274,7.0,,,,6.165,,5,,4.0,"LINESTRING (11.3961277 47.2641611, 11.3961309 47.2641057)"
6275,6.0,,,,52.547000000000004,,5,,4.0,"LINESTRING (11.3936468 47.2628725, 11.3933831 47.2628466, 11.393443 47.2625577)"
6276,6.0,,,,30.45,,10,,3.0000000000000004,"LINESTRING (11.4155755 47.2717787, 11.4158777 47.2715972)"
6277,10.0,,,,19.979,,5,,5.0,"LINESTRING (11.4155755 47.2717787, 11.415396 47.2718349, 11.415344 47.2718637)"
6278,6.0,,10.0,,70.365,,5,,6.000000000000001,"LINESTRING (11.3970348 47.2742702, 11.397964 47.2742157)"
6279,6.0,,10.0,,24.194,,5,,6.000000000000001,"LINESTRING (11.3970348 47.2742702, 11.3968916 47.2742786, 11.3967153 47.2742889)"
6280,6.0,,,,24.252000000000002,,5,,6.000000000000001,"LINESTRING (11.3970348 47.2742702, 11.3969602 47.2743353, 11.3968785 47.2744591)"
6281,2.0,,10.0,7.0,22.578,5.0,5,,6.000000000000001,"LINESTRING (11.3968785 47.2744591, 11.39679 47.2743668, 11.3967153 47.2742889)"
6282,2.0,,10.0,7.0,115.53,5.0,5,,6.000000000000001,"LINESTRING (11.3968785 47.2744591, 11.3972095 47.2748043, 11.3972839 47.2748731, 11.3977562 47.27531)"
6283,6.0,,,,24.252000000000002,,5,,6.000000000000001,"LINESTRING (11.3968785 47.2744591, 11.3969602 47.2743353, 11.3970348 47.2742702)"
6284,6.0,,,,4.122,,5,,3.0000000000000004,"LINESTRING (11.4009005 47.2661371, 11.400954 47.2661296)"
6285,5.0,,,,31.128,,5,,6.000000000000001,"LINESTRING (11.4140597 47.2851352, 11.4141247 47.2851143, 11.4139798 47.2849051)"
6286,5.0,,,,35.081,,5,,6.000000000000001,"LINESTRING (11.4140597 47.2851352, 11.4138806 47.2850689, 11.4139798 47.2849051)"
6287,5.0,,,,26.881,,5,,6.000000000000001,"LINESTRING (11.4140597 47.2851352, 11.4140925 47.2851598, 11.4141301 47.2852081, 11.4142561 47.2852399, 11.4142907 47.2852981)"
6288,5.0,,,,21.315,,5,,4.0,"LINESTRING (11.4141354 47.2846822, 11.4139141 47.2848014)"
6289,5.0,,,,18.776,,5,,4.0,"LINESTRING (11.4136781 47.2847477, 11.4139141 47.2848014)"
6290,5.0,,,,21.315,,5,,4.0,"LINESTRING (11.4139141 47.2848014, 11.4141354 47.2846822)"
6291,5.0,,,,18.776,,5,,4.0,"LINESTRING (11.4139141 47.2848014, 11.4136781 47.2847477)"
6292,5.0,,,,12.551,,5,,6.000000000000001,"LINESTRING (11.4139141 47.2848014, 11.4139798 47.2849051)"
6293,5.0,,,,12.551,,5,,6.000000000000001,"LINESTRING (11.4139798 47.2849051, 11.4139141 47.2848014)"
6294,5.0,,,,31.128,,5,,6.000000000000001,"LINESTRING (11.4139798 47.2849051, 11.4141247 47.2851143, 11.4140597 47.2851352)"
6295,5.0,,,,35.081,,5,,6.000000000000001,"LINESTRING (11.4139798 47.2849051, 11.4138806 47.2850689, 11.4140597 47.2851352)"
6296,8.0,,10.0,,6.944,,5,,5.0,"LINESTRING (11.4142907 47.2852981, 11.4143823 47.2853043)"
6297,8.0,,10.0,,96.083,,5,,6.000000000000001,"LINESTRING (11.4142907 47.2852981, 11.414192 47.2852821, 11.4140916 47.2852539, 11.4139698 47.2852126, 11.4138433 47.2851554, 11.4136218 47.2850381, 11.4135635 47.2849938, 11.4135222 47.2849525, 11.4134143 47.2848246, 11.4133873 47.2847844, 11.4133795 47.2847502)"
6298,5.0,,,,26.880999999999997,,5,,6.000000000000001,"LINESTRING (11.4142907 47.2852981, 11.4142561 47.2852399, 11.4141301 47.2852081, 11.4140925 47.2851598, 11.4140597 47.2851352)"
6299,5.0,,,,54.878,,5,,4.0,"LINESTRING (11.4138837 47.2820632, 11.4137522 47.2825486)"
6300,5.0,,,,33.185,,5,,4.0,"LINESTRING (11.4138837 47.2820632, 11.4139668 47.2820718, 11.4141679 47.2821119, 11.4142873 47.2821692)"
6301,5.0,,,,44.204,,5,,6.000000000000001,"LINESTRING (11.4138837 47.2820632, 11.4137576 47.28205, 11.4134585 47.2820582, 11.4133102 47.2820972)"
6302,5.0,,,,54.878,,5,,4.0,"LINESTRING (11.4137522 47.2825486, 11.4138837 47.2820632)"
6303,5.0,,,,33.185,,5,,4.0,"LINESTRING (11.4142873 47.2821692, 11.4141679 47.2821119, 11.4139668 47.2820718, 11.4138837 47.2820632)"
6304,8.0,,,,31.859,,5,,6.000000000000001,"LINESTRING (11.4133102 47.2820972, 11.4131031 47.2818475)"
6305,8.0,,,,114.01100000000001,,5,,7.000000000000001,"LINESTRING (11.4133102 47.2820972, 11.4133322 47.2821238, 11.413395 47.2822798, 11.4134879 47.2825631, 11.4135199 47.2827563, 11.4135269 47.2828314, 11.4134687 47.2829608, 11.4135641 47.2830826)"
6306,5.0,,,,44.204,,5,,6.000000000000001,"LINESTRING (11.4133102 47.2820972, 11.4134585 47.2820582, 11.4137576 47.28205, 11.4138837 47.2820632)"
6307,5.0,,9.0,,357.83799999999997,,5,,6.000000000000001,"LINESTRING (11.4226943 47.2537379, 11.4219927 47.2536367, 11.4217277 47.2535614, 11.4210787 47.2533771, 11.4206122 47.2531206, 11.4202277 47.2530357, 11.4193777 47.2527591, 11.4184866 47.2526822, 11.4183042 47.2526528)"
6308,5.0,,9.0,,228.389,,5,,6.000000000000001,"LINESTRING (11.4226943 47.2537379, 11.4230165 47.2538649, 11.423654 47.2540823, 11.4240428 47.2541165, 11.424578 47.254377, 11.4250689 47.2543685, 11.4253508 47.2544602, 11.4254361 47.2544662)"
6309,5.0,,,,50.422,,5,,6.000000000000001,"LINESTRING (11.4226943 47.2537379, 11.4227745 47.2536418, 11.422741 47.2534825, 11.4229162 47.2533446)"
6310,8.0,,10.0,9.0,202.906,9.0,5,,6.000000000000001,"LINESTRING (11.3840465 47.2604607, 11.3841634 47.2604066, 11.3842594 47.2603858, 11.3843711 47.2603607, 11.3844521 47.2603445, 11.3845351 47.2603303, 11.3846992 47.260302, 11.385006 47.2602894, 11.3856801 47.2603089, 11.3857167 47.2603104, 11.3865371 47.2603435, 11.3866849 47.2603314)"
6311,8.0,,10.0,9.0,100.731,9.0,5,,7.000000000000001,"LINESTRING (11.3840465 47.2604607, 11.3836513 47.2605427, 11.3835442 47.2605694, 11.3830775 47.2607312, 11.3828488 47.2608448)"
6312,8.0,,10.0,9.0,175.079,10.0,10,,5.0,"LINESTRING (11.3840465 47.2604607, 11.384274 47.2611178, 11.3843531 47.2613351, 11.3844263 47.2615471, 11.3844617 47.2616431, 11.3845577 47.2618963, 11.3845809 47.2619604, 11.3845909 47.2619912)"
6313,8.0,,10.0,,13.54,,10,,4.0,"LINESTRING (11.3848324 47.2693661, 11.3847326 47.2694673)"
6314,6.0,,,,55.826,,5,,3.0000000000000004,"LINESTRING (11.3848324 47.2693661, 11.3853481 47.2695881, 11.3854224 47.2696598)"
6315,6.0,,,,55.826,,5,,3.0000000000000004,"LINESTRING (11.3854224 47.2696598, 11.3853481 47.2695881, 11.3848324 47.2693661)"
6316,5.0,,,,152.13400000000001,,5,,6.000000000000001,"LINESTRING (11.3976113 47.2477881, 11.3976242 47.2477564, 11.3975871 47.2477229, 11.3975293 47.2477058, 11.3974535 47.2476598, 11.3974308 47.2475884, 11.3974373 47.2475134, 11.3974948 47.2474483, 11.3975604 47.247422, 11.3976569 47.2474144, 11.3977749 47.2474305, 11.397901 47.2474608, 11.398089 47.2475331, 11.3982076 47.2475728, 11.3983366 47.2476078, 11.3986543 47.2476419, 11.3988279 47.2476326)"
6317,5.0,,,,208.24200000000002,,5,,7.000000000000001,"LINESTRING (11.3976113 47.2477881, 11.3975692 47.2478105, 11.3975191 47.2478145, 11.397469 47.2478044, 11.3973256 47.2477605, 11.3971615 47.2477248, 11.3968374 47.2477209, 11.3964049 47.2477571, 11.3962407 47.2477709, 11.3958237 47.2477334, 11.3953487 47.2476585, 11.3950757 47.2476342, 11.3949118 47.2476375)"
6318,5.0,,,,113.926,,5,,4.0,"LINESTRING (11.3976113 47.2477881, 11.3976279 47.2478365, 11.3976762 47.2478748, 11.3977701 47.2479185, 11.3979123 47.247984, 11.3981483 47.2480732, 11.3984299 47.2481333, 11.398733 47.2481989, 11.398913 47.2482456)"
6319,8.0,,10.0,9.0,35.538,,10,,5.0,"LINESTRING (11.4127128 47.2733534, 11.4129898 47.2736119)"
6320,10.0,,,,7.123,,5,,6.000000000000001,"LINESTRING (11.4127128 47.2733534, 11.4126462 47.2733988)"
6321,10.0,,,,151.418,,5,,6.000000000000001,"LINESTRING (11.4127128 47.2733534, 11.4128185 47.2732832, 11.413722 47.2728247, 11.4143137 47.2725337)"
6322,8.0,,,,195.62,,5,,5.0,"LINESTRING (11.3959335 47.2549189, 11.394905 47.2551932, 11.3948705 47.2552089, 11.3948559 47.255224, 11.3948472 47.2552391, 11.3948383 47.2552891, 11.3948205 47.2554001, 11.3947529 47.2558451, 11.3947091 47.2561626, 11.3947066 47.256181)"
6323,8.0,,,,142.735,,5,,6.000000000000001,"LINESTRING (11.3959335 47.2549189, 11.3962402 47.254839, 11.3969098 47.2546745, 11.3972155 47.2546244, 11.3975983 47.254625, 11.3976815 47.2546391, 11.3977303 47.2546708)"
6324,6.0,,,,34.959,,5,,4.0,"LINESTRING (11.3959335 47.2549189, 11.3959769 47.2549983, 11.3959753 47.255228)"
6325,6.0,,,,34.959,,5,,4.0,"LINESTRING (11.3959753 47.255228, 11.3959769 47.2549983, 11.3959335 47.2549189)"
6326,6.0,,,,28.587,,5,,4.0,"LINESTRING (11.3951436 47.2590289, 11.3949077 47.2589735, 11.3948871 47.2589226, 11.3948391 47.2589101)"
6327,6.0,9.0,10.0,,26.907,,10,,4.0,"LINESTRING (11.3940661 47.2587529, 11.3940735 47.2587436, 11.3941701 47.2586219, 11.3942292 47.2585378)"
6328,6.0,,,,61.043,,5,,5.0,"LINESTRING (11.3940661 47.2587529, 11.3942455 47.2587772, 11.3944208 47.2588065, 11.3945396 47.2588326, 11.3948391 47.2589101)"
6329,6.0,,,,50.893,,5,,3.0000000000000004,"LINESTRING (11.3944237 47.2592409, 11.393774 47.2591182)"
6330,6.0,9.0,10.0,,4.683,,10,,3.0000000000000004,"LINESTRING (11.393774 47.2591182, 11.3937802 47.2590763)"
6331,6.0,,,,50.893,,5,,3.0000000000000004,"LINESTRING (11.393774 47.2591182, 11.3944237 47.2592409)"
6332,6.0,,,,16.244,,5,,4.0,"LINESTRING (11.3948391 47.2589101, 11.3949517 47.2587856)"
6333,6.0,,,,61.043,,5,,5.0,"LINESTRING (11.3948391 47.2589101, 11.3945396 47.2588326, 11.3944208 47.2588065, 11.3942455 47.2587772, 11.3940661 47.2587529)"
6334,6.0,,,,28.587,,5,,4.0,"LINESTRING (11.3948391 47.2589101, 11.3948871 47.2589226, 11.3949077 47.2589735, 11.3951436 47.2590289)"
6335,6.0,,,,16.244,,5,,4.0,"LINESTRING (11.3949517 47.2587856, 11.3948391 47.2589101)"
6336,6.0,,,,6.966,,5,,6.000000000000001,"LINESTRING (11.389897 47.2769645, 11.3898245 47.2769257)"
6337,5.0,,,,171.489,,5,,5.0,"LINESTRING (11.389897 47.2769645, 11.3898445 47.2770509, 11.3894087 47.2773618, 11.3891083 47.2775656, 11.3889437 47.2778642, 11.3885789 47.2780316, 11.3884117 47.2780421)"
6338,6.0,,,,17.878,,5,,6.000000000000001,"LINESTRING (11.389897 47.2769645, 11.3899333 47.2769833, 11.3901135 47.2770269)"
6339,6.0,,,,6.966,,5,,6.000000000000001,"LINESTRING (11.3898245 47.2769257, 11.389897 47.2769645)"
6340,6.0,,,,112.654,,5,,6.000000000000001,"LINESTRING (11.3898245 47.2769257, 11.3898481 47.2769061, 11.3898671 47.2768843, 11.38988 47.2768597, 11.3898862 47.2768332, 11.3898848 47.2767999, 11.3898677 47.2767608, 11.3898286 47.2767288, 11.389685 47.2766278, 11.3896486 47.2765974, 11.3896147 47.276567, 11.3895596 47.2765063, 11.389525 47.2764613, 11.3894964 47.2764156, 11.3894746 47.2763688, 11.38946 47.2763299, 11.3894515 47.2762926, 11.3894432 47.2762537, 11.3894379 47.2762094, 11.3894434 47.2760156)"
6341,6.0,,,,192.58599999999996,,5,,8.0,"LINESTRING (11.3898245 47.2769257, 11.3897845 47.276945, 11.3897315 47.2769504, 11.3896827 47.2769517, 11.3896339 47.2769435, 11.3895741 47.2769197, 11.389535 47.2768923, 11.3894895 47.2768416, 11.3893915 47.2766992, 11.3893376 47.2766162, 11.3893112 47.2765819, 11.3892777 47.2765486, 11.3892396 47.2765144, 11.3892083 47.2764881, 11.389171 47.2764585, 11.3891012 47.2764058, 11.3890443 47.2763681, 11.3888479 47.2762316, 11.3886389 47.2760892, 11.3885679 47.2760452, 11.3885061 47.2760153, 11.3884395 47.2759863, 11.3883419 47.2759471, 11.3882396 47.2759087, 11.3880252 47.2758312)"
6342,8.0,,10.0,,59.095,,10,,4.0,"LINESTRING (11.3980476 47.2590778, 11.3972687 47.2591325)"
6343,6.0,,,,38.349000000000004,,5,,3.0000000000000004,"LINESTRING (11.3980476 47.2590778, 11.3980656 47.2592965, 11.39803 47.25942)"
6344,6.0,,,,38.349000000000004,,5,,3.0000000000000004,"LINESTRING (11.39803 47.25942, 11.3980656 47.2592965, 11.3980476 47.2590778)"
6345,8.0,,10.0,,17.322,,5,,6.000000000000001,"LINESTRING (11.3785251 47.2625495, 11.3787137 47.2626383)"
6346,8.0,,10.0,,53.293000000000006,,5,,7.000000000000001,"LINESTRING (11.3785251 47.2625495, 11.3785003 47.2625378, 11.3780048 47.2622257)"
6347,6.0,,10.0,,63.32999999999999,,5,,4.0,"LINESTRING (11.3785251 47.2625495, 11.3785967 47.2624912, 11.3786066 47.2623751, 11.3782942 47.2621967, 11.3783614 47.2621074)"
6348,6.0,,10.0,,63.33,,5,,4.0,"LINESTRING (11.3783614 47.2621074, 11.3782942 47.2621967, 11.3786066 47.2623751, 11.3785967 47.2624912, 11.3785251 47.2625495)"
6349,6.0,,10.0,,120.55100000000002,,10,5.0,4.0,"LINESTRING (11.3858335 47.2616311, 11.3858445 47.2615804, 11.3860069 47.2611473, 11.3860709 47.2609846, 11.3861039 47.2609396, 11.3861415 47.2609132, 11.3861848 47.2608946, 11.3862276 47.2608908, 11.3862808 47.2608934, 11.3866117 47.2609447)"
6350,8.0,,,9.0,1.263,,5,,6.000000000000001,"LINESTRING (11.4155863 47.2577554, 11.415571 47.2577508)"
6351,8.0,,,9.0,40.889,,5,,5.0,"LINESTRING (11.4155863 47.2577554, 11.4160934 47.2578849)"
6352,6.0,,,,100.69200000000001,,5,,6.000000000000001,"LINESTRING (11.4155863 47.2577554, 11.4152977 47.2581619, 11.415006 47.2585708)"
6353,8.0,,10.0,9.0,23.065999999999995,,10,,4.0,"LINESTRING (11.4302669 47.2614289, 11.4302991 47.2614362, 11.4303275 47.2614488, 11.4303503 47.2614659, 11.4303659 47.2614864, 11.4303734 47.2615089, 11.4303722 47.2615319, 11.4303625 47.261554, 11.4303448 47.2615737, 11.4303204 47.2615897)"
6354,6.0,,,,25.764,9.0,5,,5.0,"LINESTRING (11.4302669 47.2614289, 11.4302802 47.26139, 11.4303021 47.2613258, 11.430336 47.2612755, 11.430365 47.2612482, 11.430405 47.2612232)"
6355,6.0,,,,25.764000000000003,9.0,5,,5.0,"LINESTRING (11.430405 47.2612232, 11.430365 47.2612482, 11.430336 47.2612755, 11.4303021 47.2613258, 11.4302802 47.26139, 11.4302669 47.2614289)"
6356,6.0,,,,26.773,9.0,5,,4.0,"LINESTRING (11.430405 47.2612232, 11.4304446 47.2612033, 11.4307252 47.2611213)"
6357,6.0,,,,73.729,,5,,4.0,"LINESTRING (11.430405 47.2612232, 11.4306871 47.2615509, 11.4308182 47.2615121, 11.4309254 47.2616838)"
6358,5.0,,10.0,8.0,144.82600000000002,9.0,5,,7.000000000000001,"LINESTRING (11.4111875 47.2826264, 11.4113146 47.2826756, 11.4114378 47.2827315, 11.4116391 47.282848, 11.4118686 47.2829823, 11.4120221 47.2830638, 11.4121564 47.2831212, 11.4123456 47.2831964, 11.4126164 47.2832782, 11.4126703 47.2833032, 11.4127564 47.2833628)"
6359,5.0,,10.0,8.0,85.87899999999999,9.0,5,,6.000000000000001,"LINESTRING (11.4111875 47.2826264, 11.4110954 47.2825959, 11.4109637 47.2825578, 11.4108352 47.2825257, 11.4107078 47.282499, 11.4101054 47.2823924)"
6360,6.0,,,,34.997,,5,,4.0,"LINESTRING (11.4111875 47.2826264, 11.4113255 47.2824537, 11.4114984 47.2824691)"
6361,6.0,,,,154.32999999999998,,5,,6.000000000000001,"LINESTRING (11.4124688 47.285552, 11.4125025 47.285542, 11.4125328 47.2855236, 11.4126066 47.2854252, 11.4126363 47.2853406, 11.4127288 47.2849955, 11.4128049 47.2847833, 11.4130022 47.2848104, 11.4130482 47.2846865, 11.4131994 47.2847959, 11.4132045 47.2848489, 11.4131919 47.2849207, 11.4132196 47.284943)"
6362,8.0,,,,156.888,,5,,6.000000000000001,"LINESTRING (11.4124688 47.285552, 11.4124366 47.2855534, 11.412392 47.2855435, 11.4122622 47.2854918, 11.4119883 47.2854105, 11.4119107 47.2853956, 11.4116778 47.2853612, 11.4114361 47.285302, 11.4113901 47.2852861, 11.4113543 47.2852671, 11.4113008 47.285221, 11.4111368 47.2850559, 11.4110776 47.285008, 11.4110113 47.2849694, 11.4109248 47.2849266, 11.4107446 47.2848513)"
6363,6.0,,,,12.370000000000001,,5,,4.0,"LINESTRING (11.4124688 47.285552, 11.4124672 47.2856054, 11.4124483 47.2856618)"
6364,7.0,,,,9.151,,5,,2.0,"LINESTRING (11.3913609 47.2670738, 11.3913153 47.267117, 11.3913198 47.267146)"
6365,8.0,9.0,10.0,,77.257,,5,,6.000000000000001,"LINESTRING (11.3914569 47.2673649, 11.3920882 47.2669307, 11.3921773 47.2668712)"
6366,8.0,9.0,10.0,,20.908,,5,,6.000000000000001,"LINESTRING (11.3914569 47.2673649, 11.3913038 47.2674307, 11.3912228 47.2674655)"
6367,7.0,,4.0,,24.982,,5,,6.000000000000001,"LINESTRING (11.3914569 47.2673649, 11.3915024 47.2673917, 11.3916747 47.2674933, 11.3917152 47.2675022)"
6368,7.0,,,,7.973,,5,,5.0,"LINESTRING (11.3913173 47.2673755, 11.3913388 47.2673053)"
6369,7.0,,,,41.226000000000006,,5,,5.0,"LINESTRING (11.3909364 47.2671563, 11.3909859 47.2672474, 11.3910531 47.2673038, 11.3911266 47.2673266, 11.3911921 47.2673266, 11.391312 47.2673103, 11.3913388 47.2673053)"
6370,7.0,,,,13.255,,5,,5.0,"LINESTRING (11.3914856 47.2672434, 11.3914431 47.2672724, 11.3913744 47.2672973, 11.3913388 47.2673053)"
6371,6.0,,,,18.419,,5,,3.0000000000000004,"LINESTRING (11.4098918 47.2586849, 11.4098382 47.2588465)"
6372,6.0,,,,118.921,,10,,3.0000000000000004,"LINESTRING (11.4098918 47.2586849, 11.408556 47.2584914, 11.4084916 47.2584641, 11.4084567 47.2584368, 11.4084186 47.2583885)"
6373,6.0,,,,18.419,,5,,3.0000000000000004,"LINESTRING (11.4098382 47.2588465, 11.4098918 47.2586849)"
6374,6.0,,,,28.23,,5,,6.000000000000001,"LINESTRING (11.3884644 47.2563663, 11.3884866 47.25634, 11.3887288 47.2562681, 11.388793 47.2562752)"
6375,6.0,,,,123.305,,5,,6.000000000000001,"LINESTRING (11.3884644 47.2563663, 11.3883729 47.2562775, 11.3883036 47.2561728, 11.3882365 47.2560195, 11.3882231 47.2559467, 11.3882365 47.2559133, 11.3882835 47.2559042, 11.3883461 47.2559163, 11.3884065 47.2559952, 11.3884736 47.2560286, 11.3885854 47.2560104, 11.3886457 47.2560195, 11.3886771 47.2560559, 11.388793 47.2562752)"
6376,6.0,,,,25.418,,5,,6.000000000000001,"LINESTRING (11.3884644 47.2563663, 11.3884821 47.2564119, 11.3885037 47.2565011, 11.3884593 47.256587)"
6377,6.0,,,,123.305,,5,,6.000000000000001,"LINESTRING (11.388793 47.2562752, 11.3886771 47.2560559, 11.3886457 47.2560195, 11.3885854 47.2560104, 11.3884736 47.2560286, 11.3884065 47.2559952, 11.3883461 47.2559163, 11.3882835 47.2559042, 11.3882365 47.2559133, 11.3882231 47.2559467, 11.3882365 47.2560195, 11.3883036 47.2561728, 11.3883729 47.2562775, 11.3884644 47.2563663)"
6378,6.0,,,,28.23,,5,,6.000000000000001,"LINESTRING (11.388793 47.2562752, 11.3887288 47.2562681, 11.3884866 47.25634, 11.3884644 47.2563663)"
6379,6.0,,,,21.926,,5,,6.000000000000001,"LINESTRING (11.388793 47.2562752, 11.3888277 47.256315, 11.3889178 47.256453)"
6380,2.0,,10.0,,14.341999999999999,3.0,5,,6.000000000000001,"LINESTRING (11.3889178 47.256453, 11.3890631 47.2564143, 11.3890951 47.2564066)"
6381,2.0,,10.0,,37.687,,5,,6.000000000000001,"LINESTRING (11.3889178 47.256453, 11.3887407 47.2565001, 11.3884593 47.256587)"
6382,6.0,,,,21.926,,5,,6.000000000000001,"LINESTRING (11.3889178 47.256453, 11.3888277 47.256315, 11.388793 47.2562752)"
6383,5.0,,10.0,,116.833,,5,,6.000000000000001,"LINESTRING (11.4308483 47.2747387, 11.4298183 47.2739541)"
6384,5.0,,10.0,,45.507999999999996,,5,,6.000000000000001,"LINESTRING (11.4308483 47.2747387, 11.4305714 47.2748408, 11.4303332 47.2749507)"
6385,5.0,,10.0,,101.38799999999999,,5,,5.0,"LINESTRING (11.4308483 47.2747387, 11.43103 47.2746638, 11.4320029 47.2743383, 11.432038 47.2743176)"
6386,2.0,,,6.0,92.945,5.0,10,,2.0,"LINESTRING (11.4290991 47.2635292, 11.4297862 47.2636204, 11.4303114 47.2636762)"
6387,2.0,,,9.0,22.427,,10,,4.0,"LINESTRING (11.4290991 47.2635292, 11.4292857 47.2634574, 11.4293608 47.2634339)"
6388,6.0,,,,88.976,,5,,3.0000000000000004,"LINESTRING (11.418398 47.2692246, 11.4186381 47.2691767, 11.419327 47.2695996)"
6389,5.0,,6.0,,32.543,,5,,2.0,"LINESTRING (11.4041784 47.2522746, 11.40382 47.2521119)"
6390,6.0,,10.0,,7.134,,10,,6.000000000000001,"LINESTRING (11.4152453 47.2719901, 11.4152103 47.2719305)"
6391,6.0,,,,12.016,,5,,6.000000000000001,"LINESTRING (11.4152453 47.2719901, 11.4153747 47.2719271)"
6392,6.0,,,,29.749000000000002,,5,,6.000000000000001,"LINESTRING (11.4152453 47.2719901, 11.4150861 47.2720805, 11.4150253 47.2721065, 11.4149282 47.2721481)"
6393,7.0,,10.0,,9.661,,5,,6.000000000000001,"LINESTRING (11.4191918 47.2751189, 11.4192485 47.275041)"
6394,8.0,,10.0,9.0,82.12,,5,,6.000000000000001,"LINESTRING (11.4191918 47.2751189, 11.4191396 47.2752176, 11.419097 47.2752574, 11.4188187 47.2755178, 11.4185817 47.2757257)"
6395,6.0,,10.0,,74.463,,10,,5.0,"LINESTRING (11.4191918 47.2751189, 11.4189778 47.2750112, 11.4184259 47.2746969)"
6396,7.0,,10.0,,9.661,,5,,6.000000000000001,"LINESTRING (11.4192485 47.275041, 11.4191918 47.2751189)"
6397,6.0,,10.0,,295.11199999999997,,10,,5.0,"LINESTRING (11.4192485 47.275041, 11.4195118 47.2751174, 11.4197474 47.2751607, 11.4200119 47.2751881, 11.4213988 47.2752516, 11.4215287 47.2752539, 11.4222662 47.2752667, 11.4227066 47.2752179, 11.4228638 47.275195, 11.4231072 47.2751596)"
6398,8.0,,10.0,,52.078,,5,,5.0,"LINESTRING (11.4192485 47.275041, 11.4193274 47.2749417, 11.4193576 47.2749037, 11.4194621 47.2747723, 11.4195765 47.2746289)"
6399,6.0,,,,19.218,,5,,5.0,"LINESTRING (11.4258548 47.2608957, 11.425976 47.2607437)"
6400,8.0,,10.0,9.0,56.877,,10,,3.0000000000000004,"LINESTRING (11.4258548 47.2608957, 11.4258364 47.2608771, 11.4253124 47.2605413)"
6401,6.0,,,10.0,22.361,,10,,4.0,"LINESTRING (11.3976472 47.2532369, 11.3976317 47.2533173, 11.3975979 47.2534351)"
6402,6.0,,,10.0,62.356,,5,,6.000000000000001,"LINESTRING (11.3976472 47.2532369, 11.3976453 47.2531924, 11.3976184 47.2531462, 11.3975762 47.2531157, 11.3975188 47.2530883, 11.3974498 47.2530792, 11.3973915 47.2530817, 11.3973261 47.2531042, 11.3972714 47.2531492, 11.3972508 47.2532174, 11.397257 47.2532837, 11.3972723 47.2533281)"
6403,6.0,,,10.0,24.561999999999998,,5,,6.000000000000001,"LINESTRING (11.3976472 47.2532369, 11.3976259 47.2532765, 11.3976117 47.2533054, 11.3975799 47.2533318, 11.3975126 47.2533618, 11.3974489 47.253369, 11.397426 47.253371)"
6404,6.0,,,10.0,27.149,,10,,5.0,"LINESTRING (11.3977406 47.2530018, 11.3977172 47.2530942, 11.3976472 47.2532369)"
6405,6.0,,,10.0,15.015,,10,,1.0,"LINESTRING (11.3977523 47.252867, 11.3977406 47.2530018)"
6406,6.0,,,10.0,27.33,,10,,3.0000000000000004,"LINESTRING (11.3963623 47.2532577, 11.3963049 47.253196, 11.3962682 47.2531422, 11.3962286 47.2530841, 11.3962061 47.253037)"
6407,6.0,,,10.0,127.12799999999999,,10,,2.0,"LINESTRING (11.3963623 47.2532577, 11.3963437 47.2532218, 11.3963216 47.253176, 11.3963193 47.2531392, 11.3963193 47.253098, 11.3963193 47.2530619, 11.3963227 47.2528386, 11.3963249 47.2525738, 11.3963271 47.2523373, 11.3963282 47.2522555, 11.3963426 47.2522247, 11.3963614 47.2522, 11.3964001 47.2521767, 11.3964332 47.2521602, 11.3964509 47.2521543)"
6408,6.0,,,10.0,75.312,,10,,5.0,"LINESTRING (11.3973092 47.25338, 11.3972794 47.2533653, 11.3972273 47.2533396, 11.397167 47.2533307, 11.397034 47.2533302, 11.3967817 47.2533287, 11.3965375 47.2533258, 11.3964401 47.2533026, 11.3963623 47.2532577)"
6409,6.0,,,10.0,6.4079999999999995,,5,,6.000000000000001,"LINESTRING (11.3973092 47.25338, 11.3973023 47.2533703, 11.3972723 47.2533281)"
6410,6.0,,,10.0,8.873000000000001,,5,,6.000000000000001,"LINESTRING (11.3973092 47.25338, 11.3973941 47.2533738, 11.397426 47.253371)"
6411,6.0,,,10.0,6.4079999999999995,,5,,5.0,"LINESTRING (11.3972723 47.2533281, 11.3973023 47.2533703, 11.3973092 47.25338)"
6412,6.0,,,10.0,62.356,,5,,5.0,"LINESTRING (11.3972723 47.2533281, 11.397257 47.2532837, 11.3972508 47.2532174, 11.3972714 47.2531492, 11.3973261 47.2531042, 11.3973915 47.2530817, 11.3974498 47.2530792, 11.3975188 47.2530883, 11.3975762 47.2531157, 11.3976184 47.2531462, 11.3976453 47.2531924, 11.3976472 47.2532369)"
6413,6.0,,,10.0,12.736999999999998,,10,,5.0,"LINESTRING (11.3972723 47.2533281, 11.397317 47.2533505, 11.3973658 47.2533612, 11.397426 47.253371)"
6414,6.0,,,10.0,195.28300000000002,,10,,3.0000000000000004,"LINESTRING (11.3964509 47.2521543, 11.3965451 47.2521541, 11.3973569 47.252159, 11.397743 47.2521649, 11.397788 47.2521862, 11.3978513 47.2522459, 11.3978484 47.2523804, 11.3978375 47.252653, 11.3978229 47.2528784, 11.3977406 47.2530018)"
6415,6.0,,,10.0,126.038,,10,,2.0,"LINESTRING (11.3962061 47.253037, 11.3961493 47.252918, 11.3960948 47.2527182, 11.3960628 47.2525551, 11.396041 47.2523774, 11.3960308 47.2522819, 11.3960599 47.2522019, 11.3961319 47.2521551, 11.3964509 47.2521543)"
6416,6.0,,,10.0,73.74499999999999,,10,,1.0,"LINESTRING (11.3962061 47.253037, 11.3962043 47.2529648, 11.3962043 47.2528777, 11.3962043 47.2528169, 11.3962055 47.2525539, 11.3962043 47.2523738)"
6417,6.0,,,10.0,30.004999999999995,,10,,5.0,"LINESTRING (11.3974822 47.253608, 11.3974858 47.2535943, 11.3974676 47.2535232, 11.3974444 47.2534733, 11.3973996 47.2534358, 11.3973848 47.2534234, 11.3973092 47.25338)"
6418,6.0,,,10.0,7.485,,10,,4.0,"LINESTRING (11.3976093 47.2536819, 11.3975465 47.253734)"
6419,6.0,,,,10.358,,10,,3.0000000000000004,"LINESTRING (11.3976093 47.2536819, 11.397725 47.253732)"
6420,6.0,,,,23.565,,5,,5.0,"LINESTRING (11.4254931 47.2682108, 11.4257852 47.2681358)"
6421,6.0,,,,53.028,,10,,4.0,"LINESTRING (11.4254931 47.2682108, 11.4255657 47.2683275, 11.425553 47.2683476, 11.4253857 47.2683932, 11.4251145 47.2683006)"
6422,6.0,,,,36.873000000000005,,5,,4.0,"LINESTRING (11.4254133 47.268466, 11.4253838 47.2684719, 11.425351 47.2684713, 11.4253141 47.2684635, 11.424972 47.2683415)"
6423,6.0,,,,11.674,,5,,5.0,"LINESTRING (11.424972 47.2683415, 11.4251145 47.2683006)"
6424,6.0,,,,4.845,,5,,6.000000000000001,"LINESTRING (11.424972 47.2683415, 11.4249151 47.2683213)"
6425,6.0,,,,36.873,,5,,4.0,"LINESTRING (11.424972 47.2683415, 11.4253141 47.2684635, 11.425351 47.2684713, 11.4253838 47.2684719, 11.4254133 47.268466)"
6426,6.0,,,,19.608,,5,,6.000000000000001,"LINESTRING (11.4249151 47.2683213, 11.4247901 47.2684759)"
6427,6.0,,,,4.845,,5,,6.000000000000001,"LINESTRING (11.4249151 47.2683213, 11.424972 47.2683415)"
6428,6.0,,,,11.51,,5,,6.000000000000001,"LINESTRING (11.4249151 47.2683213, 11.4248548 47.2682894, 11.4247869 47.2682661)"
6429,8.0,,,,69.465,9.0,5,,6.000000000000001,"LINESTRING (11.4239729 47.2681882, 11.4247901 47.2684759)"
6430,8.0,,,,39.458,9.0,5,,6.000000000000001,"LINESTRING (11.4239729 47.2681882, 11.4235087 47.2680248)"
6431,6.0,,,,154.859,,5,,6.000000000000001,"LINESTRING (11.4239729 47.2681882, 11.4240585 47.2680761, 11.4239554 47.2679235, 11.4239561 47.2678883, 11.4239815 47.2678618, 11.4246011 47.2676739, 11.4247473 47.2676678, 11.4253929 47.2674926)"
6432,5.0,,10.0,7.0,26.946,,5,,6.000000000000001,"LINESTRING (11.4253929 47.2674926, 11.4252563 47.2672687)"
6433,6.0,,,,154.85899999999998,,5,,6.000000000000001,"LINESTRING (11.4253929 47.2674926, 11.4247473 47.2676678, 11.4246011 47.2676739, 11.4239815 47.2678618, 11.4239561 47.2678883, 11.4239554 47.2679235, 11.4240585 47.2680761, 11.4239729 47.2681882)"
6434,5.0,,10.0,7.0,77.404,,5,,6.000000000000001,"LINESTRING (11.4253929 47.2674926, 11.4254884 47.2676492, 11.4256131 47.2678536, 11.4257852 47.2681358)"
6435,6.0,,,,27.085,,5,,4.0,"LINESTRING (11.4244667 47.268156, 11.4247869 47.2682661)"
6436,6.0,,,,27.085,,5,,3.0000000000000004,"LINESTRING (11.4247869 47.2682661, 11.4244667 47.268156)"
6437,6.0,,,,71.44800000000001,,10,,4.0,"LINESTRING (11.4247869 47.2682661, 11.4248397 47.2682001, 11.4253898 47.2680444, 11.4254831 47.2681946)"
6438,6.0,,,,11.51,,5,,5.0,"LINESTRING (11.4247869 47.2682661, 11.4248548 47.2682894, 11.4249151 47.2683213)"
6439,6.0,,,,16.353,,5,,6.000000000000001,"LINESTRING (11.3972557 47.2673621, 11.3972011 47.2673405, 11.3971831 47.2672831, 11.3972181 47.2672443)"
6440,6.0,,,,16.492,,5,,6.000000000000001,"LINESTRING (11.3972557 47.2673621, 11.3972933 47.2673272, 11.3972752 47.2672698, 11.3972181 47.2672443)"
6441,6.0,,,,127.294,,5,,6.000000000000001,"LINESTRING (11.3972557 47.2673621, 11.3973478 47.2677248, 11.3973173 47.2682037, 11.3973138 47.268297, 11.397609 47.2683359)"
6442,6.0,,,,23.275,,5,,6.000000000000001,"LINESTRING (11.3972181 47.2672443, 11.3971642 47.2670382)"
6443,6.0,,,,16.353,,5,,6.000000000000001,"LINESTRING (11.3972181 47.2672443, 11.3971831 47.2672831, 11.3972011 47.2673405, 11.3972557 47.2673621)"
6444,6.0,,,,16.492,,5,,6.000000000000001,"LINESTRING (11.3972181 47.2672443, 11.3972752 47.2672698, 11.3972933 47.2673272, 11.3972557 47.2673621)"
6445,5.0,,6.0,,35.875,,5,,4.0,"LINESTRING (11.3976431 47.2649099, 11.3977671 47.2648248, 11.3977969 47.2648068, 11.3979908 47.2646901)"
6446,6.0,,,,5.424,,5,,6.000000000000001,"LINESTRING (11.4266508 47.2692652, 11.4267214 47.269256)"
6447,6.0,,,,21.128,,5,,6.000000000000001,"LINESTRING (11.4266508 47.2692652, 11.4263758 47.269301)"
6448,6.0,,,,49.793000000000006,,5,,6.000000000000001,"LINESTRING (11.4266508 47.2692652, 11.4265735 47.2690022, 11.4265871 47.2689671, 11.4266212 47.2689457, 11.426783 47.2689246)"
6449,6.0,,,,11.494,,5,,6.000000000000001,"LINESTRING (11.4267214 47.269256, 11.426871 47.2692365)"
6450,6.0,,,,5.424,,5,,6.000000000000001,"LINESTRING (11.4267214 47.269256, 11.4266508 47.2692652)"
6451,6.0,,,,59.694,,5,,5.0,"LINESTRING (11.4267214 47.269256, 11.4268644 47.269784)"
6452,6.0,,,,35.28,,5,,6.000000000000001,"LINESTRING (11.426871 47.2692365, 11.4273302 47.2691767)"
6453,6.0,,,,11.494,,5,,6.000000000000001,"LINESTRING (11.426871 47.2692365, 11.4267214 47.269256)"
6454,6.0,,,,17.243,,5,,6.000000000000001,"LINESTRING (11.426871 47.2692365, 11.426828 47.2690842)"
6455,6.0,,,,14.096,,5,,6.000000000000001,"LINESTRING (11.4233313 47.2678196, 11.4232435 47.2679315)"
6456,6.0,,,,22.522,,5,,6.000000000000001,"LINESTRING (11.4233313 47.2678196, 11.423595 47.2679145)"
6457,6.0,,,,87.57499999999999,,5,,6.000000000000001,"LINESTRING (11.4233313 47.2678196, 11.4229916 47.2671544, 11.422917 47.2670879)"
6458,8.0,,,,22.54,9.0,5,,6.000000000000001,"LINESTRING (11.4232435 47.2679315, 11.4235087 47.2680248)"
6459,6.0,,,,14.096,,5,,6.000000000000001,"LINESTRING (11.4232435 47.2679315, 11.4233313 47.2678196)"
6460,8.0,,,,49.093999999999994,9.0,5,,6.000000000000001,"LINESTRING (11.4232435 47.2679315, 11.42292 47.2678176, 11.4226667 47.2677272)"
6461,6.0,9.0,,,31.36,,5,,6.000000000000001,"LINESTRING (11.422917 47.2670879, 11.4225962 47.2672672)"
6462,6.0,9.0,,,109.68,,5,,5.0,"LINESTRING (11.422917 47.2670879, 11.4230905 47.266991, 11.4237582 47.2666179, 11.4240279 47.2664521)"
6463,6.0,,,,87.57499999999999,,5,,6.000000000000001,"LINESTRING (11.422917 47.2670879, 11.4229916 47.2671544, 11.4233313 47.2678196)"
6464,6.0,,,,22.522,,5,,6.000000000000001,"LINESTRING (11.423595 47.2679145, 11.4233313 47.2678196)"
6465,6.0,,,,13.886,,5,,6.000000000000001,"LINESTRING (11.423595 47.2679145, 11.4235087 47.2680248)"
6466,6.0,,,,35.952,,5,,4.0,"LINESTRING (11.423595 47.2679145, 11.4236782 47.2678389, 11.423933 47.2676888)"
6467,8.0,,,,39.458,9.0,5,,6.000000000000001,"LINESTRING (11.4235087 47.2680248, 11.4239729 47.2681882)"
6468,8.0,,,,22.54,9.0,5,,6.000000000000001,"LINESTRING (11.4235087 47.2680248, 11.4232435 47.2679315)"
6469,6.0,,,,13.886,,5,,6.000000000000001,"LINESTRING (11.4235087 47.2680248, 11.423595 47.2679145)"
6470,6.0,,,,35.952,,5,,4.0,"LINESTRING (11.423933 47.2676888, 11.4236782 47.2678389, 11.423595 47.2679145)"
6471,6.0,,,,37.103,,5,,7.000000000000001,"LINESTRING (11.4259817 47.265497, 11.4256748 47.2657577)"
6472,6.0,,,,21.694,,5,,7.000000000000001,"LINESTRING (11.4259817 47.265497, 11.4257523 47.2653794)"
6473,6.0,,,,112.984,,5,,7.000000000000001,"LINESTRING (11.4259817 47.265497, 11.4264838 47.2657439, 11.4265468 47.265846, 11.4270875 47.2661626)"
6474,6.0,,,,57.92699999999999,,5,,8.0,"LINESTRING (11.4259817 47.265497, 11.4261781 47.2653453, 11.4263201 47.2651925, 11.4264234 47.2650732)"
6475,6.0,,,,37.103,,5,,7.000000000000001,"LINESTRING (11.4256748 47.2657577, 11.4259817 47.265497)"
6476,6.0,,,,23.204,,5,,6.000000000000001,"LINESTRING (11.4256748 47.2657577, 11.4254226 47.2656383)"
6477,6.0,,,,134.459,,5,,6.000000000000001,"LINESTRING (11.4256748 47.2657577, 11.4268294 47.2663274, 11.4270875 47.2661626)"
6478,8.0,,10.0,7.0,22.216,9.0,5,,6.000000000000001,"LINESTRING (11.4272454 47.2662551, 11.4270197 47.2663834)"
6479,8.0,,10.0,7.0,148.781,9.0,5,,6.000000000000001,"LINESTRING (11.4272454 47.2662551, 11.4287569 47.2653959)"
6480,6.0,,,,15.74,,5,,6.000000000000001,"LINESTRING (11.4272454 47.2662551, 11.4270875 47.2661626)"
6481,6.0,,,,15.74,,5,,6.000000000000001,"LINESTRING (11.4270875 47.2661626, 11.4272454 47.2662551)"
6482,6.0,,,,134.459,,5,,6.000000000000001,"LINESTRING (11.4270875 47.2661626, 11.4268294 47.2663274, 11.4256748 47.2657577)"
6483,6.0,,,,112.984,,5,,7.000000000000001,"LINESTRING (11.4270875 47.2661626, 11.4265468 47.265846, 11.4264838 47.2657439, 11.4259817 47.265497)"
6484,6.0,,,,21.694,,5,,7.000000000000001,"LINESTRING (11.4257523 47.2653794, 11.4259817 47.265497)"
6485,5.0,,,7.0,7.625,,5,,6.000000000000001,"LINESTRING (11.4257523 47.2653794, 11.4256902 47.2654335)"
6486,5.0,,,7.0,47.736999999999995,,5,,5.0,"LINESTRING (11.4257523 47.2653794, 11.4257937 47.2653433, 11.4259756 47.2651848, 11.426126 47.2650333)"
6487,6.0,,,,217.884,,5,,6.000000000000001,"LINESTRING (11.427873 47.2641354, 11.4279428 47.2639841, 11.4280404 47.2637654, 11.4281178 47.2635873, 11.4276939 47.263485, 11.4276246 47.2634777, 11.4275599 47.2634881, 11.4274967 47.2635163, 11.427449 47.2635529, 11.4274043 47.2636031, 11.4273719 47.2636512, 11.427278 47.2638404, 11.4272703 47.2638927, 11.4272795 47.2639408, 11.4273041 47.2639826, 11.4273473 47.2640213, 11.4274043 47.2640537, 11.4274844 47.2640777, 11.4277355 47.2641342, 11.427873 47.2641354)"
6488,6.0,,,,217.884,,5,,6.000000000000001,"LINESTRING (11.427873 47.2641354, 11.4277355 47.2641342, 11.4274844 47.2640777, 11.4274043 47.2640537, 11.4273473 47.2640213, 11.4273041 47.2639826, 11.4272795 47.2639408, 11.4272703 47.2638927, 11.427278 47.2638404, 11.4273719 47.2636512, 11.4274043 47.2636031, 11.427449 47.2635529, 11.4274967 47.2635163, 11.4275599 47.2634881, 11.4276246 47.2634777, 11.4276939 47.263485, 11.4281178 47.2635873, 11.4280404 47.2637654, 11.4279428 47.2639841, 11.427873 47.2641354)"
6489,6.0,,,,13.487,,5,,5.0,"LINESTRING (11.427873 47.2641354, 11.4279785 47.264163, 11.4280399 47.2641788)"
6490,8.0,,10.0,7.0,148.781,9.0,5,,6.000000000000001,"LINESTRING (11.4287569 47.2653959, 11.4272454 47.2662551)"
6491,8.0,,10.0,7.0,45.713,9.0,5,,6.000000000000001,"LINESTRING (11.4287569 47.2653959, 11.4292213 47.2651319)"
6492,6.0,,,,15.462,,5,,6.000000000000001,"LINESTRING (11.4287569 47.2653959, 11.4286282 47.2652877)"
6493,8.0,,10.0,7.0,45.713,9.0,5,,6.000000000000001,"LINESTRING (11.4292213 47.2651319, 11.4287569 47.2653959)"
6494,8.0,,10.0,7.0,48.471000000000004,9.0,5,,7.000000000000001,"LINESTRING (11.4292213 47.2651319, 11.4295597 47.2649395, 11.4297049 47.2648453)"
6495,6.0,,,,57.166000000000004,,5,,6.000000000000001,"LINESTRING (11.4292213 47.2651319, 11.4291467 47.2650701, 11.4291094 47.2650574, 11.4290639 47.265059, 11.429016 47.2650732, 11.4286282 47.2652877)"
6496,6.0,,,,15.462,,5,,6.000000000000001,"LINESTRING (11.4286282 47.2652877, 11.4287569 47.2653959)"
6497,6.0,,,,104.27300000000001,,5,,6.000000000000001,"LINESTRING (11.4286282 47.2652877, 11.4282828 47.2649972, 11.4285315 47.264853, 11.4286237 47.2647508, 11.4287755 47.2646636, 11.4287977 47.2646383, 11.4288333 47.2645853)"
6498,6.0,,,,57.16600000000001,,5,,6.000000000000001,"LINESTRING (11.4286282 47.2652877, 11.429016 47.2650732, 11.4290639 47.265059, 11.4291094 47.2650574, 11.4291467 47.2650701, 11.4292213 47.2651319)"
6499,8.0,,10.0,7.0,4.544,9.0,5,,5.0,"LINESTRING (11.4288333 47.2645853, 11.4287786 47.2645682)"
6500,8.0,,10.0,7.0,12.809,9.0,5,,6.000000000000001,"LINESTRING (11.4288333 47.2645853, 11.4289874 47.2646336)"
6501,6.0,,,,104.273,,5,,6.000000000000001,"LINESTRING (11.4288333 47.2645853, 11.4287977 47.2646383, 11.4287755 47.2646636, 11.4286237 47.2647508, 11.4285315 47.264853, 11.4282828 47.2649972, 11.4286282 47.2652877)"
6502,2.0,9.0,10.0,,25.451,3.0,5,,7.000000000000001,"LINESTRING (11.3863403 47.2641089, 11.3864185 47.2640626, 11.3865127 47.2640102, 11.3865988 47.2639619)"
6503,2.0,9.0,10.0,,101.05,3.0,5,,5.0,"LINESTRING (11.3863403 47.2641089, 11.3862732 47.2641487, 11.3853982 47.2647545)"
6504,6.0,9.0,10.0,,16.343,,10,5.0,4.0,"LINESTRING (11.3875451 47.26192, 11.3876317 47.261928, 11.387743 47.2619725)"
6505,6.0,,,,39.742000000000004,,5,,3.0000000000000004,"LINESTRING (11.3875451 47.26192, 11.3875486 47.2618966, 11.387598 47.2615644)"
6506,6.0,,,,39.742000000000004,,5,,3.0000000000000004,"LINESTRING (11.387598 47.2615644, 11.3875486 47.2618966, 11.3875451 47.26192)"
6507,6.0,,,,37.638000000000005,,5,,4.0,"LINESTRING (11.4004692 47.2758297, 11.4006463 47.2758179, 11.4009624 47.2757802)"
6508,8.0,,10.0,,36.609,,5,,6.000000000000001,"LINESTRING (11.4009624 47.2757802, 11.4009697 47.2758103, 11.4009716 47.275824, 11.4010043 47.2761081)"
6509,8.0,,10.0,,87.81899999999999,,5,,7.000000000000001,"LINESTRING (11.4009624 47.2757802, 11.4009372 47.2756755, 11.4007743 47.2750008)"
6510,6.0,,,,37.638000000000005,,5,,4.0,"LINESTRING (11.4009624 47.2757802, 11.4006463 47.2758179, 11.4004692 47.2758297)"
6511,6.0,,,,82.002,,5,,5.0,"LINESTRING (11.4153346 47.2738621, 11.41498 47.2735308, 11.4149002 47.273458, 11.4151844 47.2733197)"
6512,6.0,,,,100.207,,5,,6.000000000000001,"LINESTRING (11.4153346 47.2738621, 11.4153649 47.2738479, 11.4154554 47.2739462, 11.4150219 47.2746473)"
6513,6.0,,,,45.607,,5,,6.000000000000001,"LINESTRING (11.4153346 47.2738621, 11.4149491 47.2740417, 11.4148139 47.2740562)"
6514,8.0,,,,84.54599999999999,,10,,3.0000000000000004,"LINESTRING (11.4151844 47.2733197, 11.4155659 47.2736593, 11.4157582 47.2738357, 11.4158482 47.2738782, 11.415896 47.2739008)"
6515,6.0,,,,82.002,,5,,5.0,"LINESTRING (11.4151844 47.2733197, 11.4149002 47.273458, 11.41498 47.2735308, 11.4153346 47.2738621)"
6516,5.0,,,,34.54,,5,,6.000000000000001,"LINESTRING (11.4157685 47.2748947, 11.4156344 47.2751917)"
6517,5.0,,,,20.91,,5,,4.0,"LINESTRING (11.4157685 47.2748947, 11.4158497 47.2747149)"
6518,6.0,,,,34.027,,5,,5.0,"LINESTRING (11.4157685 47.2748947, 11.4157444 47.2748889, 11.4153401 47.274799)"
6519,8.0,,10.0,9.0,52.967,,10,,4.0,"LINESTRING (11.4153401 47.274799, 11.4156119 47.2743598)"
6520,6.0,,,,34.027,,5,,5.0,"LINESTRING (11.4153401 47.274799, 11.4157444 47.2748889, 11.4157685 47.2748947)"
6521,5.0,,,,7.266,,5,,4.0,"LINESTRING (11.4156344 47.2751917, 11.4156063 47.2752542)"
6522,5.0,,,,34.54,,5,,6.000000000000001,"LINESTRING (11.4156344 47.2751917, 11.4157685 47.2748947)"
6523,6.0,,,,33.747,,5,,5.0,"LINESTRING (11.4156344 47.2751917, 11.4156056 47.2751853, 11.4152068 47.2751026)"
6524,5.0,,,,7.266,,5,,4.0,"LINESTRING (11.4156063 47.2752542, 11.4156344 47.2751917)"
6525,5.0,,,,20.91,,5,,4.0,"LINESTRING (11.4158497 47.2747149, 11.4157685 47.2748947)"
6526,5.0,,,,26.187,,5,,5.0,"LINESTRING (11.4159434 47.2744296, 11.4156119 47.2743598)"
6527,5.0,,,,28.729,,5,,4.0,"LINESTRING (11.4159434 47.2744296, 11.4158581 47.2746814)"
6528,5.0,,,,56.152,,5,,5.0,"LINESTRING (11.4159434 47.2744296, 11.4160566 47.2741191, 11.4157971 47.2740619)"
6529,8.0,,10.0,9.0,35.951,,10,,4.0,"LINESTRING (11.4156119 47.2743598, 11.4157971 47.2740619)"
6530,5.0,,,,26.187,,5,,5.0,"LINESTRING (11.4156119 47.2743598, 11.4159434 47.2744296)"
6531,5.0,,,,28.729,,5,,4.0,"LINESTRING (11.4158581 47.2746814, 11.4159434 47.2744296)"
6532,8.0,,10.0,9.0,19.405,,10,,3.0000000000000004,"LINESTRING (11.4157971 47.2740619, 11.415896 47.2739008)"
6533,5.0,,,,56.152,,5,,5.0,"LINESTRING (11.4157971 47.2740619, 11.4160566 47.2741191, 11.4159434 47.2744296)"
6534,8.0,,,,88.592,,5,,6.000000000000001,"LINESTRING (11.4150219 47.2746473, 11.4145324 47.2741974, 11.4148139 47.2740562)"
6535,8.0,,,,32.263999999999996,,5,,5.0,"LINESTRING (11.4150219 47.2746473, 11.415208 47.2748184, 11.4152993 47.274865)"
6536,6.0,,,,100.20700000000001,,5,,6.000000000000001,"LINESTRING (11.4150219 47.2746473, 11.4154554 47.2739462, 11.4153649 47.2738479, 11.4153346 47.2738621)"
6537,5.0,,,,44.054,,5,,4.0,"LINESTRING (11.4143316 47.274731, 11.4145133 47.2746405, 11.4143069 47.2744416)"
6538,6.0,,,,42.511,,5,,6.000000000000001,"LINESTRING (11.4143069 47.2744416, 11.414286 47.274453, 11.4139654 47.2746054, 11.4138836 47.274524)"
6539,5.0,,,,23.928,,5,,4.0,"LINESTRING (11.4143069 47.2744416, 11.4141439 47.2742845, 11.4141244 47.2742656)"
6540,5.0,,,,44.054,,5,,4.0,"LINESTRING (11.4143069 47.2744416, 11.4145133 47.2746405, 11.4143316 47.274731)"
6541,5.0,,,,23.928,,5,,4.0,"LINESTRING (11.4141244 47.2742656, 11.4141439 47.2742845, 11.4143069 47.2744416)"
6542,6.0,,,,18.402,,5,,4.0,"LINESTRING (11.4132042 47.2735089, 11.4134033 47.2734133)"
6543,6.0,,,,19.82,,5,,5.0,"LINESTRING (11.4132042 47.2735089, 11.4129898 47.2736119)"
6544,5.0,,,,130.46400000000003,,5,,6.000000000000001,"LINESTRING (11.4132042 47.2735089, 11.413551 47.2738639, 11.413537 47.2739271, 11.4138106 47.2742333, 11.4137931 47.2742933, 11.4138735 47.2743898, 11.4139333 47.2744617, 11.4138836 47.274524)"
6545,6.0,,,,20.182,,5,,5.0,"LINESTRING (11.4138836 47.274524, 11.4136513 47.274614)"
6546,5.0,,,,130.464,,5,,6.000000000000001,"LINESTRING (11.4138836 47.274524, 11.4139333 47.2744617, 11.4138735 47.2743898, 11.4137931 47.2742933, 11.4138106 47.2742333, 11.413537 47.2739271, 11.413551 47.2738639, 11.4132042 47.2735089)"
6547,6.0,,,,42.511,,5,,6.000000000000001,"LINESTRING (11.4138836 47.274524, 11.4139654 47.2746054, 11.414286 47.274453, 11.4143069 47.2744416)"
6548,6.0,,,,34.987,,10,,5.0,"LINESTRING (11.405805 47.2644422, 11.4060641 47.2644212, 11.4062655 47.2644055)"
6549,10.0,,,,8.682,,5,,6.000000000000001,"LINESTRING (11.405805 47.2644422, 11.4058055 47.2644499, 11.4058062 47.2644613, 11.4058075 47.2644808, 11.405809 47.2645031, 11.4058101 47.2645202)"
6550,10.0,,,,15.152000000000001,,5,,7.000000000000001,"LINESTRING (11.405805 47.2644422, 11.4058036 47.2644209, 11.4057906 47.2643063)"
6551,5.0,,,,25.531,,5,,4.0,"LINESTRING (11.4012005 47.2505681, 11.400883 47.2504889)"
6552,8.0,,10.0,7.0,54.455,,5,,5.0,"LINESTRING (11.4012005 47.2505681, 11.4013558 47.2501243, 11.4013688 47.2500919)"
6553,8.0,,10.0,7.0,413.70900000000006,,5,,6.000000000000001,"LINESTRING (11.4012005 47.2505681, 11.4011396 47.2507422, 11.4010405 47.2507833, 11.4009604 47.2507711, 11.4006379 47.250731, 11.3999946 47.2505863, 11.3997544 47.2505418, 11.3995629 47.2505071, 11.3989118 47.250398, 11.3978088 47.2503637, 11.3971101 47.2502909, 11.396599 47.2501771, 11.3964507 47.2501346, 11.3963641 47.2500938, 11.3962909 47.2500491, 11.3961653 47.2499596)"
6554,5.0,,,,184.973,,5,,3.0000000000000004,"LINESTRING (11.393376 47.2795608, 11.3934465 47.2795898, 11.393641 47.2796043, 11.3936967 47.2796475, 11.3937785 47.2797999, 11.3939354 47.2799641, 11.3941567 47.2799796, 11.3943062 47.2798695, 11.3944463 47.2799378, 11.394496 47.2799505, 11.3945442 47.2799291, 11.3945603 47.2798745, 11.394559 47.2796903, 11.3944819 47.2795684, 11.394328 47.2794394, 11.3943328 47.2794113)"
6555,5.0,,,,109.838,,5,,5.0,"LINESTRING (11.393376 47.2795608, 11.3932889 47.2795262, 11.3932517 47.2795097, 11.3930978 47.2795024, 11.3929062 47.2794552, 11.3928261 47.2794572, 11.3926709 47.2794445, 11.3926388 47.2793919, 11.3927298 47.2792648, 11.3927298 47.2792122, 11.3927084 47.2791341, 11.3926763 47.2790688, 11.392715 47.2789862)"
6556,5.0,,,,20.604,,5,,4.0,"LINESTRING (11.392715 47.2789862, 11.392778 47.2788059)"
6557,5.0,,,,109.838,,5,,5.0,"LINESTRING (11.392715 47.2789862, 11.3926763 47.2790688, 11.3927084 47.2791341, 11.3927298 47.2792122, 11.3927298 47.2792648, 11.3926388 47.2793919, 11.3926709 47.2794445, 11.3928261 47.2794572, 11.3929062 47.2794552, 11.3930978 47.2795024, 11.3932517 47.2795097, 11.3932889 47.2795262, 11.393376 47.2795608)"
6558,5.0,,,,305.92900000000003,,5,,4.0,"LINESTRING (11.392715 47.2789862, 11.3927993 47.2789145, 11.3928288 47.2789163, 11.392893 47.2789399, 11.392909 47.2790034, 11.3929037 47.2790724, 11.3929545 47.2791287, 11.3930481 47.2791432, 11.3931632 47.2791214, 11.393305 47.2790706, 11.3934093 47.2790179, 11.3934682 47.2789671, 11.3933949 47.2789288, 11.3935263 47.2788505, 11.3934781 47.2788077, 11.3935297 47.2787583, 11.3935618 47.2786322, 11.3935404 47.2784698, 11.3934334 47.2783935, 11.3926843 47.278045, 11.3917251 47.2778689)"
6559,5.0,,,,35.712,,5,,4.0,"LINESTRING (11.3910839 47.2767028, 11.3910712 47.2766586, 11.3910429 47.2766221, 11.3908589 47.2765751, 11.3907227 47.2765331)"
6560,8.0,,10.0,,10.368,,5,,4.0,"LINESTRING (11.3907227 47.2765331, 11.3905861 47.2765433)"
6561,8.0,,10.0,,100.5,,5,,6.000000000000001,"LINESTRING (11.3907227 47.2765331, 11.3907964 47.2765298, 11.3908264 47.2765294, 11.3908587 47.2765303, 11.3908864 47.2765338, 11.3909261 47.2765409, 11.3910497 47.2765603, 11.3910969 47.2765631, 11.3911513 47.2765585, 11.3914504 47.2764755, 11.3914865 47.2764611, 11.3915188 47.2764446, 11.3915396 47.2764288, 11.3915533 47.2764123, 11.3915595 47.2763933, 11.3915634 47.2763472, 11.3915673 47.2762828, 11.3915592 47.2762415, 11.3915475 47.2761953, 11.3915187 47.2761227)"
6562,5.0,,,,35.711999999999996,,5,,4.0,"LINESTRING (11.3907227 47.2765331, 11.3908589 47.2765751, 11.3910429 47.2766221, 11.3910712 47.2766586, 11.3910839 47.2767028)"
6563,5.0,,,,141.594,,5,,4.0,"LINESTRING (11.4198506 47.2533548, 11.4193165 47.2530533, 11.4190916 47.2529884, 11.4187881 47.2528969, 11.4186306 47.2527976, 11.4183042 47.2526528)"
6564,5.0,,9.0,,395.762,,5,,6.000000000000001,"LINESTRING (11.4183042 47.2526528, 11.4182186 47.252639, 11.4178911 47.25264, 11.4170622 47.2525475, 11.4162748 47.2525487, 11.4158745 47.2525448, 11.4153818 47.2524345, 11.4150056 47.2523798, 11.4142676 47.2521809, 11.4139642 47.2522075, 11.4132061 47.252041)"
6565,5.0,,9.0,,357.83799999999997,,5,,6.000000000000001,"LINESTRING (11.4183042 47.2526528, 11.4184866 47.2526822, 11.4193777 47.2527591, 11.4202277 47.2530357, 11.4206122 47.2531206, 11.4210787 47.2533771, 11.4217277 47.2535614, 11.4219927 47.2536367, 11.4226943 47.2537379)"
6566,5.0,,,,141.594,,5,,4.0,"LINESTRING (11.4183042 47.2526528, 11.4186306 47.2527976, 11.4187881 47.2528969, 11.4190916 47.2529884, 11.4193165 47.2530533, 11.4198506 47.2533548)"
6567,5.0,,,,126.115,,5,,4.0,"LINESTRING (11.3806115 47.2732992, 11.380392 47.2729573, 11.3801002 47.2727826, 11.3796195 47.2727477, 11.3793858 47.2726887)"
6568,8.0,,10.0,,34.285,,10,,4.0,"LINESTRING (11.3972687 47.2591325, 11.3970471 47.2591247, 11.39699 47.2591224, 11.3968777 47.2591145, 11.3968154 47.2591148)"
6569,7.0,,,,71.543,,5,,6.000000000000001,"LINESTRING (11.3972687 47.2591325, 11.397276 47.2588195, 11.3967931 47.2587779)"
6570,6.0,,10.0,,7.359,,5,,4.0,"LINESTRING (11.3714931 47.2636877, 11.3715367 47.2636285)"
6571,6.0,,,,137.353,,5,,4.0,"LINESTRING (11.4006257 47.2539389, 11.4000428 47.2538105, 11.3999782 47.2538123, 11.399911 47.2538321, 11.3998429 47.2538687, 11.3994926 47.2540836, 11.3994121 47.2541389, 11.3992971 47.2543958)"
6572,6.0,,,,73.287,,5,,4.0,"LINESTRING (11.4002294 47.2545801, 11.3992971 47.2543958)"
6573,6.0,,,,73.287,,5,,4.0,"LINESTRING (11.3992971 47.2543958, 11.4002294 47.2545801)"
6574,6.0,,,,37.825,,5,,6.000000000000001,"LINESTRING (11.3992971 47.2543958, 11.3990831 47.2544198, 11.3989871 47.2544065, 11.3988046 47.2543811)"
6575,6.0,,,,137.35299999999998,,5,,4.0,"LINESTRING (11.3992971 47.2543958, 11.3994121 47.2541389, 11.3994926 47.2540836, 11.3998429 47.2538687, 11.399911 47.2538321, 11.3999782 47.2538123, 11.4000428 47.2538105, 11.4006257 47.2539389)"
6576,6.0,,,,52.900999999999996,,5,,4.0,"LINESTRING (11.40183 47.2526783, 11.4018582 47.2529619, 11.4018494 47.2529942, 11.4018244 47.2530254, 11.4017897 47.2530468, 11.401661 47.2530734)"
6577,6.0,,,,11.731,,5,,6.000000000000001,"LINESTRING (11.401661 47.2530734, 11.4015058 47.2530791)"
6578,6.0,,,,52.023999999999994,,5,,6.000000000000001,"LINESTRING (11.401661 47.2530734, 11.4018033 47.2530681, 11.4019619 47.2530253, 11.4022967 47.2530259, 11.402338 47.253026)"
6579,6.0,,,,52.900999999999996,,5,,4.0,"LINESTRING (11.401661 47.2530734, 11.4017897 47.2530468, 11.4018244 47.2530254, 11.4018494 47.2529942, 11.4018582 47.2529619, 11.40183 47.2526783)"
6580,6.0,,,,11.731,,5,,6.000000000000001,"LINESTRING (11.4015058 47.2530791, 11.401661 47.2530734)"
6581,6.0,,,,31.02,,5,,4.0,"LINESTRING (11.4015058 47.2530791, 11.4015111 47.2531283, 11.4014639 47.2532331, 11.4013951 47.2533437)"
6582,6.0,,,,101.00999999999999,,5,,6.000000000000001,"LINESTRING (11.4015058 47.2530791, 11.4014848 47.2530353, 11.4014435 47.252995, 11.4013784 47.2529629, 11.4003868 47.2526129)"
6583,5.0,,,,14.259,,5,,6.000000000000001,"LINESTRING (11.4033119 47.2823986, 11.4034905 47.2824406)"
6584,5.0,,,,200.32,,5,,6.000000000000001,"LINESTRING (11.4033119 47.2823986, 11.4032252 47.2823613, 11.4028518 47.2821061, 11.4027391 47.2819941, 11.4026296 47.2818988, 11.4024706 47.2818502, 11.4021891 47.2817833, 11.4013854 47.28167, 11.4010361 47.2816445)"
6585,5.0,,6.0,,169.648,,10,1.0,6.000000000000001,"LINESTRING (11.4033119 47.2823986, 11.4034894 47.2823383, 11.403524 47.282338, 11.4035655 47.2823515, 11.4035991 47.2823856, 11.4036705 47.2824477, 11.403725 47.2825029, 11.4037899 47.2825539, 11.4038126 47.2825671, 11.4038442 47.2825806, 11.4038757 47.2825817, 11.4038983 47.2825709, 11.4039078 47.2825512, 11.4038875 47.2825264, 11.403845 47.282491, 11.4038392 47.2824733, 11.4038569 47.2824335, 11.4038538 47.2824185, 11.403814 47.2823724, 11.4037523 47.2823024, 11.4036611 47.28224, 11.4035967 47.2822205, 11.4035504 47.2821827, 11.4035591 47.2821586, 11.4036088 47.2821531, 11.403712 47.2821864, 11.4040238 47.2823497, 11.4041067 47.2823873, 11.404156 47.282401)"
6586,5.0,,,,10.919,,5,,6.000000000000001,"LINESTRING (11.4053034 47.2852551, 11.4053406 47.28535)"
6587,5.0,,,,39.54900000000001,,5,,6.000000000000001,"LINESTRING (11.4053034 47.2852551, 11.4054156 47.2852595, 11.4054547 47.2852726, 11.4054614 47.2852929, 11.4055612 47.2852914, 11.4055763 47.2853013, 11.4055839 47.2854483)"
6588,5.0,,,,57.562999999999995,,5,,6.000000000000001,"LINESTRING (11.4053034 47.2852551, 11.4052652 47.2852099, 11.405018 47.2850745, 11.4048306 47.2850018, 11.4048099 47.284975, 11.4048056 47.2849488, 11.4048027 47.284912, 11.4048065 47.2849022)"
6589,5.0,,,,51.301,,5,5.0,6.000000000000001,"LINESTRING (11.4045358 47.2853301, 11.4043315 47.2853198, 11.4042271 47.2852975, 11.4041436 47.2852752, 11.4040865 47.2852528, 11.4040253 47.2852215, 11.4039777 47.2851905, 11.4039441 47.2851508)"
6590,5.0,,,,110.833,,5,5.0,6.000000000000001,"LINESTRING (11.4045358 47.2853301, 11.4049478 47.2853793, 11.4052678 47.2854333, 11.4056359 47.285586, 11.4057404 47.2856579, 11.4058316 47.2857308)"
6591,5.0,,,,301.849,,5,,6.000000000000001,"LINESTRING (11.4045358 47.2853301, 11.4045051 47.2852896, 11.4043999 47.2852596, 11.4043245 47.2852326, 11.4042758 47.2851862, 11.4042231 47.2851284, 11.404204 47.2850853, 11.4042141 47.2850532, 11.4042658 47.2850425, 11.4043114 47.2850646, 11.4043515 47.2851182, 11.4043935 47.2851442, 11.4044285 47.2851524, 11.4044575 47.2851289, 11.4044232 47.2850731, 11.4044066 47.2850048, 11.4044267 47.284947, 11.4045072 47.2848673, 11.4046814 47.2847646, 11.4047667 47.2847123, 11.404821 47.2846843, 11.4048352 47.284657, 11.4048316 47.2846102, 11.4048033 47.2845056, 11.4048102 47.2844757, 11.4048721 47.2843555, 11.4049334 47.2842301, 11.4049443 47.2841956, 11.4049469 47.2841411, 11.4048531 47.2840527, 11.4046396 47.2838565, 11.4045534 47.2837473, 11.4044007 47.2835545, 11.4042874 47.2832871)"
6592,5.0,,,,446.17399999999986,,5,5.0,4.0,"LINESTRING (11.4039441 47.2851508, 11.4039245 47.2851075, 11.4039182 47.2850796, 11.4039236 47.285047, 11.4039395 47.2850108, 11.4039782 47.2849573, 11.4039955 47.2849176, 11.4040007 47.2848923, 11.4039942 47.2848648, 11.4039732 47.284827, 11.4039451 47.2847891, 11.4039279 47.2847602, 11.4039246 47.2847312, 11.4039274 47.2846939, 11.4039405 47.2846516, 11.4039607 47.2846013, 11.4039939 47.2845009, 11.4040278 47.2843808, 11.4040336 47.2843354, 11.404029 47.2842941, 11.4040111 47.2842559, 11.4039422 47.2841768, 11.4038914 47.2841343, 11.4037716 47.2840581, 11.4036261 47.2839834, 11.4034907 47.2839034, 11.4033564 47.2838155, 11.4032279 47.2837177, 11.4030947 47.2836152, 11.4030254 47.2835803, 11.4029678 47.2835636, 11.4028992 47.2835491, 11.4028266 47.2835402, 11.4027449 47.2835419, 11.4026818 47.2835484, 11.4026187 47.2835583, 11.402551 47.2835748, 11.4023619 47.2836677, 11.4022556 47.2837177, 11.4022019 47.2837369, 11.4021585 47.2837466, 11.4021175 47.2837437, 11.4020845 47.2837346, 11.4020576 47.283722, 11.402033 47.2837006, 11.4020025 47.2836626, 11.4019445 47.2835543, 11.4018912 47.2834381, 11.4018592 47.283326, 11.4018394 47.2832933, 11.4018109 47.2832786, 11.4017766 47.2832742, 11.4017427 47.2832829, 11.4017246 47.283298, 11.4017182 47.2833178, 11.4017204 47.2833402, 11.4017332 47.2833808, 11.4017588 47.2834651, 11.4017842 47.2836354, 11.4018078 47.2837823, 11.4018103 47.2838614, 11.4018081 47.2839419, 11.4018143 47.2840413, 11.4018273 47.2840938, 11.401845 47.2841462)"
6593,5.0,,,,51.301,,5,5.0,5.0,"LINESTRING (11.4039441 47.2851508, 11.4039777 47.2851905, 11.4040253 47.2852215, 11.4040865 47.2852528, 11.4041436 47.2852752, 11.4042271 47.2852975, 11.4043315 47.2853198, 11.4045358 47.2853301)"
6594,5.0,,6.0,,619.6230000000003,,10,1.0,5.0,"LINESTRING (11.4039441 47.2851508, 11.4039932 47.2851263, 11.4041801 47.2848706, 11.4041533 47.284645, 11.4042162 47.2844767, 11.4043464 47.2843211, 11.4041841 47.2840027, 11.4039065 47.2837889, 11.4037321 47.2837125, 11.4036396 47.2835679, 11.4035632 47.2834723, 11.4034961 47.2833659, 11.4033633 47.283284, 11.4032896 47.2832012, 11.4032105 47.2831466, 11.4030938 47.2831184, 11.4029473 47.2831105, 11.4028624 47.2830959, 11.4028375 47.2830762, 11.4028604 47.2830491, 11.402914 47.28304, 11.4031105 47.2830421, 11.4032842 47.2830293, 11.4034693 47.283082, 11.4035994 47.2831494, 11.4036396 47.2831555, 11.4036624 47.2831257, 11.4034975 47.2830293, 11.403358 47.2829392, 11.403189 47.2828946, 11.4030348 47.2828837, 11.4030299 47.2828634, 11.4031528 47.282861, 11.4032326 47.2828723, 11.4032602 47.2828622, 11.4032504 47.2828357, 11.4030857 47.2827727, 11.403024 47.2826772, 11.4029047 47.2825125, 11.4027116 47.2823597, 11.4025949 47.2822933, 11.402556 47.282215, 11.4024393 47.2821277, 11.4024529 47.2821055, 11.4026311 47.2821395, 11.4027116 47.2821959, 11.4029033 47.2822587, 11.4029986 47.2823233, 11.4030971 47.2823619, 11.4032158 47.2823938, 11.4033119 47.2823986)"
6595,6.0,,,,96.307,,5,,3.0000000000000004,"LINESTRING (11.4216597 47.2602965, 11.4221935 47.2595805, 11.4222359 47.2595237)"
6596,8.0,,10.0,9.0,57.045,,10,,4.0,"LINESTRING (11.4222359 47.2595237, 11.4215489 47.2593097)"
6597,6.0,,,,96.307,,5,,3.0000000000000004,"LINESTRING (11.4222359 47.2595237, 11.4221935 47.2595805, 11.4216597 47.2602965)"
6598,8.0,,10.0,9.0,3.303,,10,,4.0,"LINESTRING (11.4229519 47.2597466, 11.422912 47.2597344)"
6599,6.0,,,,103.072,,5,,3.0000000000000004,"LINESTRING (11.4229519 47.2597466, 11.4228569 47.2598592, 11.4226069 47.2601904, 11.4225215 47.2603034, 11.4224992 47.260349, 11.4224971 47.2603904, 11.4224849 47.2604345, 11.4223853 47.2605573, 11.4223528 47.2605656)"
6600,6.0,,,,103.072,,5,,3.0000000000000004,"LINESTRING (11.4223528 47.2605656, 11.4223853 47.2605573, 11.4224849 47.2604345, 11.4224971 47.2603904, 11.4224992 47.260349, 11.4225215 47.2603034, 11.4226069 47.2601904, 11.4228569 47.2598592, 11.4229519 47.2597466)"
6601,5.0,,,,113.92599999999999,,5,,4.0,"LINESTRING (11.398913 47.2482456, 11.398733 47.2481989, 11.3984299 47.2481333, 11.3981483 47.2480732, 11.3979123 47.247984, 11.3977701 47.2479185, 11.3976762 47.2478748, 11.3976279 47.2478365, 11.3976113 47.2477881)"
6602,8.0,,10.0,9.0,14.396,,5,,6.000000000000001,"LINESTRING (11.4295501 47.2598041, 11.429723 47.2598588)"
6603,8.0,,10.0,9.0,75.825,,5,,6.000000000000001,"LINESTRING (11.4295501 47.2598041, 11.4295221 47.2597953, 11.4292183 47.2597052, 11.4286583 47.2595618, 11.4286173 47.2595513)"
6604,6.0,,,,51.587,,5,,4.0,"LINESTRING (11.4295501 47.2598041, 11.429576 47.2597546, 11.4296612 47.2596127, 11.4296654 47.2595988, 11.4296613 47.259587, 11.4296507 47.2595787, 11.4294394 47.2594107)"
6605,6.0,,,,51.586999999999996,,5,,4.0,"LINESTRING (11.4294394 47.2594107, 11.4296507 47.2595787, 11.4296613 47.259587, 11.4296654 47.2595988, 11.4296612 47.2596127, 11.429576 47.2597546, 11.4295501 47.2598041)"
6606,8.0,,10.0,9.0,81.944,,5,,6.000000000000001,"LINESTRING (11.4299975 47.2596157, 11.4304013 47.2592778, 11.430517 47.2591809, 11.4306794 47.2590422)"
6607,8.0,,10.0,9.0,34.121,,5,,6.000000000000001,"LINESTRING (11.4299975 47.2596157, 11.4297595 47.259815, 11.429723 47.2598588)"
6608,6.0,,,,36.983999999999995,,5,,4.0,"LINESTRING (11.4299975 47.2596157, 11.4298138 47.2595033, 11.4298054 47.2594948, 11.4298021 47.259484, 11.4298037 47.2594318, 11.4297995 47.2594204, 11.4297861 47.2594079, 11.4297142 47.2593664)"
6609,6.0,,,,36.984,,5,,4.0,"LINESTRING (11.4297142 47.2593664, 11.4297861 47.2594079, 11.4297995 47.2594204, 11.4298037 47.2594318, 11.4298021 47.259484, 11.4298054 47.2594948, 11.4298138 47.2595033, 11.4299975 47.2596157)"
6610,8.0,,10.0,9.0,231.243,,5,,7.000000000000001,"LINESTRING (11.4303252 47.2582115, 11.4303945 47.2580957, 11.4305274 47.2577924, 11.4305092 47.2577024, 11.4304452 47.2574129, 11.4303801 47.2573671, 11.4302453 47.2573375, 11.4297773 47.2571742, 11.4297185 47.2571359, 11.429682 47.2571062, 11.4294736 47.2568382, 11.4294196 47.2567965, 11.4293615 47.2567642, 11.429055 47.2566567)"
6611,8.0,,10.0,9.0,8.989,,5,,6.000000000000001,"LINESTRING (11.4303252 47.2582115, 11.4303089 47.2582401, 11.4302944 47.2582893)"
6612,6.0,,,,45.153000000000006,,5,,4.0,"LINESTRING (11.4303252 47.2582115, 11.4302908 47.2581735, 11.4302621 47.2581372, 11.4302305 47.2581084, 11.4301968 47.2580822, 11.4301583 47.2580574, 11.4301266 47.2580386, 11.4300911 47.2580212, 11.4300782 47.2580078, 11.4300723 47.2579856, 11.4300723 47.2579655, 11.4301217 47.2578749)"
6613,6.0,,,,45.153000000000006,,5,,4.0,"LINESTRING (11.4301217 47.2578749, 11.4300723 47.2579655, 11.4300723 47.2579856, 11.4300782 47.2580078, 11.4300911 47.2580212, 11.4301266 47.2580386, 11.4301583 47.2580574, 11.4301968 47.2580822, 11.4302305 47.2581084, 11.4302621 47.2581372, 11.4302908 47.2581735, 11.4303252 47.2582115)"
6614,8.0,,10.0,9.0,27.413,,5,,6.000000000000001,"LINESTRING (11.4309856 47.2584908, 11.4313112 47.2586001)"
6615,8.0,,10.0,9.0,56.922,,5,,6.000000000000001,"LINESTRING (11.4309856 47.2584908, 11.4305463 47.2583434, 11.4302944 47.2582893)"
6616,6.0,,,,64.363,,5,,4.0,"LINESTRING (11.4309856 47.2584908, 11.4309978 47.2583931, 11.4310591 47.2581844, 11.4310719 47.258175, 11.4310937 47.2581696, 11.4311184 47.2581723, 11.4314021 47.2582837)"
6617,6.0,,,,64.363,,5,,4.0,"LINESTRING (11.4314021 47.2582837, 11.4311184 47.2581723, 11.4310937 47.2581696, 11.4310719 47.258175, 11.4310591 47.2581844, 11.4309978 47.2583931, 11.4309856 47.2584908)"
6618,2.0,,10.0,7.0,60.605000000000004,5.0,5,,7.000000000000001,"LINESTRING (11.406224 47.2812314, 11.4061447 47.2812156, 11.4059 47.2811626, 11.4056506 47.2811154, 11.4055544 47.2810943, 11.4054605 47.2810642)"
6619,2.0,,10.0,7.0,58.56199999999999,5.0,5,,6.000000000000001,"LINESTRING (11.406224 47.2812314, 11.4062707 47.2812408, 11.4063657 47.2812584, 11.4064697 47.2812722, 11.4065526 47.2812802, 11.4066509 47.2812838, 11.4067319 47.2812835, 11.4068591 47.2812785, 11.4069907 47.2812676)"
6620,6.0,,,,54.221000000000004,,5,,4.0,"LINESTRING (11.406224 47.2812314, 11.4061786 47.2813458, 11.4061722 47.2813751, 11.4061735 47.2814035, 11.4061798 47.2814345, 11.4061925 47.2814637, 11.4062204 47.2815119, 11.4062585 47.2815576, 11.4062902 47.2815817, 11.4063245 47.2815971, 11.4064399 47.2816299)"
6621,6.0,,,,54.22099999999999,,5,,4.0,"LINESTRING (11.4064399 47.2816299, 11.4063245 47.2815971, 11.4062902 47.2815817, 11.4062585 47.2815576, 11.4062204 47.2815119, 11.4061925 47.2814637, 11.4061798 47.2814345, 11.4061735 47.2814035, 11.4061722 47.2813751, 11.4061786 47.2813458, 11.406224 47.2812314)"
6622,6.0,,,,68.77000000000001,,5,,4.0,"LINESTRING (11.3926349 47.2758745, 11.3924001 47.2756937, 11.3922352 47.2756446, 11.3921908 47.2756283, 11.3921515 47.2756128, 11.3921109 47.2756025, 11.3920677 47.2755973, 11.3920246 47.2756025, 11.3919903 47.2756154, 11.3919662 47.275636, 11.3919391 47.2756808)"
6623,6.0,,,,9.304,,5,,4.0,"LINESTRING (11.4290375 47.2632994, 11.4290581 47.2632169)"
6624,8.0,,,9.0,24.83,,5,,6.000000000000001,"LINESTRING (11.4181465 47.2565705, 11.4178435 47.2564835)"
6625,8.0,,,9.0,15.361,,5,,6.000000000000001,"LINESTRING (11.4181465 47.2565705, 11.4183339 47.2566244)"
6626,6.0,,,,53.508,,5,,4.0,"LINESTRING (11.4181465 47.2565705, 11.4179563 47.2568591, 11.4178571 47.2570098)"
6627,6.0,,,,53.508,,5,,4.0,"LINESTRING (11.4178571 47.2570098, 11.4179563 47.2568591, 11.4181465 47.2565705)"
6628,8.0,,10.0,9.0,35.108,,5,,6.000000000000001,"LINESTRING (11.4184544 47.2572753, 11.4182631 47.2575631)"
6629,8.0,,10.0,9.0,63.132,,5,,7.000000000000001,"LINESTRING (11.4184544 47.2572753, 11.4186503 47.2569807, 11.4187985 47.2567578)"
6630,6.0,,,,36.551,,5,,4.0,"LINESTRING (11.4184544 47.2572753, 11.4181316 47.2571763, 11.4180296 47.2571215)"
6631,6.0,,,,36.551,,5,,4.0,"LINESTRING (11.4180296 47.2571215, 11.4181316 47.2571763, 11.4184544 47.2572753)"
6632,8.0,,,9.0,28.246,,5,,6.000000000000001,"LINESTRING (11.4176055 47.2573777, 11.4172599 47.2572802)"
6633,8.0,,,9.0,23.249,,5,,6.000000000000001,"LINESTRING (11.4176055 47.2573777, 11.41789 47.2574579)"
6634,6.0,,,,37.592,,5,,4.0,"LINESTRING (11.4176055 47.2573777, 11.417464 47.2575978, 11.4174054 47.2576873)"
6635,6.0,,,,37.592,,5,,4.0,"LINESTRING (11.4174054 47.2576873, 11.417464 47.2575978, 11.4176055 47.2573777)"
6636,8.0,,10.0,9.0,31.464,,5,,6.000000000000001,"LINESTRING (11.4179994 47.25803, 11.4178373 47.2582907)"
6637,8.0,,10.0,9.0,56.035000000000004,,5,,6.000000000000001,"LINESTRING (11.4179994 47.25803, 11.4182679 47.2575982, 11.4182631 47.2575631)"
6638,6.0,,,,41.17,,5,,4.0,"LINESTRING (11.4179994 47.25803, 11.4176011 47.2579112, 11.417528 47.257855)"
6639,6.0,,,,41.17,,5,,4.0,"LINESTRING (11.417528 47.257855, 11.4176011 47.2579112, 11.4179994 47.25803)"
6640,8.0,,,9.0,71.125,,5,,6.000000000000001,"LINESTRING (11.4157307 47.256861, 11.4148588 47.2566182)"
6641,8.0,,,9.0,1.589,,5,,6.000000000000001,"LINESTRING (11.4157307 47.256861, 11.4157502 47.2568664)"
6642,6.0,,,,55.508,,5,,4.0,"LINESTRING (11.4157307 47.256861, 11.4160125 47.2563999)"
6643,6.0,,,,55.508,,5,,4.0,"LINESTRING (11.4160125 47.2563999, 11.4157307 47.256861)"
6644,8.0,,,9.0,1.064,,5,,6.000000000000001,"LINESTRING (11.4146043 47.2565474, 11.4145913 47.2565437)"
6645,8.0,,,9.0,20.758,,5,,6.000000000000001,"LINESTRING (11.4146043 47.2565474, 11.4148588 47.2566182)"
6646,6.0,,,,52.456999999999994,,5,,4.0,"LINESTRING (11.4146043 47.2565474, 11.4147611 47.2562735, 11.4147774 47.2562602, 11.4148002 47.2562547, 11.4148295 47.2562525, 11.4148605 47.256258, 11.4150021 47.2562934)"
6647,6.0,,,,52.456999999999994,,5,,4.0,"LINESTRING (11.4150021 47.2562934, 11.4148605 47.256258, 11.4148295 47.2562525, 11.4148002 47.2562547, 11.4147774 47.2562602, 11.4147611 47.2562735, 11.4146043 47.2565474)"
6648,8.0,,,9.0,20.758,,5,,6.000000000000001,"LINESTRING (11.4148588 47.2566182, 11.4146043 47.2565474)"
6649,8.0,,,9.0,71.125,,5,,6.000000000000001,"LINESTRING (11.4148588 47.2566182, 11.4157307 47.256861)"
6650,6.0,,,,43.89,,5,,4.0,"LINESTRING (11.4148588 47.2566182, 11.4146535 47.2569875)"
6651,6.0,,,,43.89,,5,,4.0,"LINESTRING (11.4146535 47.2569875, 11.4148588 47.2566182)"
6652,8.0,,,9.0,21.137,,5,,6.000000000000001,"LINESTRING (11.4140038 47.2565856, 11.4141135 47.2564107)"
6653,8.0,,,9.0,25.02,,5,,6.000000000000001,"LINESTRING (11.4140038 47.2565856, 11.4138933 47.2567616, 11.4138722 47.2567921)"
6654,6.0,,,,59.997,,5,,6.000000000000001,"LINESTRING (11.4140038 47.2565856, 11.414489 47.2567157, 11.4145913 47.2565437)"
6655,8.0,,,9.0,38.974,,5,,6.000000000000001,"LINESTRING (11.4145913 47.2565437, 11.4141135 47.2564107)"
6656,8.0,,,9.0,1.064,,5,,6.000000000000001,"LINESTRING (11.4145913 47.2565437, 11.4146043 47.2565474)"
6657,6.0,,,,59.997,,5,,6.000000000000001,"LINESTRING (11.4145913 47.2565437, 11.414489 47.2567157, 11.4140038 47.2565856)"
6658,8.0,,,9.0,25.02,,5,,6.000000000000001,"LINESTRING (11.4138722 47.2567921, 11.4138933 47.2567616, 11.4140038 47.2565856)"
6659,8.0,,,9.0,54.227000000000004,,5,,6.000000000000001,"LINESTRING (11.4138722 47.2567921, 11.4136535 47.257108, 11.4136186 47.2571476, 11.413578 47.2571937, 11.4135425 47.2572241)"
6660,6.0,,,,30.6,,5,,4.0,"LINESTRING (11.4138722 47.2567921, 11.4141454 47.2568604, 11.4141845 47.2567875)"
6661,6.0,,,,30.6,,5,,4.0,"LINESTRING (11.4141845 47.2567875, 11.4141454 47.2568604, 11.4138722 47.2567921)"
6662,8.0,,,9.0,1.589,,5,,6.000000000000001,"LINESTRING (11.4157502 47.2568664, 11.4157307 47.256861)"
6663,8.0,,,9.0,25.384,,5,,6.000000000000001,"LINESTRING (11.4157502 47.2568664, 11.4160178 47.2569413, 11.4160614 47.256953)"
6664,6.0,,,,25.145000000000003,,5,,4.0,"LINESTRING (11.4157502 47.2568664, 11.4157128 47.2569366, 11.4156258 47.2570761)"
6665,6.0,,,,25.145000000000003,,5,,4.0,"LINESTRING (11.4156258 47.2570761, 11.4157128 47.2569366, 11.4157502 47.2568664)"
6666,8.0,,,9.0,102.475,,5,,6.000000000000001,"LINESTRING (11.4158509 47.2558964, 11.4152232 47.255711, 11.4151008 47.2556801, 11.4145787 47.2555797)"
6667,8.0,,,9.0,85.953,,5,,6.000000000000001,"LINESTRING (11.4158509 47.2558964, 11.4163647 47.2560482, 11.416894 47.2562067)"
6668,6.0,,,,49.92700000000001,,5,,4.0,"LINESTRING (11.4158509 47.2558964, 11.4156906 47.2561637, 11.4156023 47.2563125)"
6669,6.0,,,,49.92700000000001,,5,,4.0,"LINESTRING (11.4156023 47.2563125, 11.4156906 47.2561637, 11.4158509 47.2558964)"
6670,8.0,,,9.0,67.444,,5,,6.000000000000001,"LINESTRING (11.4170635 47.2569181, 11.4174162 47.2563608)"
6671,8.0,,,9.0,3.098,,5,,6.000000000000001,"LINESTRING (11.4170635 47.2569181, 11.4170473 47.2569437)"
6672,6.0,,,,27.404,,5,,4.0,"LINESTRING (11.4170635 47.2569181, 11.4173991 47.2570122)"
6673,6.0,,,,27.404,,5,,4.0,"LINESTRING (11.4173991 47.2570122, 11.4170635 47.2569181)"
6674,8.0,,,9.0,3.098,,5,,6.000000000000001,"LINESTRING (11.4170473 47.2569437, 11.4170635 47.2569181)"
6675,8.0,,,9.0,28.402,,5,,7.000000000000001,"LINESTRING (11.4170473 47.2569437, 11.4168988 47.2571784)"
6676,6.0,,,,29.908,,5,,4.0,"LINESTRING (11.4170473 47.2569437, 11.4169909 47.2569252, 11.4170764 47.2567858, 11.4169744 47.2567558)"
6677,6.0,,,,29.908,,5,,4.0,"LINESTRING (11.4169744 47.2567558, 11.4170764 47.2567858, 11.4169909 47.2569252, 11.4170473 47.2569437)"
6678,8.0,,,9.0,35.016,,5,,6.000000000000001,"LINESTRING (11.4178435 47.2564835, 11.4174162 47.2563608)"
6679,8.0,,,9.0,24.83,,5,,6.000000000000001,"LINESTRING (11.4178435 47.2564835, 11.4181465 47.2565705)"
6680,6.0,,,,27.57,,5,,4.0,"LINESTRING (11.4178435 47.2564835, 11.4177369 47.2566547, 11.417821 47.2566791)"
6681,6.0,,,,27.57,,5,,4.0,"LINESTRING (11.417821 47.2566791, 11.4177369 47.2566547, 11.4178435 47.2564835)"
6682,8.0,,,9.0,8.423,,5,,6.000000000000001,"LINESTRING (11.4184367 47.2566539, 11.4183339 47.2566244)"
6683,8.0,,,9.0,29.649,,5,,7.000000000000001,"LINESTRING (11.4184367 47.2566539, 11.4187985 47.2567578)"
6684,6.0,,,,12.364,,5,,4.0,"LINESTRING (11.4184367 47.2566539, 11.4184125 47.256695, 11.418378 47.2567577)"
6685,6.0,,,,12.364,,5,,4.0,"LINESTRING (11.418378 47.2567577, 11.4184125 47.256695, 11.4184367 47.2566539)"
6686,8.0,,,9.0,15.361,,5,,6.000000000000001,"LINESTRING (11.4183339 47.2566244, 11.4181465 47.2565705)"
6687,8.0,,,9.0,8.423,,5,,6.000000000000001,"LINESTRING (11.4183339 47.2566244, 11.4184367 47.2566539)"
6688,6.0,,,,16.341,,5,,4.0,"LINESTRING (11.4183339 47.2566244, 11.4183154 47.2566625, 11.4182596 47.2567624)"
6689,6.0,,,,16.341,,5,,4.0,"LINESTRING (11.4182596 47.2567624, 11.4183154 47.2566625, 11.4183339 47.2566244)"
6690,8.0,,,9.0,29.509,,5,,7.000000000000001,"LINESTRING (11.4172599 47.2572802, 11.4168988 47.2571784)"
6691,8.0,,,9.0,28.246,,5,,6.000000000000001,"LINESTRING (11.4172599 47.2572802, 11.4176055 47.2573777)"
6692,6.0,,,,18.004,,5,,4.0,"LINESTRING (11.4172599 47.2572802, 11.4173553 47.2571318)"
6693,6.0,,,,18.004,,5,,4.0,"LINESTRING (11.4173553 47.2571318, 11.4172599 47.2572802)"
6694,8.0,,,9.0,23.249,,5,,6.000000000000001,"LINESTRING (11.41789 47.2574579, 11.4176055 47.2573777)"
6695,8.0,,,9.0,30.491,,5,,6.000000000000001,"LINESTRING (11.41789 47.2574579, 11.4182631 47.2575631)"
6696,6.0,,,,20.533,,5,,4.0,"LINESTRING (11.41789 47.2574579, 11.4178753 47.2574847, 11.4177903 47.2576297)"
6697,6.0,,,,20.533,,5,,4.0,"LINESTRING (11.4177903 47.2576297, 11.4178753 47.2574847, 11.41789 47.2574579)"
6698,8.0,,,9.0,33.677,,5,,6.000000000000001,"LINESTRING (11.4174129 47.2581971, 11.4178373 47.2582907)"
6699,6.0,,,,17.687,,5,,4.0,"LINESTRING (11.4174129 47.2581971, 11.4175086 47.2580519)"
6700,8.0,,,9.0,22.457,,5,,6.000000000000001,"LINESTRING (11.4174129 47.2581971, 11.417166 47.2581426, 11.4171303 47.2581339)"
6701,6.0,,,,17.687,,5,,4.0,"LINESTRING (11.4175086 47.2580519, 11.4174129 47.2581971)"
6702,8.0,,,9.0,59.603,,5,,6.000000000000001,"LINESTRING (11.4171303 47.2581339, 11.4163867 47.2579533)"
6703,6.0,,,,37.949,,5,,4.0,"LINESTRING (11.4171303 47.2581339, 11.4173238 47.2578189)"
6704,8.0,,,9.0,22.457,,5,,6.000000000000001,"LINESTRING (11.4171303 47.2581339, 11.417166 47.2581426, 11.4174129 47.2581971)"
6705,6.0,,,,37.949,,5,,4.0,"LINESTRING (11.4173238 47.2578189, 11.4171303 47.2581339)"
6706,8.0,,,9.0,67.986,,5,,7.000000000000001,"LINESTRING (11.4160614 47.256953, 11.4168988 47.2571784)"
6707,6.0,,,,30.605,,5,,6.000000000000001,"LINESTRING (11.4160614 47.256953, 11.4159052 47.257207)"
6708,8.0,,,9.0,25.384,,5,,6.000000000000001,"LINESTRING (11.4160614 47.256953, 11.4160178 47.2569413, 11.4157502 47.2568664)"
6709,8.0,,,9.0,1.263,,5,,6.000000000000001,"LINESTRING (11.415571 47.2577508, 11.4155863 47.2577554)"
6710,6.0,,,,21.793,,5,,6.000000000000001,"LINESTRING (11.415571 47.2577508, 11.4156821 47.2575699)"
6711,8.0,,,9.0,51.549,,5,,6.000000000000001,"LINESTRING (11.415571 47.2577508, 11.415547 47.2577436, 11.4155179 47.2577358, 11.4149356 47.2575807)"
6712,6.0,,,,15.509,,5,,6.000000000000001,"LINESTRING (11.4157613 47.2574412, 11.4156821 47.2575699)"
6713,6.0,,,,28.216,,5,,6.000000000000001,"LINESTRING (11.4157613 47.2574412, 11.4159052 47.257207)"
6714,6.0,,,,15.687000000000001,,5,,4.0,"LINESTRING (11.4157613 47.2574412, 11.4157912 47.2574486, 11.4159526 47.2574963)"
6715,6.0,,,,15.687000000000001,,5,,4.0,"LINESTRING (11.4159526 47.2574963, 11.4157912 47.2574486, 11.4157613 47.2574412)"
6716,6.0,,,,21.793,,5,,6.000000000000001,"LINESTRING (11.4156821 47.2575699, 11.415571 47.2577508)"
6717,6.0,,,,15.509,,5,,6.000000000000001,"LINESTRING (11.4156821 47.2575699, 11.4157613 47.2574412)"
6718,6.0,,,,9.237,,5,,4.0,"LINESTRING (11.4156821 47.2575699, 11.4157981 47.2575964)"
6719,6.0,,,,9.237,,5,,4.0,"LINESTRING (11.4157981 47.2575964, 11.4156821 47.2575699)"
6720,6.0,,,,28.216,,5,,6.000000000000001,"LINESTRING (11.4159052 47.257207, 11.4157613 47.2574412)"
6721,6.0,,,,30.605,,5,,6.000000000000001,"LINESTRING (11.4159052 47.257207, 11.4160614 47.256953)"
6722,6.0,,,,12.85,,5,,4.0,"LINESTRING (11.4159052 47.257207, 11.4159332 47.2572137, 11.4160642 47.2572483)"
6723,6.0,,,,12.85,,5,,4.0,"LINESTRING (11.4160642 47.2572483, 11.4159332 47.2572137, 11.4159052 47.257207)"
6724,8.0,,,9.0,19.986,,5,,6.000000000000001,"LINESTRING (11.4149356 47.2575807, 11.4146891 47.257515)"
6725,8.0,,,9.0,51.54899999999999,,5,,6.000000000000001,"LINESTRING (11.4149356 47.2575807, 11.4155179 47.2577358, 11.415547 47.2577436, 11.415571 47.2577508)"
6726,6.0,,,,90.28699999999999,,5,,4.0,"LINESTRING (11.4149356 47.2575807, 11.4150992 47.2573057, 11.4150857 47.2572418, 11.4153357 47.2568241)"
6727,6.0,,,,90.28699999999999,,5,,4.0,"LINESTRING (11.4153357 47.2568241, 11.4150857 47.2572418, 11.4150992 47.2573057, 11.4149356 47.2575807)"
6728,8.0,,,9.0,19.986,,5,,6.000000000000001,"LINESTRING (11.4146891 47.257515, 11.4149356 47.2575807)"
6729,6.0,,,,37.815,,5,,4.0,"LINESTRING (11.4146891 47.257515, 11.4144717 47.2578214)"
6730,8.0,,,9.0,33.639,,5,,6.000000000000001,"LINESTRING (11.4146891 47.257515, 11.4145485 47.2574776, 11.4142722 47.257408)"
6731,6.0,,,,37.815,,5,,4.0,"LINESTRING (11.4144717 47.2578214, 11.4146891 47.257515)"
6732,8.0,,10.0,9.0,5.109,,5,,6.000000000000001,"LINESTRING (11.4141585 47.2583418, 11.4140956 47.2583248)"
6733,8.0,,10.0,9.0,24.327,,5,,6.000000000000001,"LINESTRING (11.4141585 47.2583418, 11.414458 47.2584227)"
6734,6.0,,,,50.154,,5,,4.0,"LINESTRING (11.4141585 47.2583418, 11.4143757 47.2580402, 11.414532 47.2580855)"
6735,6.0,,,,50.154,,5,,4.0,"LINESTRING (11.414532 47.2580855, 11.4143757 47.2580402, 11.4141585 47.2583418)"
6736,8.0,,10.0,9.0,20.706,,5,,6.000000000000001,"LINESTRING (11.4147129 47.2584916, 11.414458 47.2584227)"
6737,8.0,,10.0,9.0,18.78,,5,,6.000000000000001,"LINESTRING (11.4147129 47.2584916, 11.4149442 47.2585539)"
6738,6.0,,,,54.702,,5,,4.0,"LINESTRING (11.4147129 47.2584916, 11.4150156 47.2580446)"
6739,6.0,,,,54.702,,5,,4.0,"LINESTRING (11.4150156 47.2580446, 11.4147129 47.2584916)"
6740,8.0,,,9.0,15.74,,5,,6.000000000000001,"LINESTRING (11.4142722 47.257408, 11.4140767 47.2573587)"
6741,6.0,,,,26.57,,5,,4.0,"LINESTRING (11.4142722 47.257408, 11.4141277 47.2576259)"
6742,8.0,,,9.0,33.639,,5,,6.000000000000001,"LINESTRING (11.4142722 47.257408, 11.4145485 47.2574776, 11.4146891 47.257515)"
6743,6.0,,,,26.57,,5,,4.0,"LINESTRING (11.4141277 47.2576259, 11.4142722 47.257408)"
6744,8.0,,,9.0,13.992,,5,,6.000000000000001,"LINESTRING (11.4137163 47.2572679, 11.4135425 47.2572241)"
6745,8.0,,,9.0,23.854,,5,,6.000000000000001,"LINESTRING (11.4137163 47.2572679, 11.4140126 47.2573426)"
6746,6.0,,,,30.867,,5,,4.0,"LINESTRING (11.4137163 47.2572679, 11.4135676 47.2575265)"
6747,6.0,,,,30.867,,5,,4.0,"LINESTRING (11.4135676 47.2575265, 11.4137163 47.2572679)"
6748,8.0,,10.0,9.0,24.327,,5,,6.000000000000001,"LINESTRING (11.414458 47.2584227, 11.4141585 47.2583418)"
6749,8.0,,10.0,9.0,20.706,,5,,6.000000000000001,"LINESTRING (11.414458 47.2584227, 11.4147129 47.2584916)"
6750,6.0,,,,17.76,,5,,4.0,"LINESTRING (11.414458 47.2584227, 11.4144776 47.2583892, 11.4145454 47.2582744)"
6751,6.0,,,,17.76,,5,,4.0,"LINESTRING (11.4145454 47.2582744, 11.4144776 47.2583892, 11.414458 47.2584227)"
6752,8.0,,10.0,9.0,22.893,,5,,4.0,"LINESTRING (11.4140956 47.2583248, 11.4138138 47.2582486)"
6753,8.0,,10.0,9.0,5.109,,5,,6.000000000000001,"LINESTRING (11.4140956 47.2583248, 11.4141585 47.2583418)"
6754,6.0,,,,31.13,,5,,4.0,"LINESTRING (11.4140956 47.2583248, 11.4139215 47.2585786)"
6755,6.0,,,,31.13,,5,,4.0,"LINESTRING (11.4139215 47.2585786, 11.4140956 47.2583248)"
6756,8.0,,,9.0,23.695,,5,,7.000000000000001,"LINESTRING (11.412868 47.2571209, 11.4125617 47.2570741)"
6757,8.0,,,9.0,52.181,,5,,6.000000000000001,"LINESTRING (11.412868 47.2571209, 11.4135425 47.2572241)"
6758,6.0,,,,12.4,,5,,6.000000000000001,"LINESTRING (11.412868 47.2571209, 11.4128525 47.2571766, 11.4128362 47.2572303)"
6759,6.0,,,,9.989,,5,,4.0,"LINESTRING (11.4127061 47.2572139, 11.4127947 47.257224, 11.4128362 47.2572303)"
6760,6.0,,,,4.353,,5,,4.0,"LINESTRING (11.4128362 47.2572303, 11.4128904 47.2572437)"
6761,6.0,,,,9.989,,5,,4.0,"LINESTRING (11.4128362 47.2572303, 11.4127947 47.257224, 11.4127061 47.2572139)"
6762,6.0,,,,12.4,,5,,6.000000000000001,"LINESTRING (11.4128362 47.2572303, 11.4128525 47.2571766, 11.412868 47.2571209)"
6763,6.0,,,,4.353,,5,,4.0,"LINESTRING (11.4128904 47.2572437, 11.4128362 47.2572303)"
6764,8.0,,,9.0,23.854,,5,,6.000000000000001,"LINESTRING (11.4140126 47.2573426, 11.4137163 47.2572679)"
6765,8.0,,,9.0,5.158,,5,,6.000000000000001,"LINESTRING (11.4140126 47.2573426, 11.4140767 47.2573587)"
6766,6.0,,,,22.444,,5,,4.0,"LINESTRING (11.4140126 47.2573426, 11.4141113 47.2571522)"
6767,6.0,,,,22.444,,5,,4.0,"LINESTRING (11.4141113 47.2571522, 11.4140126 47.2573426)"
6768,8.0,,,9.0,5.158,,5,,6.000000000000001,"LINESTRING (11.4140767 47.2573587, 11.4140126 47.2573426)"
6769,8.0,,,9.0,15.74,,5,,6.000000000000001,"LINESTRING (11.4140767 47.2573587, 11.4142722 47.257408)"
6770,6.0,,,,33.014,,5,,4.0,"LINESTRING (11.4140767 47.2573587, 11.4141813 47.2571545, 11.4141907 47.2571411, 11.4142047 47.2571339, 11.4142304 47.25713, 11.4142572 47.2571308, 11.4142829 47.2571347)"
6771,6.0,,,,33.014,,5,,4.0,"LINESTRING (11.4142829 47.2571347, 11.4142572 47.2571308, 11.4142304 47.25713, 11.4142047 47.2571339, 11.4141907 47.2571411, 11.4141813 47.2571545, 11.4140767 47.2573587)"
6772,8.0,,10.0,,5.616,,5,,6.000000000000001,"LINESTRING (11.4121755 47.2576372, 11.4122008 47.2575897)"
6773,8.0,,10.0,,28.254,,5,,6.000000000000001,"LINESTRING (11.4121755 47.2576372, 11.4120484 47.2578762)"
6774,6.0,,,,59.699000000000005,,5,,4.0,"LINESTRING (11.4121755 47.2576372, 11.4123435 47.2576631, 11.4125198 47.2576971, 11.4125385 47.2576995, 11.4125571 47.2576955, 11.4125653 47.2576876, 11.4125723 47.2576765, 11.4126996 47.2574444)"
6775,6.0,,,,59.699000000000005,,5,,4.0,"LINESTRING (11.4126996 47.2574444, 11.4125723 47.2576765, 11.4125653 47.2576876, 11.4125571 47.2576955, 11.4125385 47.2576995, 11.4125198 47.2576971, 11.4123435 47.2576631, 11.4121755 47.2576372)"
6776,2.0,,10.0,7.0,45.585,10.0,10,,4.0,"LINESTRING (11.4136996 47.259011, 11.4142525 47.2591761)"
6777,6.0,,,,48.325,,5,,3.0000000000000004,"LINESTRING (11.4136996 47.259011, 11.4138269 47.2588018, 11.4138668 47.258785, 11.4141081 47.2588505)"
6778,6.0,,,,48.325,,5,,3.0000000000000004,"LINESTRING (11.4141081 47.2588505, 11.4138668 47.258785, 11.4138269 47.2588018, 11.4136996 47.259011)"
6779,6.0,,,,39.28,,5,,3.0000000000000004,"LINESTRING (11.4142525 47.2591761, 11.4144639 47.2588533)"
6780,2.0,,10.0,7.0,62.231,,10,,4.0,"LINESTRING (11.4142525 47.2591761, 11.4143942 47.2592184, 11.4145317 47.2592594, 11.4147765 47.2593259, 11.4148446 47.2593444, 11.4150141 47.2593905)"
6781,6.0,,,,39.28,,5,,3.0000000000000004,"LINESTRING (11.4144639 47.2588533, 11.4142525 47.2591761)"
6782,6.0,,,,31.818,,5,,4.0,"LINESTRING (11.414764 47.2590848, 11.4151511 47.2591982)"
6783,8.0,,10.0,9.0,64.443,9.0,5,,7.000000000000001,"LINESTRING (11.4151511 47.2591982, 11.4155227 47.2586764)"
6784,6.0,,,,31.818,,5,,4.0,"LINESTRING (11.4151511 47.2591982, 11.414764 47.2590848)"
6785,8.0,,10.0,9.0,23.751,9.0,5,,5.0,"LINESTRING (11.4151511 47.2591982, 11.4151137 47.2592506, 11.4150141 47.2593905)"
6786,8.0,,10.0,9.0,18.78,,5,,6.000000000000001,"LINESTRING (11.4149442 47.2585539, 11.4147129 47.2584916)"
6787,8.0,,10.0,9.0,5.028,,5,,6.000000000000001,"LINESTRING (11.4149442 47.2585539, 11.415006 47.2585708)"
6788,6.0,,,,25.798000000000002,,5,,4.0,"LINESTRING (11.4149442 47.2585539, 11.4148998 47.2586301, 11.4148099 47.2587672)"
6789,6.0,,,,25.798000000000002,,5,,4.0,"LINESTRING (11.4148099 47.2587672, 11.4148998 47.2586301, 11.4149442 47.2585539)"
6790,8.0,,10.0,9.0,36.236,,5,,6.000000000000001,"LINESTRING (11.4163887 47.2588847, 11.4168369 47.2590016)"
6791,8.0,,10.0,9.0,69.744,,5,,7.000000000000001,"LINESTRING (11.4163887 47.2588847, 11.4162558 47.25885, 11.4156602 47.2586841, 11.4155227 47.2586764)"
6792,6.0,,,,16.094,,5,,4.0,"LINESTRING (11.4163887 47.2588847, 11.4163504 47.2589478, 11.4163081 47.2590187)"
6793,6.0,,,,16.094,,5,,4.0,"LINESTRING (11.4163081 47.2590187, 11.4163504 47.2589478, 11.4163887 47.2588847)"
6794,8.0,,10.0,9.0,36.236,,5,,6.000000000000001,"LINESTRING (11.4168369 47.2590016, 11.4163887 47.2588847)"
6795,8.0,,10.0,9.0,37.248,,5,,6.000000000000001,"LINESTRING (11.4168369 47.2590016, 11.4172972 47.2591225)"
6796,6.0,,,,15.695,,5,,4.0,"LINESTRING (11.4168369 47.2590016, 11.4167968 47.2590719, 11.4167613 47.2591331)"
6797,6.0,,,,15.695,,5,,4.0,"LINESTRING (11.4167613 47.2591331, 11.4167968 47.2590719, 11.4168369 47.2590016)"
6798,8.0,,10.0,9.0,37.248,,5,,6.000000000000001,"LINESTRING (11.4172972 47.2591225, 11.4168369 47.2590016)"
6799,8.0,,10.0,9.0,37.985,,5,,6.000000000000001,"LINESTRING (11.4172972 47.2591225, 11.4177674 47.2592444)"
6800,6.0,,,,16.137999999999998,,5,,4.0,"LINESTRING (11.4172972 47.2591225, 11.4172554 47.2591925, 11.4172151 47.2592565)"
6801,6.0,,,,16.137999999999998,,5,,4.0,"LINESTRING (11.4172151 47.2592565, 11.4172554 47.2591925, 11.4172972 47.2591225)"
6802,8.0,,,9.0,72.306,,5,,6.000000000000001,"LINESTRING (11.4191893 47.2586377, 11.4183604 47.2584203, 11.4182956 47.2584033)"
6803,8.0,,,9.0,43.722,,5,,6.000000000000001,"LINESTRING (11.4191893 47.2586377, 11.4193052 47.2586681, 11.4196148 47.2587495, 11.4197273 47.2587834)"
6804,6.0,,,,50.004999999999995,,5,,6.000000000000001,"LINESTRING (11.4191893 47.2586377, 11.4191474 47.2587214, 11.4189513 47.2590573)"
6805,6.0,,,,19.881,,5,,6.000000000000001,"LINESTRING (11.4189513 47.2590573, 11.4187484 47.2590063, 11.4187041 47.2589955)"
6806,6.0,,,,50.004999999999995,,5,,6.000000000000001,"LINESTRING (11.4189513 47.2590573, 11.4191474 47.2587214, 11.4191893 47.2586377)"
6807,6.0,,,,12.152999999999999,,5,,4.0,"LINESTRING (11.4189513 47.2590573, 11.4189408 47.2590748, 11.4189416 47.2591652)"
6808,6.0,,,,5.854,,5,,4.0,"LINESTRING (11.4186311 47.2589777, 11.4187041 47.2589955)"
6809,6.0,,,,5.854,,5,,4.0,"LINESTRING (11.4187041 47.2589955, 11.4186311 47.2589777)"
6810,6.0,,,,6.28,,5,,4.0,"LINESTRING (11.4187041 47.2589955, 11.4186738 47.2590481)"
6811,6.0,,,,19.881,,5,,6.000000000000001,"LINESTRING (11.4187041 47.2589955, 11.4187484 47.2590063, 11.4189513 47.2590573)"
6812,6.0,,,,6.28,,5,,4.0,"LINESTRING (11.4186738 47.2590481, 11.4187041 47.2589955)"
6813,6.0,,,,12.152999999999999,,5,,4.0,"LINESTRING (11.4189416 47.2591652, 11.4189408 47.2590748, 11.4189513 47.2590573)"
6814,8.0,,,9.0,43.722,,5,,6.000000000000001,"LINESTRING (11.4197273 47.2587834, 11.4196148 47.2587495, 11.4193052 47.2586681, 11.4191893 47.2586377)"
6815,8.0,,,9.0,23.381,,5,,6.000000000000001,"LINESTRING (11.4197273 47.2587834, 11.4199149 47.2588374, 11.4200115 47.2588671)"
6816,6.0,,,,44.233999999999995,,5,,4.0,"LINESTRING (11.4197273 47.2587834, 11.4196808 47.2588615, 11.4195012 47.2591504)"
6817,6.0,,,,44.233999999999995,,5,,4.0,"LINESTRING (11.4195012 47.2591504, 11.4196808 47.2588615, 11.4197273 47.2587834)"
6818,8.0,,,9.0,23.381,,5,,6.000000000000001,"LINESTRING (11.4200115 47.2588671, 11.4199149 47.2588374, 11.4197273 47.2587834)"
6819,8.0,,,9.0,92.844,,5,,6.000000000000001,"LINESTRING (11.4200115 47.2588671, 11.4209193 47.2591457, 11.4211329 47.2592105)"
6820,6.0,,,,45.024,,5,,4.0,"LINESTRING (11.4200115 47.2588671, 11.4199577 47.2589357, 11.419751 47.2592313)"
6821,6.0,,,,45.024,,5,,4.0,"LINESTRING (11.419751 47.2592313, 11.4199577 47.2589357, 11.4200115 47.2588671)"
6822,6.0,,10.0,,39.908,,5,,6.000000000000001,"LINESTRING (11.418426 47.261152, 11.4179535 47.2613132)"
6823,6.0,,10.0,,38.972,,5,,6.000000000000001,"LINESTRING (11.418426 47.261152, 11.4188902 47.2609984)"
6824,6.0,,,,44.459,,5,,4.0,"LINESTRING (11.418426 47.261152, 11.4183776 47.2610841, 11.418313 47.2609854, 11.4180834 47.2609179, 11.4180573 47.260961)"
6825,6.0,,,,44.459,,5,,4.0,"LINESTRING (11.4180573 47.260961, 11.4180834 47.2609179, 11.418313 47.2609854, 11.4183776 47.2610841, 11.418426 47.261152)"
6826,6.0,,10.0,,10.448,,5,,6.000000000000001,"LINESTRING (11.4178787 47.2613387, 11.4177542 47.2613798)"
6827,6.0,,10.0,,6.317,,5,,6.000000000000001,"LINESTRING (11.4178787 47.2613387, 11.4179535 47.2613132)"
6828,6.0,,,,48.858999999999995,,5,,4.0,"LINESTRING (11.4178787 47.2613387, 11.4177386 47.2611232, 11.4174634 47.2610415)"
6829,6.0,,,,48.858999999999995,,5,,4.0,"LINESTRING (11.4174634 47.2610415, 11.4177386 47.2611232, 11.4178787 47.2613387)"
6830,6.0,,10.0,,6.317,,5,,6.000000000000001,"LINESTRING (11.4179535 47.2613132, 11.4178787 47.2613387)"
6831,6.0,,10.0,,39.908,,5,,6.000000000000001,"LINESTRING (11.4179535 47.2613132, 11.418426 47.261152)"
6832,6.0,,,,63.111000000000004,,5,,4.0,"LINESTRING (11.4179535 47.2613132, 11.4178298 47.2611144, 11.4180285 47.2607895)"
6833,6.0,,,,63.111000000000004,,5,,4.0,"LINESTRING (11.4180285 47.2607895, 11.4178298 47.2611144, 11.4179535 47.2613132)"
6834,6.0,,10.0,,49.332,,5,,7.000000000000001,"LINESTRING (11.4171929 47.2615485, 11.4165952 47.2617282)"
6835,6.0,,10.0,,46.325,,5,,6.000000000000001,"LINESTRING (11.4171929 47.2615485, 11.4177542 47.2613798)"
6836,6.0,,,,52.477000000000004,,5,,4.0,"LINESTRING (11.4171929 47.2615485, 11.4171345 47.2614481, 11.4173332 47.26111)"
6837,6.0,,,,52.477000000000004,,5,,4.0,"LINESTRING (11.4173332 47.26111, 11.4171345 47.2614481, 11.4171929 47.2615485)"
6838,8.0,,,9.0,60.854,,10,,4.0,"LINESTRING (11.4193208 47.2613662, 11.4189348 47.2618467)"
6839,6.0,,,,51.46,,5,,3.0000000000000004,"LINESTRING (11.4193208 47.2613662, 11.418972 47.2612651, 11.4188312 47.2614469)"
6840,6.0,,,,51.46,,5,,3.0000000000000004,"LINESTRING (11.4188312 47.2614469, 11.418972 47.2612651, 11.4193208 47.2613662)"
6841,2.0,,,7.0,28.655,9.0,10,,5.0,"LINESTRING (11.4201535 47.260802, 11.4201346 47.2607967, 11.4200514 47.260776, 11.4199937 47.2607623, 11.419796 47.2607152)"
6842,6.0,,,,67.638,,5,,3.0000000000000004,"LINESTRING (11.4201535 47.260802, 11.4199919 47.2610317, 11.4198788 47.2611796, 11.4201229 47.2612666)"
6843,6.0,,,,67.638,,5,,3.0000000000000004,"LINESTRING (11.4201229 47.2612666, 11.4198788 47.2611796, 11.4199919 47.2610317, 11.4201535 47.260802)"
6844,6.0,,,,45.126,,5,,4.0,"LINESTRING (11.4200889 47.2615094, 11.419913 47.261736, 11.4200257 47.2618647)"
6845,6.0,,,,11.284,,5,,4.0,"LINESTRING (11.4226338 47.2624969, 11.4226943 47.2624041)"
6846,6.0,,,,15.564,,5,,4.0,"LINESTRING (11.4226338 47.2624969, 11.4228209 47.2625558)"
6847,6.0,,,,33.806,,5,,6.000000000000001,"LINESTRING (11.4226338 47.2624969, 11.4226253 47.2625098, 11.4226117 47.2625195, 11.4225946 47.2625246, 11.4225673 47.2625258, 11.4225377 47.2625236, 11.4223943 47.262482, 11.4222205 47.2624994)"
6848,6.0,,,,15.564,,5,,4.0,"LINESTRING (11.4228209 47.2625558, 11.4226338 47.2624969)"
6849,8.0,,,9.0,32.195,,5,,6.000000000000001,"LINESTRING (11.4169896 47.2643848, 11.4168432 47.2645925, 11.4168055 47.264646)"
6850,8.0,,,9.0,62.601,,5,,7.000000000000001,"LINESTRING (11.4169896 47.2643848, 11.417185 47.2641075, 11.4173475 47.2638769)"
6851,6.0,,,,43.872,,5,,4.0,"LINESTRING (11.4169896 47.2643848, 11.4173703 47.26451, 11.4175147 47.2645541)"
6852,6.0,,,,43.872,,5,,4.0,"LINESTRING (11.4175147 47.2645541, 11.4173703 47.26451, 11.4169896 47.2643848)"
6853,8.0,,10.0,,62.661,,5,,6.000000000000001,"LINESTRING (11.4182275 47.2648028, 11.4185921 47.2642965)"
6854,8.0,,10.0,,37.799,,5,,6.000000000000001,"LINESTRING (11.4182275 47.2648028, 11.4180075 47.2651082)"
6855,6.0,,,,34.035000000000004,,5,,4.0,"LINESTRING (11.4182275 47.2648028, 11.4178986 47.2647004, 11.4179313 47.2646441)"
6856,6.0,,,,34.035000000000004,,5,,4.0,"LINESTRING (11.4179313 47.2646441, 11.4178986 47.2647004, 11.4182275 47.2648028)"
6857,8.0,,,,47.388,,5,,6.000000000000001,"LINESTRING (11.4185418 47.2662849, 11.4191456 47.2664021)"
6858,8.0,,,,33.208,,5,,6.000000000000001,"LINESTRING (11.4185418 47.2662849, 11.4181187 47.2662027)"
6859,6.0,,,,54.034000000000006,,5,,4.0,"LINESTRING (11.4185418 47.2662849, 11.4187082 47.2660025, 11.418718 47.2659915, 11.4187391 47.2659859, 11.4187668 47.2659881, 11.4189524 47.2660357)"
6860,6.0,,,,54.034000000000006,,5,,4.0,"LINESTRING (11.4189524 47.2660357, 11.4187668 47.2659881, 11.4187391 47.2659859, 11.418718 47.2659915, 11.4187082 47.2660025, 11.4185418 47.2662849)"
6861,8.0,,,,53.058,,5,,7.000000000000001,"LINESTRING (11.4186831 47.2631802, 11.4180604 47.2629586)"
6862,8.0,,,,98.542,,5,,6.000000000000001,"LINESTRING (11.4186831 47.2631802, 11.4192658 47.2633875, 11.4194282 47.2634365, 11.4198578 47.2635663)"
6863,6.0,,,,53.63400000000001,,5,,4.0,"LINESTRING (11.4186831 47.2631802, 11.4186503 47.2632192, 11.4184272 47.2634988, 11.4184223 47.263512, 11.4184305 47.2635242, 11.4184533 47.263533, 11.418551 47.2635673)"
6864,6.0,,,,53.63400000000001,,5,,4.0,"LINESTRING (11.418551 47.2635673, 11.4184533 47.263533, 11.4184305 47.2635242, 11.4184223 47.263512, 11.4184272 47.2634988, 11.4186503 47.2632192, 11.4186831 47.2631802)"
6865,8.0,,,9.0,25.611,,5,,6.000000000000001,"LINESTRING (11.4168242 47.2621678, 11.4169626 47.2623781)"
6866,6.0,,,,38.354,,5,,4.0,"LINESTRING (11.4168242 47.2621678, 11.4172891 47.2620284)"
6867,8.0,,,9.0,46.542,,5,,5.0,"LINESTRING (11.4168242 47.2621678, 11.4166673 47.2619296, 11.4165686 47.2617869)"
6868,6.0,,,,38.354,,5,,4.0,"LINESTRING (11.4172891 47.2620284, 11.4168242 47.2621678)"
6869,8.0,,,9.0,45.683,,10,,5.0,"LINESTRING (11.4189348 47.2618467, 11.418645 47.2622074)"
6870,6.0,,,,23.967,,5,,3.0000000000000004,"LINESTRING (11.4189348 47.2618467, 11.4186547 47.2617451)"
6871,6.0,,,,23.967,,5,,3.0000000000000004,"LINESTRING (11.4186547 47.2617451, 11.4189348 47.2618467)"
6872,6.0,,,,30.606,,5,,4.0,"LINESTRING (11.4163922 47.2632208, 11.4167625 47.2633331)"
6873,8.0,,,9.0,32.506,,5,,6.000000000000001,"LINESTRING (11.4163922 47.2632208, 11.4163857 47.263226, 11.4162012 47.2634826)"
6874,8.0,,,9.0,80.786,,5,,6.000000000000001,"LINESTRING (11.4163922 47.2632208, 11.4164555 47.2631703, 11.4168592 47.2625696)"
6875,6.0,,,,30.606,,5,,4.0,"LINESTRING (11.4167625 47.2633331, 11.4163922 47.2632208)"
6876,6.0,,10.0,,33.149,,5,,5.0,"LINESTRING (11.3949048 47.2621037, 11.3949889 47.2618111)"
6877,6.0,,10.0,,17.718,,5,,5.0,"LINESTRING (11.3949048 47.2621037, 11.3948599 47.2622601)"
6878,6.0,,,,44.867000000000004,,5,,4.0,"LINESTRING (11.3949048 47.2621037, 11.3945641 47.2620519, 11.3945209 47.2620241, 11.3943388 47.2619988)"
6879,6.0,,,,44.867000000000004,,5,,4.0,"LINESTRING (11.3943388 47.2619988, 11.3945209 47.2620241, 11.3945641 47.2620519, 11.3949048 47.2621037)"
6880,6.0,,10.0,,25.802,,5,,6.000000000000001,"LINESTRING (11.3951 47.2614588, 11.3951716 47.2612319)"
6881,6.0,,10.0,,40.061,,5,,5.0,"LINESTRING (11.3951 47.2614588, 11.3950004 47.2617745, 11.3949889 47.2618111)"
6882,6.0,,,,46.085,,5,,6.000000000000001,"LINESTRING (11.3951 47.2614588, 11.3947337 47.2614011, 11.3947102 47.2613721, 11.3945296 47.2613422)"
6883,6.0,,,,44.3,,5,,4.0,"LINESTRING (11.3945296 47.2613422, 11.3945875 47.2611836, 11.3942511 47.2611279)"
6884,6.0,,,,46.085,,5,,6.000000000000001,"LINESTRING (11.3945296 47.2613422, 11.3947102 47.2613721, 11.3947337 47.2614011, 11.3951 47.2614588)"
6885,6.0,,,,26.894,,5,,4.0,"LINESTRING (11.3945296 47.2613422, 11.3943917 47.2613319, 11.3942139 47.2614171)"
6886,6.0,,,,44.3,,5,,4.0,"LINESTRING (11.3942511 47.2611279, 11.3945875 47.2611836, 11.3945296 47.2613422)"
6887,6.0,,,,26.894,,5,,4.0,"LINESTRING (11.3942139 47.2614171, 11.3943917 47.2613319, 11.3945296 47.2613422)"
6888,6.0,,10.0,,47.087999999999994,,5,,5.0,"LINESTRING (11.3953822 47.2606715, 11.3954262 47.2605762, 11.3954697 47.2605027, 11.3956455 47.2602894)"
6889,6.0,,10.0,,64.323,,5,,6.000000000000001,"LINESTRING (11.3953822 47.2606715, 11.3953625 47.2607141, 11.3953071 47.2608531, 11.3952576 47.2609882, 11.3952039 47.2611374, 11.3951793 47.2612122, 11.3951716 47.2612319)"
6890,6.0,,,,51.731,,5,,4.0,"LINESTRING (11.3953822 47.2606715, 11.3950073 47.2605951, 11.3950881 47.2604032)"
6891,6.0,,,,51.731,,5,,4.0,"LINESTRING (11.3950881 47.2604032, 11.3950073 47.2605951, 11.3953822 47.2606715)"
6892,6.0,9.0,10.0,,38.903999999999996,,10,,4.0,"LINESTRING (11.3938014 47.259053, 11.3940083 47.2588257, 11.3940661 47.2587529)"
6893,6.0,,,,43.238,,5,,3.0000000000000004,"LINESTRING (11.3938014 47.259053, 11.3934593 47.2589336, 11.3935379 47.2588175)"
6894,6.0,,,,43.238,,5,,3.0000000000000004,"LINESTRING (11.3935379 47.2588175, 11.3934593 47.2589336, 11.3938014 47.259053)"
6895,6.0,9.0,10.0,,0.916,,10,,4.0,"LINESTRING (11.393795 47.25906, 11.3938014 47.259053)"
6896,6.0,,,,52.717999999999996,,5,,3.0000000000000004,"LINESTRING (11.393795 47.25906, 11.3932897 47.2589888, 11.3932759 47.2591123)"
6897,6.0,,,,52.717999999999996,,5,,3.0000000000000004,"LINESTRING (11.3932759 47.2591123, 11.3932897 47.2589888, 11.393795 47.25906)"
6898,6.0,9.0,10.0,,6.85,,10,,4.0,"LINESTRING (11.393765 47.2591795, 11.393774 47.2591182)"
6899,6.0,,,,147.877,,5,,3.0000000000000004,"LINESTRING (11.393765 47.2591795, 11.3948367 47.2593799, 11.3949003 47.25932, 11.3956035 47.2594744)"
6900,6.0,,,,147.877,,5,,3.0000000000000004,"LINESTRING (11.3956035 47.2594744, 11.3949003 47.25932, 11.3948367 47.2593799, 11.393765 47.2591795)"
6901,6.0,,10.0,,11.103,,5,,6.000000000000001,"LINESTRING (11.3948734 47.2582921, 11.3950204 47.2582881)"
6902,6.0,,10.0,,37.727000000000004,,5,,6.000000000000001,"LINESTRING (11.3948734 47.2582921, 11.394642 47.2582983, 11.3943793 47.2583354)"
6903,6.0,,,,34.156,,5,,6.000000000000001,"LINESTRING (11.3948734 47.2582921, 11.3948745 47.2584975, 11.3950205 47.2585207)"
6904,8.0,,10.0,,19.271,,5,,5.0,"LINESTRING (11.394033 47.2584564, 11.3941195 47.2584615, 11.3942874 47.2584517)"
6905,8.0,,10.0,,47.352999999999994,,5,,6.000000000000001,"LINESTRING (11.394033 47.2584564, 11.3938022 47.2584606, 11.3934058 47.2584689)"
6906,6.0,,,,39.977000000000004,,5,,4.0,"LINESTRING (11.394033 47.2584564, 11.3940317 47.2583844, 11.3940049 47.2583577, 11.3939897 47.2581027)"
6907,6.0,,,,39.977,,5,,4.0,"LINESTRING (11.3939897 47.2581027, 11.3940049 47.2583577, 11.3940317 47.2583844, 11.394033 47.2584564)"
6908,8.0,,10.0,9.0,20.018,,5,,6.000000000000001,"LINESTRING (11.393109 47.2582305, 11.3931224 47.2580507)"
6909,8.0,,10.0,9.0,27.094,,5,,6.000000000000001,"LINESTRING (11.393109 47.2582305, 11.3930846 47.2584736)"
6910,6.0,,,,14.985,,5,,4.0,"LINESTRING (11.393109 47.2582305, 11.3933073 47.2582236)"
6911,6.0,,,,14.985,,5,,4.0,"LINESTRING (11.3933073 47.2582236, 11.393109 47.2582305)"
6912,6.0,9.0,10.0,,10.533,,10,,4.0,"LINESTRING (11.3942292 47.2585378, 11.3942874 47.2584517)"
6913,6.0,,,,23.908,,5,,3.0000000000000004,"LINESTRING (11.3942292 47.2585378, 11.3945351 47.2585937)"
6914,6.0,,,,23.908,,5,,3.0000000000000004,"LINESTRING (11.3945351 47.2585937, 11.3942292 47.2585378)"
6915,8.0,,10.0,9.0,2.531,,5,,6.000000000000001,"LINESTRING (11.3939109 47.2573556, 11.3938774 47.2573545)"
6916,8.0,,10.0,9.0,46.466,,5,,5.0,"LINESTRING (11.3939109 47.2573556, 11.3945259 47.2573754)"
6917,6.0,,,,30.222,,5,,6.000000000000001,"LINESTRING (11.3939109 47.2573556, 11.3938959 47.2576272)"
6918,6.0,,,,30.222,,5,,6.000000000000001,"LINESTRING (11.3938959 47.2576272, 11.3939109 47.2573556)"
6919,6.0,,,,17.493,,5,,4.0,"LINESTRING (11.3938959 47.2576272, 11.3941276 47.2576316)"
6920,6.0,,,,16.028,,5,,4.0,"LINESTRING (11.3938959 47.2576272, 11.3936836 47.2576231)"
6921,6.0,,,,17.493,,5,,4.0,"LINESTRING (11.3941276 47.2576316, 11.3938959 47.2576272)"
6922,6.0,,,,16.028,,5,,4.0,"LINESTRING (11.3936836 47.2576231, 11.3938959 47.2576272)"
6923,8.0,,10.0,9.0,1.359,,5,,6.000000000000001,"LINESTRING (11.3938774 47.2573545, 11.3938594 47.2573541)"
6924,8.0,,10.0,9.0,2.531,,5,,6.000000000000001,"LINESTRING (11.3938774 47.2573545, 11.3939109 47.2573556)"
6925,6.0,,,,33.742999999999995,,5,,4.0,"LINESTRING (11.3938774 47.2573545, 11.3938823 47.257149, 11.3937381 47.2571457)"
6926,6.0,,,,33.742999999999995,,5,,4.0,"LINESTRING (11.3937381 47.2571457, 11.3938823 47.257149, 11.3938774 47.2573545)"
6927,2.0,,10.0,,20.771,5.0,10,,4.0,"LINESTRING (11.39105 47.256088, 11.3909507 47.2560904, 11.3907762 47.2561052)"
6928,6.0,,,,60.769999999999996,,5,,3.0000000000000004,"LINESTRING (11.39105 47.256088, 11.3910611 47.2564646, 11.3908109 47.2564678)"
6929,6.0,,,,60.769999999999996,,5,,3.0000000000000004,"LINESTRING (11.3908109 47.2564678, 11.3910611 47.2564646, 11.39105 47.256088)"
6930,2.0,,10.0,,22.618,3.0,5,,6.000000000000001,"LINESTRING (11.3890951 47.2564066, 11.3893775 47.2563385)"
6931,6.0,,,,60.988,,5,,6.000000000000001,"LINESTRING (11.3890951 47.2564066, 11.388999 47.2562184, 11.389153 47.2561862, 11.38931 47.2562183, 11.3893775 47.2563385)"
6932,2.0,,10.0,,14.341999999999999,3.0,5,,6.000000000000001,"LINESTRING (11.3890951 47.2564066, 11.3890631 47.2564143, 11.3889178 47.256453)"
6933,2.0,,10.0,,22.618,3.0,5,,6.000000000000001,"LINESTRING (11.3893775 47.2563385, 11.3890951 47.2564066)"
6934,6.0,,,,60.988,,5,,6.000000000000001,"LINESTRING (11.3893775 47.2563385, 11.38931 47.2562183, 11.389153 47.2561862, 11.388999 47.2562184, 11.3890951 47.2564066)"
6935,2.0,,10.0,,36.837,3.0,5,,6.000000000000001,"LINESTRING (11.3893775 47.2563385, 11.389561 47.2562943, 11.3898399 47.2562325)"
6936,6.0,,10.0,,38.508,,5,,7.000000000000001,"LINESTRING (11.3918401 47.2576518, 11.391844 47.2573055)"
6937,6.0,,10.0,,93.31700000000001,,5,,7.000000000000001,"LINESTRING (11.3918401 47.2576518, 11.3918318 47.2583915, 11.3918318 47.258491)"
6938,6.0,,,,32.915,,5,,4.0,"LINESTRING (11.3918401 47.2576518, 11.3915452 47.2576518, 11.3915238 47.2576554, 11.3915077 47.2576659, 11.391494 47.2576805, 11.3914565 47.2577217)"
6939,6.0,,,,32.915,,5,,4.0,"LINESTRING (11.3914565 47.2577217, 11.391494 47.2576805, 11.3915077 47.2576659, 11.3915238 47.2576554, 11.3915452 47.2576518, 11.3918401 47.2576518)"
6940,8.0,,10.0,9.0,81.719,,10,,3.0000000000000004,"LINESTRING (11.3945782 47.2570329, 11.3946898 47.2563019)"
6941,6.0,,,,51.32899999999999,,5,,3.0000000000000004,"LINESTRING (11.3945782 47.2570329, 11.3942712 47.2570074, 11.3942683 47.2568945, 11.3942615 47.2568853, 11.39425 47.2568775, 11.3942317 47.2568723, 11.3940827 47.2568481)"
6942,6.0,,,,51.32899999999999,,5,,3.0000000000000004,"LINESTRING (11.3940827 47.2568481, 11.3942317 47.2568723, 11.39425 47.2568775, 11.3942615 47.2568853, 11.3942683 47.2568945, 11.3942712 47.2570074, 11.3945782 47.2570329)"
6943,6.0,,10.0,,1.446,,5,,6.000000000000001,"LINESTRING (11.3918465 47.2567323, 11.3918466 47.2567193)"
6944,6.0,,10.0,,63.737,,5,,7.000000000000001,"LINESTRING (11.3918465 47.2567323, 11.391844 47.2573055)"
6945,6.0,,,,33.723,,5,,4.0,"LINESTRING (11.3918465 47.2567323, 11.3919959 47.2567338, 11.3921651 47.2567446, 11.3921742 47.2568309)"
6946,6.0,,,,33.723,,5,,4.0,"LINESTRING (11.3921742 47.2568309, 11.3921651 47.2567446, 11.3919959 47.2567338, 11.3918465 47.2567323)"
6947,5.0,,,,46.102000000000004,,5,,4.0,"LINESTRING (11.391395 47.2452658, 11.3916576 47.2454855, 11.391781 47.2455871)"
6948,5.0,,,,25.345,,5,,3.0000000000000004,"LINESTRING (11.391395 47.2452658, 11.3912895 47.2452163, 11.3911757 47.2451859, 11.3910907 47.2451901)"
6949,5.0,,,,46.905,,5,,6.000000000000001,"LINESTRING (11.3930568 47.2465805, 11.3933945 47.2469346)"
6950,5.0,,,,13.925,,5,,6.000000000000001,"LINESTRING (11.3930568 47.2465805, 11.3929565 47.2464754)"
6951,5.0,,,,31.789,,5,,6.000000000000001,"LINESTRING (11.3930568 47.2465805, 11.3927079 47.2467406)"
6952,5.0,,,,20.735,,5,,6.000000000000001,"LINESTRING (11.3924803 47.246845, 11.3927079 47.2467406)"
6953,5.0,,,,35.657000000000004,,5,,6.000000000000001,"LINESTRING (11.3924803 47.246845, 11.3925485 47.2468295, 11.39279 47.2467996, 11.3929372 47.2468325)"
6954,5.0,,,,107.10300000000001,,5,,6.000000000000001,"LINESTRING (11.3924803 47.246845, 11.3922482 47.2468979, 11.3920118 47.2469505, 11.3917641 47.2469853, 11.3912931 47.247311)"
6955,5.0,,,,20.735,,5,,6.000000000000001,"LINESTRING (11.3927079 47.2467406, 11.3924803 47.246845)"
6956,5.0,,,,31.789,,5,,6.000000000000001,"LINESTRING (11.3927079 47.2467406, 11.3930568 47.2465805)"
6957,5.0,,,,20.1,,5,,6.000000000000001,"LINESTRING (11.3927079 47.2467406, 11.3929372 47.2468325)"
6958,5.0,,,,36.338,,5,,6.000000000000001,"LINESTRING (11.3929372 47.2468325, 11.3933945 47.2469346)"
6959,5.0,,,,20.1,,5,,6.000000000000001,"LINESTRING (11.3929372 47.2468325, 11.3927079 47.2467406)"
6960,5.0,,,,35.657000000000004,,5,,6.000000000000001,"LINESTRING (11.3929372 47.2468325, 11.39279 47.2467996, 11.3925485 47.2468295, 11.3924803 47.246845)"
6961,5.0,,,,20.798,,5,,6.000000000000001,"LINESTRING (11.3926663 47.2460791, 11.3928425 47.2462229)"
6962,5.0,,,,65.246,,5,,7.000000000000001,"LINESTRING (11.3926663 47.2460791, 11.3923355 47.2458092, 11.392025 47.2457038)"
6963,5.0,,,,65.294,,5,,7.000000000000001,"LINESTRING (11.3926663 47.2460791, 11.3925601 47.2460671, 11.3922246 47.2458527, 11.392025 47.2457038)"
6964,5.0,,,,20.798,,5,,6.000000000000001,"LINESTRING (11.3928425 47.2462229, 11.3926663 47.2460791)"
6965,5.0,,,,29.938000000000002,,5,,6.000000000000001,"LINESTRING (11.3928425 47.2462229, 11.3928929 47.246264, 11.3929565 47.2464754)"
6966,5.0,,,,38.423,,5,,6.000000000000001,"LINESTRING (11.3928425 47.2462229, 11.392755 47.2463201, 11.3927822 47.2464189, 11.3929565 47.2464754)"
6967,5.0,,,,25.345,,5,,3.0000000000000004,"LINESTRING (11.3910907 47.2451901, 11.3911757 47.2451859, 11.3912895 47.2452163, 11.391395 47.2452658)"
6968,6.0,,,,123.778,,5,,6.000000000000001,"LINESTRING (11.4142313 47.2760228, 11.4130314 47.276782)"
6969,8.0,,10.0,,197.218,,5,,6.000000000000001,"LINESTRING (11.4142313 47.2760228, 11.4139698 47.2758013, 11.4132109 47.2752178, 11.4128311 47.2749387, 11.4124738 47.2747122)"
6970,9.0,,,,297.164,,5,,6.000000000000001,"LINESTRING (11.4142313 47.2760228, 11.4147594 47.2764701, 11.4153995 47.2770554, 11.4155098 47.2770922, 11.415794 47.277357, 11.4160832 47.2775806, 11.4165 47.2778188, 11.4168337 47.2780038)"
6971,6.0,,,,123.778,,5,,6.000000000000001,"LINESTRING (11.4130314 47.276782, 11.4142313 47.2760228)"
6972,8.0,,,,192.359,,5,,7.000000000000001,"LINESTRING (11.4130314 47.276782, 11.4126745 47.2765431, 11.4112498 47.2755855, 11.4112193 47.275565)"
6973,8.0,,,,180.03799999999998,,5,,4.0,"LINESTRING (11.4130314 47.276782, 11.4144355 47.277735, 11.4147118 47.2779316)"
6974,6.0,,,,5.243,,5,5.0,5.0,"LINESTRING (11.3725681 47.2688917, 11.3726371 47.2688973)"
6975,5.0,,,,198.82100000000005,,5,,5.0,"LINESTRING (11.3725681 47.2688917, 11.3725597 47.268923, 11.3725571 47.2689347, 11.3725576 47.2689461, 11.3725605 47.2689535, 11.372569 47.2689681, 11.3725828 47.2689825, 11.3726918 47.2690686, 11.3727617 47.2691226, 11.3727926 47.2691512, 11.3728209 47.2691791, 11.3728518 47.269213, 11.3728623 47.2692324, 11.3728702 47.2692523, 11.3728734 47.2692648, 11.3728786 47.2693097, 11.372883 47.2695231, 11.372869 47.2697286, 11.3728156 47.2698598, 11.3726516 47.2701, 11.3725731 47.2702579, 11.3725029 47.270417, 11.3724885 47.2704678, 11.3724889 47.270517, 11.3724993 47.2705617)"
6976,6.0,,,,5.243,,5,5.0,5.0,"LINESTRING (11.3726371 47.2688973, 11.3725681 47.2688917)"
6977,7.0,,,,120.89300000000001,,5,,4.0,"LINESTRING (11.3726371 47.2688973, 11.3726355 47.268914, 11.3726386 47.2689234, 11.3726482 47.2689333, 11.3726619 47.268941, 11.3726775 47.2689471, 11.3726966 47.2689502, 11.3727274 47.2689533, 11.3728883 47.2689596, 11.3730002 47.2689627, 11.3730226 47.2689643, 11.3730424 47.2689693, 11.373298 47.2690477, 11.3735501 47.2691173, 11.3736237 47.2691323, 11.3737338 47.2689866, 11.3740055 47.2689893)"
6978,8.0,,,,65.977,,5,,6.000000000000001,"LINESTRING (11.3726371 47.2688973, 11.3728547 47.2685705, 11.373068 47.2683857)"
6979,8.0,,,,37.033,,5,,6.000000000000001,"LINESTRING (11.3817367 47.2686491, 11.3812594 47.2685715)"
6980,8.0,,,,3.211,,5,,6.000000000000001,"LINESTRING (11.3817367 47.2686491, 11.3817781 47.2686558)"
6981,6.0,,,,21.605,,5,,4.0,"LINESTRING (11.3817367 47.2686491, 11.3816038 47.2688212)"
6982,6.0,,,,21.605,,5,,4.0,"LINESTRING (11.3816038 47.2688212, 11.3817367 47.2686491)"
6983,8.0,,,,17.536,,5,,6.000000000000001,"LINESTRING (11.3812594 47.2685715, 11.3810334 47.2685347)"
6984,8.0,,,,37.033,,5,,6.000000000000001,"LINESTRING (11.3812594 47.2685715, 11.3817367 47.2686491)"
6985,6.0,,,,54.51,,5,,4.0,"LINESTRING (11.3812594 47.2685715, 11.3809516 47.269015)"
6986,6.0,,,,54.51,,5,,4.0,"LINESTRING (11.3809516 47.269015, 11.3812594 47.2685715)"
6987,8.0,,,,17.536,,5,,6.000000000000001,"LINESTRING (11.3810334 47.2685347, 11.3812594 47.2685715)"
6988,8.0,,,,150.79500000000002,,5,,6.000000000000001,"LINESTRING (11.3810334 47.2685347, 11.380995 47.2685285, 11.3790912 47.268215)"
6989,6.0,,,,23.250999999999998,,5,,4.0,"LINESTRING (11.3810334 47.2685347, 11.3810134 47.2685643, 11.3809142 47.2687275)"
6990,6.0,,,,23.250999999999998,,5,,4.0,"LINESTRING (11.3809142 47.2687275, 11.3810134 47.2685643, 11.3810334 47.2685347)"
6991,8.0,,,9.0,30.207,,5,,6.000000000000001,"LINESTRING (11.3738192 47.2552018, 11.3735879 47.2549801)"
6992,8.0,,,9.0,40.997,,5,,6.000000000000001,"LINESTRING (11.3738192 47.2552018, 11.3741331 47.2555027)"
6993,6.0,,,,20.813000000000002,,5,,4.0,"LINESTRING (11.3738192 47.2552018, 11.3737847 47.2552418, 11.3737124 47.2553738)"
6994,6.0,,,,20.813000000000002,,5,,4.0,"LINESTRING (11.3737124 47.2553738, 11.3737847 47.2552418, 11.3738192 47.2552018)"
6995,8.0,,,,38.629,,5,,6.000000000000001,"LINESTRING (11.3748199 47.2568128, 11.3743476 47.2566789)"
6996,8.0,,,,30.57,,5,,6.000000000000001,"LINESTRING (11.3748199 47.2568128, 11.3751937 47.2569187)"
6997,6.0,,,,21.929,,5,,4.0,"LINESTRING (11.3748199 47.2568128, 11.3748527 47.2567578, 11.3749869 47.2566543)"
6998,6.0,,,,21.929,,5,,4.0,"LINESTRING (11.3749869 47.2566543, 11.3748527 47.2567578, 11.3748199 47.2568128)"
6999,6.0,,,,31.798,,5,,4.0,"LINESTRING (11.3741104 47.2569136, 11.3743218 47.2567226, 11.3743476 47.2566789)"
7000,8.0,,,,28.65,,5,,6.000000000000001,"LINESTRING (11.3743476 47.2566789, 11.3739973 47.2565796)"
7001,8.0,,,,38.629,,5,,6.000000000000001,"LINESTRING (11.3743476 47.2566789, 11.3748199 47.2568128)"
7002,6.0,,,,31.798,,5,,4.0,"LINESTRING (11.3743476 47.2566789, 11.3743218 47.2567226, 11.3741104 47.2569136)"
7003,6.0,,,,24.761000000000003,,5,,4.0,"LINESTRING (11.3734154 47.2566337, 11.3735953 47.2565061, 11.3736254 47.2564648)"
7004,8.0,,10.0,7.0,6.59,9.0,5,,6.000000000000001,"LINESTRING (11.3736254 47.2564648, 11.3735453 47.2564412)"
7005,8.0,,10.0,7.0,6.084,9.0,5,,6.000000000000001,"LINESTRING (11.3736254 47.2564648, 11.3736994 47.2564865)"
7006,6.0,,,,24.761000000000003,,5,,4.0,"LINESTRING (11.3736254 47.2564648, 11.3735953 47.2565061, 11.3734154 47.2566337)"
7007,6.0,,,,47.999,,5,,3.0000000000000004,"LINESTRING (11.3718092 47.2564202, 11.372063 47.2560244)"
7008,6.0,,,,47.999,,5,,3.0000000000000004,"LINESTRING (11.372063 47.2560244, 11.3718092 47.2564202)"
7009,8.0,,10.0,7.0,26.296,9.0,5,,5.0,"LINESTRING (11.372063 47.2560244, 11.3721206 47.2560399, 11.3723852 47.2561144)"
7010,6.0,,,,69.457,,5,,4.0,"LINESTRING (11.378982 47.2635064, 11.3792727 47.2629966, 11.379336 47.2629315)"
7011,8.0,,10.0,,57.167,,5,,6.000000000000001,"LINESTRING (11.379336 47.2629315, 11.3787137 47.2626383)"
7012,8.0,,10.0,,14.175,,5,,6.000000000000001,"LINESTRING (11.379336 47.2629315, 11.3794903 47.2630042)"
7013,6.0,,,,69.457,,5,,4.0,"LINESTRING (11.379336 47.2629315, 11.3792727 47.2629966, 11.378982 47.2635064)"
7014,6.0,,,,68.80799999999999,,5,,5.0,"LINESTRING (11.379332 47.2636648, 11.3796305 47.2631495, 11.3796814 47.2630943)"
7015,6.0,,10.0,,9.765,,10,,4.0,"LINESTRING (11.3755727 47.2633929, 11.3756928 47.2634256)"
7016,6.0,,,,51.338,,5,,3.0000000000000004,"LINESTRING (11.3755727 47.2633929, 11.3759548 47.2630109)"
7017,6.0,,,,51.338,,5,,3.0000000000000004,"LINESTRING (11.3759548 47.2630109, 11.3755727 47.2633929)"
7018,6.0,,,,39.29,,5,,3.0000000000000004,"LINESTRING (11.375509 47.2637562, 11.3756928 47.2634256)"
7019,6.0,,10.0,,44.03,,10,,4.0,"LINESTRING (11.3756928 47.2634256, 11.3762343 47.2635731)"
7020,6.0,,,,39.29,,5,,3.0000000000000004,"LINESTRING (11.3756928 47.2634256, 11.375509 47.2637562)"
7021,8.0,,10.0,,25.225,,5,,7.000000000000001,"LINESTRING (11.379759 47.265181, 11.3797862 47.2651197, 11.3798891 47.2649726)"
7022,8.0,,10.0,,37.537,,5,,6.000000000000001,"LINESTRING (11.379759 47.265181, 11.3796706 47.26538, 11.3796028 47.2655013)"
7023,6.0,,,,43.458999999999996,,5,,4.0,"LINESTRING (11.379759 47.265181, 11.3796485 47.2651575, 11.3794625 47.2651078, 11.3794541 47.2650989, 11.3794493 47.2650826, 11.3794469 47.2650508, 11.3794529 47.2650117, 11.3794673 47.2649799, 11.3795021 47.2649416)"
7024,6.0,,,,43.459,,5,,4.0,"LINESTRING (11.3795021 47.2649416, 11.3794673 47.2649799, 11.3794529 47.2650117, 11.3794469 47.2650508, 11.3794493 47.2650826, 11.3794541 47.2650989, 11.3794625 47.2651078, 11.3796485 47.2651575, 11.379759 47.265181)"
7025,2.0,,10.0,,27.221,,5,,6.000000000000001,"LINESTRING (11.3800448 47.2655878, 11.3803914 47.2656557)"
7026,2.0,,10.0,,34.711,,5,,6.000000000000001,"LINESTRING (11.3800448 47.2655878, 11.3796028 47.2655013)"
7027,6.0,,,,30.723999999999997,,5,,4.0,"LINESTRING (11.3800448 47.2655878, 11.380129 47.2653806, 11.3800425 47.2653627)"
7028,6.0,,,,30.723999999999997,,5,,4.0,"LINESTRING (11.3800425 47.2653627, 11.380129 47.2653806, 11.3800448 47.2655878)"
7029,2.0,,10.0,,47.326,,5,,6.000000000000001,"LINESTRING (11.3803914 47.2656557, 11.380994 47.2657737)"
7030,2.0,,10.0,,27.221,,5,,6.000000000000001,"LINESTRING (11.3803914 47.2656557, 11.3800448 47.2655878)"
7031,6.0,,,,28.989,,5,,4.0,"LINESTRING (11.3803914 47.2656557, 11.3804685 47.2654669, 11.3805609 47.2654832)"
7032,6.0,,,,28.989,,5,,4.0,"LINESTRING (11.3805609 47.2654832, 11.3804685 47.2654669, 11.3803914 47.2656557)"
7033,6.0,,10.0,,60.823,,5,,5.0,"LINESTRING (11.382004 47.2655305, 11.3826588 47.2658495)"
7034,6.0,,10.0,,6.964,,5,,7.000000000000001,"LINESTRING (11.382004 47.2655305, 11.381929 47.265494)"
7035,6.0,,,,94.019,,5,,4.0,"LINESTRING (11.382004 47.2655305, 11.3822873 47.2652859, 11.3827889 47.2648739)"
7036,6.0,,,,94.019,,5,,4.0,"LINESTRING (11.3827889 47.2648739, 11.3822873 47.2652859, 11.382004 47.2655305)"
7037,6.0,,,,32.983,,5,,4.0,"LINESTRING (11.3840997 47.2664043, 11.3842901 47.2661373)"
7038,6.0,,10.0,,21.158,10.0,5,,5.0,"LINESTRING (11.3840997 47.2664043, 11.3839146 47.2663277, 11.3838588 47.266307)"
7039,6.0,,10.0,,250.90600000000003,,5,,6.000000000000001,"LINESTRING (11.3840997 47.2664043, 11.3844029 47.2665297, 11.3847347 47.2667285, 11.3848129 47.2667754, 11.3850922 47.2669426, 11.3854925 47.2671816, 11.3858666 47.267405, 11.3862217 47.2675679, 11.3863286 47.267617, 11.3867353 47.267765)"
7040,6.0,,,,32.983,,5,,4.0,"LINESTRING (11.3842901 47.2661373, 11.3840997 47.2664043)"
7041,6.0,,10.0,,250.906,,5,,6.000000000000001,"LINESTRING (11.3867353 47.267765, 11.3863286 47.267617, 11.3862217 47.2675679, 11.3858666 47.267405, 11.3854925 47.2671816, 11.3850922 47.2669426, 11.3848129 47.2667754, 11.3847347 47.2667285, 11.3844029 47.2665297, 11.3840997 47.2664043)"
7042,6.0,,10.0,9.0,64.205,,5,,6.000000000000001,"LINESTRING (11.3867353 47.267765, 11.3867595 47.2677738, 11.3870062 47.2678484, 11.3871179 47.267872, 11.3874074 47.2679258, 11.3875421 47.2679396)"
7043,6.0,,,,43.802,,5,,4.0,"LINESTRING (11.3867353 47.267765, 11.386564 47.2680168, 11.3864095 47.2679658)"
7044,6.0,,,,43.802,,5,,4.0,"LINESTRING (11.3864095 47.2679658, 11.386564 47.2680168, 11.3867353 47.267765)"
7045,6.0,,,,39.16,,5,,4.0,"LINESTRING (11.3928579 47.2774901, 11.3932973 47.2776776)"
7046,6.0,,,,44.786,,5,,6.000000000000001,"LINESTRING (11.3928579 47.2774901, 11.3925059 47.2773398, 11.3923828 47.2772528)"
7047,6.0,,,,38.548,,5,,4.0,"LINESTRING (11.3928579 47.2774901, 11.3928727 47.2774719, 11.3928855 47.277466, 11.3929002 47.2774664, 11.3929185 47.2774688, 11.3929741 47.27748, 11.393297 47.2776074)"
7048,6.0,,,,38.548,,5,,4.0,"LINESTRING (11.393297 47.2776074, 11.3929741 47.27748, 11.3929185 47.2774688, 11.3929002 47.2774664, 11.3928855 47.277466, 11.3928727 47.2774719, 11.3928579 47.2774901)"
7049,6.0,,,,48.713,,5,,4.0,"LINESTRING (11.3944722 47.2767377, 11.3944155 47.2768201, 11.394571 47.2769449, 11.3947163 47.2770215, 11.394735 47.277079)"
7050,8.0,,,,139.733,,5,,6.000000000000001,"LINESTRING (11.3944722 47.2767377, 11.3940737 47.2764233, 11.3940044 47.2763686, 11.3936915 47.2762097, 11.3934604 47.2760052, 11.3933772 47.275856, 11.3933315 47.2757742)"
7051,8.0,,,,86.626,,5,,6.000000000000001,"LINESTRING (11.3944722 47.2767377, 11.3945423 47.276793, 11.3950081 47.2770692, 11.3952389 47.277309)"
7052,6.0,,,,21.56,,5,,4.0,"LINESTRING (11.3952389 47.277309, 11.3952772 47.2772733, 11.3954591 47.2773581)"
7053,8.0,,,,86.626,,5,,6.000000000000001,"LINESTRING (11.3952389 47.277309, 11.3950081 47.2770692, 11.3945423 47.276793, 11.3944722 47.2767377)"
7054,8.0,,,,128.237,,5,,6.000000000000001,"LINESTRING (11.3952389 47.277309, 11.3953409 47.2774149, 11.3959284 47.277735, 11.3960719 47.2778774, 11.3961992 47.2782094)"
7055,6.0,,,,21.56,,5,,4.0,"LINESTRING (11.3954591 47.2773581, 11.3952772 47.2772733, 11.3952389 47.277309)"
7056,6.0,,10.0,9.0,190.283,,5,,6.000000000000001,"LINESTRING (11.397453 47.277623, 11.3973503 47.2775494, 11.3970212 47.2772293, 11.3967127 47.2768274, 11.3966546 47.2767264, 11.39649 47.2764403, 11.3962816 47.2761191)"
7057,6.0,,10.0,9.0,193.876,,5,,6.000000000000001,"LINESTRING (11.397453 47.277623, 11.3976408 47.2777577, 11.3980854 47.2780251, 11.3986644 47.2783133, 11.3990384 47.2785096, 11.3993468 47.2787865)"
7058,6.0,,,,33.722,,5,,4.0,"LINESTRING (11.397453 47.277623, 11.3974102 47.27765, 11.3973861 47.2776558, 11.3973606 47.2776548, 11.3973294 47.277649, 11.3972954 47.2776375, 11.3972429 47.2776144, 11.3970941 47.2775192)"
7059,6.0,,,,33.722,,5,,4.0,"LINESTRING (11.3970941 47.2775192, 11.3972429 47.2776144, 11.3972954 47.2776375, 11.3973294 47.277649, 11.3973606 47.2776548, 11.3973861 47.2776558, 11.3974102 47.27765, 11.397453 47.277623)"
7060,8.0,,,,10.55,,5,,6.000000000000001,"LINESTRING (11.4068239 47.2824673, 11.4068364 47.2825618)"
7061,8.0,,,,23.008,,5,,6.000000000000001,"LINESTRING (11.4068239 47.2824673, 11.4067968 47.2822612)"
7062,6.0,,,,57.861000000000004,,5,,4.0,"LINESTRING (11.4068239 47.2824673, 11.4072358 47.2825892, 11.4072628 47.2826027, 11.4072897 47.2826209, 11.4073109 47.282643, 11.4073308 47.2826709, 11.4073591 47.2827238, 11.4073691 47.2827767)"
7063,6.0,,,,57.861000000000004,,5,,4.0,"LINESTRING (11.4073691 47.2827767, 11.4073591 47.2827238, 11.4073308 47.2826709, 11.4073109 47.282643, 11.4072897 47.2826209, 11.4072628 47.2826027, 11.4072358 47.2825892, 11.4068239 47.2824673)"
7064,8.0,,,,29.092,,5,,6.000000000000001,"LINESTRING (11.4076037 47.2845679, 11.4079567 47.2846733)"
7065,8.0,,,,47.206999999999994,,5,,7.000000000000001,"LINESTRING (11.4076037 47.2845679, 11.4073028 47.284478, 11.4071786 47.2844131, 11.4071529 47.2843766, 11.4071481 47.284322)"
7066,6.0,,,,10.982,,5,,4.0,"LINESTRING (11.4076037 47.2845679, 11.4075833 47.2845929, 11.4075729 47.2846052, 11.4075609 47.2846145, 11.4075437 47.2846233, 11.4075067 47.2846379)"
7067,6.0,,,,10.982,,5,,4.0,"LINESTRING (11.4075067 47.2846379, 11.4075437 47.2846233, 11.4075609 47.2846145, 11.4075729 47.2846052, 11.4075833 47.2845929, 11.4076037 47.2845679)"
7068,6.0,,,,7.54,,5,,6.000000000000001,"LINESTRING (11.407955 47.2847664, 11.4079537 47.2848342)"
7069,6.0,,,,10.353,,5,,6.000000000000001,"LINESTRING (11.407955 47.2847664, 11.4079567 47.2846733)"
7070,6.0,,,,24.864,,5,,6.000000000000001,"LINESTRING (11.407955 47.2847664, 11.4076274 47.2847912)"
7071,6.0,,,,11.153,,5,,4.0,"LINESTRING (11.4076274 47.2847912, 11.4075074 47.2848498)"
7072,6.0,,,,24.864,,5,,6.000000000000001,"LINESTRING (11.4076274 47.2847912, 11.407955 47.2847664)"
7073,6.0,,,,15.706,,5,,4.0,"LINESTRING (11.4076274 47.2847912, 11.407605 47.2847802, 11.4075816 47.2847712, 11.4075593 47.2847657, 11.4075349 47.2847623, 11.4075084 47.2847609, 11.407483 47.284763, 11.4074607 47.2847685, 11.4074342 47.2847767)"
7074,6.0,,,,11.153,,5,,4.0,"LINESTRING (11.4075074 47.2848498, 11.4076274 47.2847912)"
7075,6.0,,,,15.706000000000001,,5,,4.0,"LINESTRING (11.4074342 47.2847767, 11.4074607 47.2847685, 11.407483 47.284763, 11.4075084 47.2847609, 11.4075349 47.2847623, 11.4075593 47.2847657, 11.4075816 47.2847712, 11.407605 47.2847802, 11.4076274 47.2847912)"
7076,6.0,,,,6.738,,5,,6.000000000000001,"LINESTRING (11.4068071 47.2842913, 11.4068344 47.284349)"
7077,8.0,,10.0,9.0,33.507,,5,,6.000000000000001,"LINESTRING (11.4068071 47.2842913, 11.4067764 47.2842857, 11.4066503 47.284306, 11.4065106 47.2844136, 11.4064486 47.2844377)"
7078,8.0,,10.0,9.0,26.555,,5,,7.000000000000001,"LINESTRING (11.4068071 47.2842913, 11.4070523 47.2843362, 11.4071481 47.284322)"
7079,6.0,,,,6.738,,5,,6.000000000000001,"LINESTRING (11.4068344 47.284349, 11.4068071 47.2842913)"
7080,6.0,,,,36.614000000000004,,5,,4.0,"LINESTRING (11.4068344 47.284349, 11.4069761 47.2843881, 11.4069869 47.2843954, 11.4069905 47.2844044, 11.4069377 47.2846071)"
7081,6.0,,,,21.362000000000002,,5,,4.0,"LINESTRING (11.4068344 47.284349, 11.4067684 47.284362, 11.4066808 47.2844948)"
7082,6.0,,,,36.614,,5,,4.0,"LINESTRING (11.4069377 47.2846071, 11.4069905 47.2844044, 11.4069869 47.2843954, 11.4069761 47.2843881, 11.4068344 47.284349)"
7083,6.0,,,,21.362000000000002,,5,,4.0,"LINESTRING (11.4066808 47.2844948, 11.4067684 47.284362, 11.4068344 47.284349)"
7084,8.0,,10.0,9.0,23.747,,5,,6.000000000000001,"LINESTRING (11.4064486 47.2844377, 11.4063505 47.2844758, 11.4061515 47.2844984)"
7085,8.0,,10.0,9.0,33.507,,5,,6.000000000000001,"LINESTRING (11.4064486 47.2844377, 11.4065106 47.2844136, 11.4066503 47.284306, 11.4067764 47.2842857, 11.4068071 47.2842913)"
7086,6.0,,,,27.043,,5,,4.0,"LINESTRING (11.4064486 47.2844377, 11.4064472 47.2845116, 11.406458 47.2846215, 11.4064712 47.284637, 11.4064844 47.2846484, 11.4065157 47.2846647)"
7087,6.0,,,,27.043,,5,,4.0,"LINESTRING (11.4065157 47.2846647, 11.4064844 47.2846484, 11.4064712 47.284637, 11.406458 47.2846215, 11.4064472 47.2845116, 11.4064486 47.2844377)"
7088,6.0,,,,3.271,,5,,6.000000000000001,"LINESTRING (11.4079226 47.2848547, 11.4079537 47.2848342)"
7089,6.0,,,,16.969,,5,,4.0,"LINESTRING (11.4079226 47.2848547, 11.4080799 47.2849638)"
7090,6.0,,,,141.761,,5,,6.000000000000001,"LINESTRING (11.4079226 47.2848547, 11.4074859 47.2851424, 11.4073029 47.285228, 11.407058 47.2852988, 11.4062795 47.2853499)"
7091,6.0,,,,16.969,,5,,4.0,"LINESTRING (11.4080799 47.2849638, 11.4079226 47.2848547)"
7092,6.0,,,,70.892,,5,2.0,6.000000000000001,"LINESTRING (11.4062795 47.2853499, 11.4061119 47.2853609, 11.4053406 47.28535)"
7093,6.0,,,,141.761,,5,,6.000000000000001,"LINESTRING (11.4062795 47.2853499, 11.407058 47.2852988, 11.4073029 47.285228, 11.4074859 47.2851424, 11.4079226 47.2848547)"
7094,6.0,,,,44.285,,5,,4.0,"LINESTRING (11.4062795 47.2853499, 11.4062997 47.2853795, 11.4063332 47.2853954, 11.4063801 47.2854022, 11.4064521 47.2854101, 11.406509 47.2854215, 11.4065559 47.2854385, 11.406586 47.2854612, 11.4066028 47.2854919, 11.4066396 47.2856055)"
7095,6.0,,,,44.285000000000004,,5,,4.0,"LINESTRING (11.4066396 47.2856055, 11.4066028 47.2854919, 11.406586 47.2854612, 11.4065559 47.2854385, 11.406509 47.2854215, 11.4064521 47.2854101, 11.4063801 47.2854022, 11.4063332 47.2853954, 11.4062997 47.2853795, 11.4062795 47.2853499)"
7096,6.0,,,,13.028,,5,,4.0,"LINESTRING (11.4087514 47.2852715, 11.4088237 47.2851651)"
7097,6.0,,,,13.028,,5,,4.0,"LINESTRING (11.4088237 47.2851651, 11.4087514 47.2852715)"
7098,6.0,,,,5.108,,5,,7.000000000000001,"LINESTRING (11.4088237 47.2851651, 11.4088521 47.2851234)"
7099,6.0,,,,39.694,,5,,4.0,"LINESTRING (11.4088237 47.2851651, 11.4086337 47.2851128, 11.4086139 47.2851099, 11.4085969 47.2851109, 11.4085784 47.2851166, 11.4085643 47.2851272, 11.4085501 47.2851416, 11.4084594 47.2852753)"
7100,6.0,,,,39.693999999999996,,5,,4.0,"LINESTRING (11.4084594 47.2852753, 11.4085501 47.2851416, 11.4085643 47.2851272, 11.4085784 47.2851166, 11.4085969 47.2851109, 11.4086139 47.2851099, 11.4086337 47.2851128, 11.4088237 47.2851651)"
7101,8.0,,,,18.487,,5,,6.000000000000001,"LINESTRING (11.4100111 47.2855869, 11.4098153 47.2854869)"
7102,8.0,,,,20.724,,5,,4.0,"LINESTRING (11.4100111 47.2855869, 11.4102306 47.285699)"
7103,6.0,,,,15.948999999999998,,5,,4.0,"LINESTRING (11.4100111 47.2855869, 11.4099799 47.2856121, 11.4098761 47.2856973)"
7104,6.0,,,,15.948999999999998,,5,,4.0,"LINESTRING (11.4098761 47.2856973, 11.4099799 47.2856121, 11.4100111 47.2855869)"
7105,8.0,,,,18.487,,5,,6.000000000000001,"LINESTRING (11.4098153 47.2854869, 11.4100111 47.2855869)"
7106,8.0,,,,84.248,,5,,7.000000000000001,"LINESTRING (11.4098153 47.2854869, 11.4093174 47.2852326, 11.409041 47.2851551, 11.4088521 47.2851234)"
7107,6.0,,,,34.281,,5,,6.000000000000001,"LINESTRING (11.4098153 47.2854869, 11.4097706 47.2855213, 11.4097438 47.2855349, 11.4094261 47.2856399)"
7108,6.0,,,,32.739000000000004,,5,,4.0,"LINESTRING (11.4090524 47.285603, 11.4090658 47.2856189, 11.4090993 47.2856383, 11.4091428 47.2856598, 11.4091847 47.2856746, 11.4092215 47.2856848, 11.4092533 47.2856905, 11.4092834 47.2856871, 11.4094261 47.2856399)"
7109,6.0,,,,32.739,,5,,4.0,"LINESTRING (11.4094261 47.2856399, 11.4092834 47.2856871, 11.4092533 47.2856905, 11.4092215 47.2856848, 11.4091847 47.2856746, 11.4091428 47.2856598, 11.4090993 47.2856383, 11.4090658 47.2856189, 11.4090524 47.285603)"
7110,6.0,,,,34.281,,5,,6.000000000000001,"LINESTRING (11.4094261 47.2856399, 11.4097438 47.2855349, 11.4097706 47.2855213, 11.4098153 47.2854869)"
7111,6.0,,,,30.168,,5,,4.0,"LINESTRING (11.4094261 47.2856399, 11.4093522 47.2855197, 11.4093392 47.2854985, 11.4093211 47.2854827, 11.4091971 47.2854322)"
7112,6.0,,,,30.168,,5,,4.0,"LINESTRING (11.4091971 47.2854322, 11.4093211 47.2854827, 11.4093392 47.2854985, 11.4093522 47.2855197, 11.4094261 47.2856399)"
7113,6.0,,,,14.0,,5,,6.000000000000001,"LINESTRING (11.408786 47.2845337, 11.4088809 47.2844255)"
7114,6.0,,,,50.656,,5,,6.000000000000001,"LINESTRING (11.408786 47.2845337, 11.4087337 47.2845933, 11.4084652 47.2847416, 11.4083128 47.2848521)"
7115,6.0,,,,43.477999999999994,,5,,4.0,"LINESTRING (11.408786 47.2845337, 11.4087843 47.2848096, 11.40895 47.2847848)"
7116,6.0,,,,43.477999999999994,,5,,4.0,"LINESTRING (11.40895 47.2847848, 11.4087843 47.2848096, 11.408786 47.2845337)"
7117,8.0,,,9.0,18.82,,5,,6.000000000000001,"LINESTRING (11.4096162 47.2842539, 11.4098495 47.2841939)"
7118,8.0,,,9.0,58.806999999999995,,5,,6.000000000000001,"LINESTRING (11.4096162 47.2842539, 11.4090013 47.284412, 11.4088809 47.2844255)"
7119,6.0,,,,55.385999999999996,,5,,4.0,"LINESTRING (11.4096162 47.2842539, 11.4096446 47.2843, 11.4096554 47.2843317, 11.4096806 47.2845996, 11.409689 47.284611, 11.4097034 47.2846224, 11.4098606 47.2846761)"
7120,6.0,,,,55.386,,5,,4.0,"LINESTRING (11.4098606 47.2846761, 11.4097034 47.2846224, 11.409689 47.284611, 11.4096806 47.2845996, 11.4096554 47.2843317, 11.4096446 47.2843, 11.4096162 47.2842539)"
7121,6.0,,,,12.370000000000001,,5,,4.0,"LINESTRING (11.4124483 47.2856618, 11.4124672 47.2856054, 11.4124688 47.285552)"
7122,6.0,,,,37.323,,5,,5.0,"LINESTRING (11.4137513 47.2833933, 11.4135641 47.2830826)"
7123,6.0,,,,34.561,,5,,4.0,"LINESTRING (11.3976065 47.2626601, 11.3972267 47.2628338)"
7124,6.0,,,,161.85500000000002,,5,,4.0,"LINESTRING (11.4032461 47.2648453, 11.4032495 47.2647624, 11.4031173 47.2644771, 11.4039295 47.2635558)"
7125,6.0,,,,28.578000000000003,,5,,4.0,"LINESTRING (11.4024873 47.2816795, 11.4023408 47.2816494, 11.4022124 47.2816599, 11.4021202 47.2816407)"
7126,8.0,,10.0,9.0,16.611,,5,,6.000000000000001,"LINESTRING (11.4031711 47.2816991, 11.4033833 47.281739)"
7127,8.0,,10.0,9.0,81.783,,5,,6.000000000000001,"LINESTRING (11.4031711 47.2816991, 11.4026031 47.2815924, 11.4023869 47.2815865, 11.4021202 47.2816407)"
7128,6.0,,,,11.104,,5,,4.0,"LINESTRING (11.4031711 47.2816991, 11.403181 47.2817316, 11.4032593 47.2817719)"
7129,6.0,,,,11.104,,5,,4.0,"LINESTRING (11.4032593 47.2817719, 11.403181 47.2817316, 11.4031711 47.2816991)"
7130,8.0,,,,23.008,,5,,6.000000000000001,"LINESTRING (11.4067968 47.2822612, 11.4068239 47.2824673)"
7131,8.0,,,,37.76,,5,,6.000000000000001,"LINESTRING (11.4067968 47.2822612, 11.4067881 47.2821953, 11.4067297 47.2821436, 11.4065155 47.282072, 11.406483 47.2820313)"
7132,6.0,,,,67.88499999999999,,5,,4.0,"LINESTRING (11.4067968 47.2822612, 11.4067062 47.2823037, 11.4066108 47.2823741, 11.4062073 47.2824036, 11.4059646 47.2823957)"
7133,6.0,,,,67.88499999999999,,5,,4.0,"LINESTRING (11.4059646 47.2823957, 11.4062073 47.2824036, 11.4066108 47.2823741, 11.4067062 47.2823037, 11.4067968 47.2822612)"
7134,6.0,,,,21.235,,5,,5.0,"LINESTRING (11.4089794 47.2810195, 11.4090475 47.2812048)"
7135,8.0,,10.0,,130.546,,10,,4.0,"LINESTRING (11.4089794 47.2810195, 11.4077935 47.2812196, 11.4075403 47.2812408, 11.4072891 47.2812181)"
7136,6.0,,,,17.796,,5,,4.0,"LINESTRING (11.4091045 47.2813601, 11.4090475 47.2812048)"
7137,6.0,,,,17.796,,5,,4.0,"LINESTRING (11.4090475 47.2812048, 11.4091045 47.2813601)"
7138,6.0,,,,21.235,,5,,5.0,"LINESTRING (11.4090475 47.2812048, 11.4089794 47.2810195)"
7139,6.0,,,,57.97800000000001,,5,,4.0,"LINESTRING (11.4090475 47.2812048, 11.4089036 47.2813306, 11.4087814 47.2814567, 11.4087228 47.2815941, 11.4086525 47.2816429)"
7140,6.0,,,,57.977999999999994,,5,,4.0,"LINESTRING (11.4086525 47.2816429, 11.4087228 47.2815941, 11.4087814 47.2814567, 11.4089036 47.2813306, 11.4090475 47.2812048)"
7141,6.0,,,,34.997,,5,,4.0,"LINESTRING (11.4114984 47.2824691, 11.4113255 47.2824537, 11.4111875 47.2826264)"
7142,5.0,,7.0,,87.074,,5,,6.000000000000001,"LINESTRING (11.404156 47.282401, 11.4043683 47.2824961, 11.4045114 47.2826373, 11.4047921 47.283033)"
7143,5.0,,7.0,,87.309,,5,,6.000000000000001,"LINESTRING (11.404156 47.282401, 11.4040742 47.282259, 11.4039554 47.2821172, 11.4037576 47.2818876, 11.4037171 47.2818042, 11.4036189 47.2817858, 11.403582 47.2817463)"
7144,5.0,,6.0,,219.64499999999995,,10,1.0,7.000000000000001,"LINESTRING (11.404156 47.282401, 11.4041865 47.2823792, 11.4041783 47.2823375, 11.4041631 47.2822667, 11.4041074 47.2822178, 11.4040575 47.2821602, 11.4040057 47.2820779, 11.403929 47.2819964, 11.403889 47.2819744, 11.403862 47.2819445, 11.4038839 47.2819154, 11.4039394 47.2819078, 11.4039916 47.281925, 11.4040815 47.2820381, 11.4041626 47.2821168, 11.4042217 47.2822118, 11.4042914 47.282225, 11.4043504 47.2822751, 11.4044451 47.2822643, 11.4045744 47.2823203, 11.404624 47.2823831, 11.4046504 47.2824228, 11.4047446 47.2824867, 11.4047765 47.2825175, 11.4048058 47.2825536, 11.4048334 47.2825868, 11.4048421 47.2826496, 11.4048629 47.2826664, 11.4048799 47.2826635, 11.4048885 47.2826493, 11.4048607 47.2823914, 11.4048723 47.282359)"
7145,8.0,,10.0,,50.033,,5,,6.000000000000001,"LINESTRING (11.3920607 47.2640453, 11.392176 47.2636022)"
7146,8.0,,10.0,,72.984,,5,,7.000000000000001,"LINESTRING (11.3920607 47.2640453, 11.3919302 47.2645468, 11.3919201 47.2645855, 11.391892 47.2646916)"
7147,6.0,,,,77.12700000000001,,5,,4.0,"LINESTRING (11.3920607 47.2640453, 11.3921968 47.264063, 11.3922763 47.2640725, 11.3924256 47.2640237, 11.393053 47.2640988)"
7148,6.0,,,,77.12700000000001,,5,,4.0,"LINESTRING (11.393053 47.2640988, 11.3924256 47.2640237, 11.3922763 47.2640725, 11.3921968 47.264063, 11.3920607 47.2640453)"
7149,2.0,,10.0,7.0,103.372,9.0,10,,5.0,"LINESTRING (11.3857165 47.2570158, 11.3863693 47.2569642, 11.3867902 47.2569198, 11.3870746 47.2568959)"
7150,6.0,,,,90.375,,5,,3.0000000000000004,"LINESTRING (11.3857165 47.2570158, 11.3857815 47.2563623, 11.3857373 47.2562074)"
7151,6.0,,,,90.375,,5,,3.0000000000000004,"LINESTRING (11.3857373 47.2562074, 11.3857815 47.2563623, 11.3857165 47.2570158)"
7152,8.0,,10.0,9.0,2.709,,5,,6.000000000000001,"LINESTRING (11.3842519 47.2565597, 11.3842544 47.2565354)"
7153,6.0,,,,36.929,,5,,6.000000000000001,"LINESTRING (11.3842519 47.2565597, 11.3847397 47.2565859)"
7154,8.0,,10.0,9.0,66.768,,5,,5.0,"LINESTRING (11.3842519 47.2565597, 11.3842026 47.2570402, 11.3842205 47.2571138, 11.3842328 47.2571572)"
7155,6.0,,,,40.549,,5,,4.0,"LINESTRING (11.3847397 47.2565859, 11.3852619 47.2566717)"
7156,6.0,,,,36.929,,5,,6.000000000000001,"LINESTRING (11.3847397 47.2565859, 11.3842519 47.2565597)"
7157,6.0,,,,43.077,,5,,4.0,"LINESTRING (11.3847397 47.2565859, 11.3847882 47.2561999)"
7158,6.0,,,,40.549,,5,,4.0,"LINESTRING (11.3852619 47.2566717, 11.3847397 47.2565859)"
7159,6.0,,,,43.077,,5,,4.0,"LINESTRING (11.3847882 47.2561999, 11.3847397 47.2565859)"
7160,6.0,,,,19.553,,5,,4.0,"LINESTRING (11.3863108 47.2559077, 11.3863618 47.2557353)"
7161,8.0,,10.0,9.0,149.32999999999998,,5,,6.000000000000001,"LINESTRING (11.3863108 47.2559077, 11.3860442 47.2558684, 11.3858045 47.2558352, 11.3855848 47.2558294, 11.3846429 47.2558806, 11.3844406 47.2558642, 11.3843927 47.2558627, 11.3843506 47.2558729)"
7162,8.0,,10.0,9.0,50.761,,5,,6.000000000000001,"LINESTRING (11.3863108 47.2559077, 11.3866076 47.2559521, 11.3868591 47.2559996, 11.3869585 47.2560276)"
7163,6.0,,,,19.553,,5,,4.0,"LINESTRING (11.3863618 47.2557353, 11.3863108 47.2559077)"
7164,8.0,,10.0,9.0,50.761,,5,,6.000000000000001,"LINESTRING (11.3869585 47.2560276, 11.3868591 47.2559996, 11.3866076 47.2559521, 11.3863108 47.2559077)"
7165,8.0,,10.0,9.0,10.649000000000001,,5,,6.000000000000001,"LINESTRING (11.3869585 47.2560276, 11.3869915 47.2560369, 11.3870664 47.2560872)"
7166,6.0,,,,34.370999999999995,,5,,6.000000000000001,"LINESTRING (11.3869585 47.2560276, 11.3869561 47.255798, 11.3868947 47.2557303)"
7167,6.0,,,,34.370999999999995,,5,,6.000000000000001,"LINESTRING (11.3868947 47.2557303, 11.3869561 47.255798, 11.3869585 47.2560276)"
7168,6.0,,,,82.687,,5,,6.000000000000001,"LINESTRING (11.3868947 47.2557303, 11.3868546 47.2557024, 11.3865273 47.2556404, 11.3865603 47.2555586, 11.3869609 47.2556328, 11.3868947 47.2557303)"
7169,6.0,,,,82.687,,5,,6.000000000000001,"LINESTRING (11.3868947 47.2557303, 11.3869609 47.2556328, 11.3865603 47.2555586, 11.3865273 47.2556404, 11.3868546 47.2557024, 11.3868947 47.2557303)"
7170,6.0,,,,49.657,,5,,4.0,"LINESTRING (11.4081852 47.2785396, 11.4084914 47.2787468, 11.4083366 47.2788583)"
7171,6.0,,,,33.51,,5,,4.0,"LINESTRING (11.4080163 47.2786495, 11.4083366 47.2788583)"
7172,6.0,,,,17.09,,5,,6.000000000000001,"LINESTRING (11.4083366 47.2788583, 11.4081813 47.2789702)"
7173,6.0,,,,33.51,,5,,4.0,"LINESTRING (11.4083366 47.2788583, 11.4080163 47.2786495)"
7174,6.0,,,,49.657,,5,,4.0,"LINESTRING (11.4083366 47.2788583, 11.4084914 47.2787468, 11.4081852 47.2785396)"
7175,6.0,,,,64.603,,5,,4.0,"LINESTRING (11.4057901 47.2798939, 11.404936 47.2798515)"
7176,6.0,,,,156.688,,5,,6.000000000000001,"LINESTRING (11.4057901 47.2798939, 11.4062121 47.2799177, 11.4067503 47.2799269, 11.4073502 47.2799237, 11.407865 47.2799079)"
7177,6.0,,,,135.505,,5,,6.000000000000001,"LINESTRING (11.4057901 47.2798939, 11.406293 47.279606, 11.4063158 47.2794383, 11.4063614 47.2791028, 11.4062675 47.2789372, 11.4063611 47.2788742)"
7178,8.0,,,,231.32199999999997,,5,,5.0,"LINESTRING (11.3696131 47.265595, 11.369689 47.265625, 11.3706761 47.2659331, 11.3712954 47.266057, 11.3717252 47.2661176, 11.3723252 47.2661971, 11.3725003 47.2662558)"
7179,6.0,,,,28.698,,5,,3.0000000000000004,"LINESTRING (11.3696131 47.265595, 11.3695118 47.2656239, 11.3692577 47.2655611)"
7180,6.0,,,,28.698,,5,,3.0000000000000004,"LINESTRING (11.3692577 47.2655611, 11.3695118 47.2656239, 11.3696131 47.265595)"
7181,6.0,,,,12.017,,5,,3.0000000000000004,"LINESTRING (11.3702902 47.2667757, 11.3702355 47.2668772)"
7182,8.0,,,,28.6,,5,,5.0,"LINESTRING (11.3702902 47.2667757, 11.3703331 47.266793, 11.3703719 47.2668148, 11.370406 47.2668433, 11.3704358 47.2668757, 11.3704545 47.26691, 11.3704854 47.2669848)"
7183,6.0,,,,12.017,,5,,3.0000000000000004,"LINESTRING (11.3702355 47.2668772, 11.3702902 47.2667757)"
7184,8.0,,,,24.103,,5,,7.000000000000001,"LINESTRING (11.3704854 47.2669848, 11.3705717 47.2671935)"
7185,8.0,,,,28.6,,5,,5.0,"LINESTRING (11.3704854 47.2669848, 11.3704545 47.26691, 11.3704358 47.2668757, 11.370406 47.2668433, 11.3703719 47.2668148, 11.3703331 47.266793, 11.3702902 47.2667757)"
7186,6.0,,,,9.293000000000001,,5,,4.0,"LINESTRING (11.3704854 47.2669848, 11.3704437 47.2669824, 11.3704244 47.2669824, 11.3704069 47.2669841, 11.3703918 47.2669881, 11.3703826 47.2669955, 11.3703767 47.267004)"
7187,6.0,,,,9.293,,5,,4.0,"LINESTRING (11.3703767 47.267004, 11.3703826 47.2669955, 11.3703918 47.2669881, 11.3704069 47.2669841, 11.3704244 47.2669824, 11.3704437 47.2669824, 11.3704854 47.2669848)"
7188,8.0,,10.0,9.0,1.359,,5,,6.000000000000001,"LINESTRING (11.3938594 47.2573541, 11.3938774 47.2573545)"
7189,6.0,,,,17.075,,5,,4.0,"LINESTRING (11.3938594 47.2573541, 11.393853 47.2575076)"
7190,8.0,,10.0,9.0,41.607,,5,,5.0,"LINESTRING (11.3938594 47.2573541, 11.3934037 47.2573451, 11.3933083 47.257344)"
7191,6.0,,,,17.075,,5,,4.0,"LINESTRING (11.393853 47.2575076, 11.3938594 47.2573541)"
7192,6.0,,10.0,,4.203,,5,,6.000000000000001,"LINESTRING (11.3918467 47.2566815, 11.3918466 47.2567193)"
7193,6.0,,10.0,,63.18899999999999,,5,,7.000000000000001,"LINESTRING (11.3918467 47.2566815, 11.3918489 47.2561949, 11.3918654 47.256114)"
7194,6.0,,,,58.836,,5,,4.0,"LINESTRING (11.3918467 47.2566815, 11.3915229 47.2566797, 11.391446 47.2566045, 11.3911251 47.2566027)"
7195,6.0,,,,58.836,,5,,4.0,"LINESTRING (11.3911251 47.2566027, 11.391446 47.2566045, 11.3915229 47.2566797, 11.3918467 47.2566815)"
7196,6.0,,10.0,,4.203,,5,,6.000000000000001,"LINESTRING (11.3918466 47.2567193, 11.3918467 47.2566815)"
7197,6.0,,10.0,,1.446,,5,,6.000000000000001,"LINESTRING (11.3918466 47.2567193, 11.3918465 47.2567323)"
7198,6.0,,,,49.217,,5,,4.0,"LINESTRING (11.3918466 47.2567193, 11.3915611 47.25672, 11.3914243 47.2568218, 11.3912607 47.2568199)"
7199,6.0,,,,49.217,,5,,4.0,"LINESTRING (11.3912607 47.2568199, 11.3914243 47.2568218, 11.3915611 47.25672, 11.3918466 47.2567193)"
7200,6.0,,10.0,7.0,35.111,,5,,6.000000000000001,"LINESTRING (11.3963512 47.2558573, 11.3964189 47.2555449)"
7201,6.0,,10.0,7.0,43.080999999999996,,5,,6.000000000000001,"LINESTRING (11.3963512 47.2558573, 11.3963334 47.2559392, 11.3962898 47.2561401, 11.396268 47.2562406)"
7202,6.0,,,,59.742,,5,,4.0,"LINESTRING (11.3963512 47.2558573, 11.3965414 47.2558774, 11.3967159 47.2558958, 11.396749 47.2558993, 11.3968399 47.2558941, 11.3968737 47.2556933)"
7203,6.0,,,,59.742,,5,,4.0,"LINESTRING (11.3968737 47.2556933, 11.3968399 47.2558941, 11.396749 47.2558993, 11.3967159 47.2558958, 11.3965414 47.2558774, 11.3963512 47.2558573)"
7204,8.0,,10.0,,57.027,,5,,4.0,"LINESTRING (11.3972271 47.2555789, 11.3970752 47.2554964, 11.396862 47.2553083, 11.3968468 47.2552057, 11.3968537 47.2551656)"
7205,8.0,,10.0,,28.024,,5,,6.000000000000001,"LINESTRING (11.3972271 47.2555789, 11.3972849 47.2556103, 11.3975754 47.2556532)"
7206,6.0,,,,21.934,,5,,4.0,"LINESTRING (11.3972271 47.2555789, 11.3972074 47.2555972, 11.3971018 47.2557564)"
7207,6.0,,,,21.934,,5,,4.0,"LINESTRING (11.3971018 47.2557564, 11.3972074 47.2555972, 11.3972271 47.2555789)"
7208,6.0,,10.0,7.0,35.111,,5,,6.000000000000001,"LINESTRING (11.3964189 47.2555449, 11.3963512 47.2558573)"
7209,6.0,,,,45.152,,5,,4.0,"LINESTRING (11.3964189 47.2555449, 11.3958223 47.2555146)"
7210,6.0,,10.0,7.0,170.32199999999997,,5,,6.000000000000001,"LINESTRING (11.3964189 47.2555449, 11.3964669 47.2553235, 11.3964784 47.2551898, 11.396495 47.2550219, 11.3965029 47.254935, 11.3965096 47.2543051, 11.3965078 47.2541078, 11.3965197 47.2540167)"
7211,6.0,,,,45.152,,5,,4.0,"LINESTRING (11.3958223 47.2555146, 11.3964189 47.2555449)"
7212,6.0,,10.0,,44.875,,10,,2.0,"LINESTRING (11.4042458 47.2790223, 11.4042226 47.2792584, 11.4042838 47.2794201)"
7213,6.0,,10.0,,29.641,,10,,4.0,"LINESTRING (11.4042458 47.2790223, 11.4041458 47.2791308, 11.4039993 47.2792274)"
7214,6.0,,,,84.028,,5,,6.000000000000001,"LINESTRING (11.4344735 47.2659762, 11.4344761 47.2659454, 11.4345383 47.2652218)"
7215,6.0,,,,3.38,,5,,6.000000000000001,"LINESTRING (11.4344735 47.2659762, 11.4344778 47.2659769, 11.4344947 47.2659844, 11.4345069 47.2659953)"
7216,6.0,,,,8.712,,5,,6.000000000000001,"LINESTRING (11.4344735 47.2659762, 11.4344581 47.2659737, 11.4344397 47.265975, 11.4344228 47.2659801, 11.4344091 47.2659885, 11.4343999 47.2659994, 11.4343961 47.2660117, 11.434397 47.2660165)"
7217,6.0,,,,59.047999999999995,,5,,6.000000000000001,"LINESTRING (11.4344161 47.266043, 11.4344018 47.2660665, 11.4343572 47.2665712)"
7218,6.0,,,,3.3810000000000002,,5,,6.000000000000001,"LINESTRING (11.4344161 47.266043, 11.434406 47.2660356, 11.4343982 47.2660242, 11.434397 47.2660165)"
7219,6.0,,,,9.169,,5,,6.000000000000001,"LINESTRING (11.4344161 47.266043, 11.4344186 47.2660448, 11.4344347 47.2660509, 11.4344529 47.2660533, 11.4344729 47.2660514, 11.4344908 47.2660449, 11.4345044 47.2660348, 11.4345121 47.2660221)"
7220,6.0,,,,3.05,,5,,6.000000000000001,"LINESTRING (11.4345069 47.2659953, 11.4345129 47.2660084, 11.4345121 47.2660221)"
7221,6.0,,,,3.3800000000000003,,5,,6.000000000000001,"LINESTRING (11.4345069 47.2659953, 11.4344947 47.2659844, 11.4344778 47.2659769, 11.4344735 47.2659762)"
7222,6.0,,,,58.152,,5,,6.000000000000001,"LINESTRING (11.4345069 47.2659953, 11.4346443 47.2659703, 11.4347181 47.2659549, 11.4347892 47.2659532, 11.4348805 47.2659553, 11.434961 47.2659535, 11.4350415 47.2659458, 11.4351206 47.2659331, 11.4352642 47.2659168)"
7223,8.0,,10.0,,5.885,,10,,3.0000000000000004,"LINESTRING (11.3873833 47.2648109, 11.3874452 47.2647787)"
7224,10.0,,10.0,,86.962,,5,,3.0000000000000004,"LINESTRING (11.3873833 47.2648109, 11.3866413 47.2642125)"
7225,10.0,,10.0,,86.962,,5,,3.0000000000000004,"LINESTRING (11.3866413 47.2642125, 11.3873833 47.2648109)"
7226,8.0,,,,5.473,,5,,6.000000000000001,"LINESTRING (11.4046458 47.2757349, 11.4047175 47.2757274)"
7227,8.0,,,,102.689,,5,,7.000000000000001,"LINESTRING (11.4046458 47.2757349, 11.4033004 47.275875)"
7228,6.0,,,,50.15,,5,,4.0,"LINESTRING (11.4046458 47.2757349, 11.4045755 47.2753994, 11.404551 47.2752885)"
7229,6.0,,,,50.15,,5,,4.0,"LINESTRING (11.404551 47.2752885, 11.4045755 47.2753994, 11.4046458 47.2757349)"
7230,8.0,,,,5.473,,5,,6.000000000000001,"LINESTRING (11.4047175 47.2757274, 11.4046458 47.2757349)"
7231,6.0,,,,31.641,,5,,4.0,"LINESTRING (11.4047175 47.2757274, 11.4046724 47.2754445)"
7232,8.0,,,,25.775000000000002,,5,,5.0,"LINESTRING (11.4047175 47.2757274, 11.4049997 47.275698, 11.4050558 47.2756964)"
7233,6.0,,,,31.641,,5,,4.0,"LINESTRING (11.4046724 47.2754445, 11.4047175 47.2757274)"
7234,8.0,,10.0,,9.209,,5,,5.0,"LINESTRING (11.3883824 47.2638392, 11.3882676 47.2638111)"
7235,8.0,,10.0,,33.549,,5,,5.0,"LINESTRING (11.3883824 47.2638392, 11.3886582 47.2639067, 11.3888006 47.2639416)"
7236,10.0,,10.0,,89.852,,10,,4.0,"LINESTRING (11.3883824 47.2638392, 11.3881741 47.2638368, 11.3873291 47.2636241, 11.3872996 47.2635728)"
7237,10.0,,10.0,,4.412,,5,,7.000000000000001,"LINESTRING (11.3768912 47.2648342, 11.3768347 47.2648444)"
7238,10.0,,10.0,,76.206,,5,,6.000000000000001,"LINESTRING (11.3768912 47.2648342, 11.3769517 47.2648238, 11.3770187 47.2642295, 11.3770624 47.2641931)"
7239,6.0,,,,67.524,,10,,4.0,"LINESTRING (11.3768912 47.2648342, 11.3769398 47.264732, 11.3769806 47.2642329)"
7240,7.0,,,,7.973,,5,,5.0,"LINESTRING (11.3913388 47.2673053, 11.3913173 47.2673755)"
7241,7.0,,,,3.821,,5,,5.0,"LINESTRING (11.3913388 47.2673053, 11.3913494 47.2672717)"
7242,7.0,,,,13.255,,5,,5.0,"LINESTRING (11.3913388 47.2673053, 11.3913744 47.2672973, 11.3914431 47.2672724, 11.3914856 47.2672434)"
7243,7.0,,,,41.226,,5,,5.0,"LINESTRING (11.3913388 47.2673053, 11.391312 47.2673103, 11.3911921 47.2673266, 11.3911266 47.2673266, 11.3910531 47.2673038, 11.3909859 47.2672474, 11.3909364 47.2671563)"
7244,6.0,,10.0,,44.327,,5,,4.0,"LINESTRING (11.4105944 47.2601712, 11.4103247 47.2600974, 11.41005 47.2600215)"
7245,6.0,,10.0,7.0,36.474,9.0,5,,6.000000000000001,"LINESTRING (11.4098758 47.2599735, 11.4100919 47.2596801)"
7246,6.0,,10.0,7.0,18.621,9.0,5,,6.000000000000001,"LINESTRING (11.4098758 47.2599735, 11.4097655 47.2601233)"
7247,6.0,,10.0,7.0,14.188,,5,,6.000000000000001,"LINESTRING (11.4098758 47.2599735, 11.41005 47.2600215)"
7248,6.0,,10.0,,66.349,,5,,4.0,"LINESTRING (11.4111696 47.2592138, 11.4108952 47.259142, 11.4107428 47.2592138, 11.4106289 47.2592814, 11.4105497 47.2593476, 11.4104939 47.2594217)"
7249,6.0,,10.0,,20.08,,5,,6.000000000000001,"LINESTRING (11.4103728 47.2595825, 11.4104939 47.2594217)"
7250,6.0,,10.0,,15.838,,5,,4.0,"LINESTRING (11.4103728 47.2595825, 11.4105697 47.2596318)"
7251,6.0,,10.0,,18.219,,5,,7.000000000000001,"LINESTRING (11.4103728 47.2595825, 11.4103139 47.259662, 11.4102644 47.2597289)"
7252,6.0,,10.0,,17.599,,5,,6.000000000000001,"LINESTRING (11.41005 47.2600215, 11.4101539 47.2598798)"
7253,6.0,,10.0,7.0,14.188,,5,,6.000000000000001,"LINESTRING (11.41005 47.2600215, 11.4098758 47.2599735)"
7254,6.0,,10.0,,44.327,,5,,4.0,"LINESTRING (11.41005 47.2600215, 11.4103247 47.2600974, 11.4105944 47.2601712)"
7255,6.0,,10.0,,20.208,,5,,4.0,"LINESTRING (11.4104034 47.2599458, 11.4101539 47.2598798)"
7256,6.0,,10.0,,17.599,,5,,6.000000000000001,"LINESTRING (11.4101539 47.2598798, 11.41005 47.2600215)"
7257,6.0,,10.0,,18.737,,5,,7.000000000000001,"LINESTRING (11.4101539 47.2598798, 11.4102644 47.2597289)"
7258,6.0,,10.0,,20.208,,5,,4.0,"LINESTRING (11.4101539 47.2598798, 11.4104034 47.2599458)"
7259,6.0,,10.0,,18.423,,5,,5.0,"LINESTRING (11.4104933 47.2597865, 11.4102644 47.2597289)"
7260,6.0,,10.0,,18.737,,5,,7.000000000000001,"LINESTRING (11.4102644 47.2597289, 11.4101539 47.2598798)"
7261,6.0,,10.0,,18.423,,5,,5.0,"LINESTRING (11.4102644 47.2597289, 11.4104933 47.2597865)"
7262,6.0,,10.0,7.0,14.103,,5,,7.000000000000001,"LINESTRING (11.4102644 47.2597289, 11.4100919 47.2596801)"
7263,6.0,,10.0,,18.219,,5,,7.000000000000001,"LINESTRING (11.4102644 47.2597289, 11.4103139 47.259662, 11.4103728 47.2595825)"
7264,6.0,,10.0,,15.838,,5,,4.0,"LINESTRING (11.4105697 47.2596318, 11.4103728 47.2595825)"
7265,6.0,,10.0,,14.422,,5,,4.0,"LINESTRING (11.4106703 47.2594716, 11.4104939 47.2594217)"
7266,6.0,,10.0,,20.08,,5,,6.000000000000001,"LINESTRING (11.4104939 47.2594217, 11.4103728 47.2595825)"
7267,6.0,,10.0,,14.422,,5,,4.0,"LINESTRING (11.4104939 47.2594217, 11.4106703 47.2594716)"
7268,6.0,,10.0,,66.349,,5,,4.0,"LINESTRING (11.4104939 47.2594217, 11.4105497 47.2593476, 11.4106289 47.2592814, 11.4107428 47.2592138, 11.4108952 47.259142, 11.4111696 47.2592138)"
7269,6.0,,10.0,7.0,36.474,9.0,5,,6.000000000000001,"LINESTRING (11.4100919 47.2596801, 11.4098758 47.2599735)"
7270,6.0,,10.0,7.0,14.103,,5,,7.000000000000001,"LINESTRING (11.4100919 47.2596801, 11.4102644 47.2597289)"
7271,6.0,,10.0,7.0,13.359,9.0,5,,5.0,"LINESTRING (11.4100919 47.2596801, 11.4101629 47.2595836, 11.4101725 47.2595732)"
7272,6.0,,10.0,,36.638,,5,,4.0,"LINESTRING (11.4206815 47.2604258, 11.4203873 47.2603215, 11.4202519 47.2602723)"
7273,8.0,,10.0,,45.253,,5,,6.000000000000001,"LINESTRING (11.4202519 47.2602723, 11.4203347 47.2601679, 11.4205368 47.2599142)"
7274,8.0,,,,27.933,,5,,6.000000000000001,"LINESTRING (11.4202519 47.2602723, 11.4201494 47.2604015, 11.4201242 47.2604329, 11.4200651 47.2604887)"
7275,6.0,,10.0,,36.638,,5,,4.0,"LINESTRING (11.4202519 47.2602723, 11.4203873 47.2603215, 11.4206815 47.2604258)"
7276,8.0,9.0,,,309.42199999999997,,10,,4.0,"LINESTRING (11.4231072 47.2751596, 11.4229026 47.2749095, 11.4228462 47.2747749, 11.4228056 47.2746061, 11.4228231 47.2743544, 11.4228427 47.2741576, 11.4225732 47.2740166, 11.4211841 47.2736558, 11.4204886 47.2735019)"
7277,6.0,,10.0,,9.241999999999999,,10,,4.0,"LINESTRING (11.4231072 47.2751596, 11.4231476 47.2751537, 11.423228 47.2751461)"
7278,6.0,,10.0,,6.686,,10,,5.0,"LINESTRING (11.4232484 47.2752076, 11.4231637 47.2752253)"
7279,10.0,,,,163.41899999999998,,5,,6.000000000000001,"LINESTRING (11.4232484 47.2752076, 11.4232488 47.2752989, 11.423206 47.2753556, 11.4230874 47.2754124, 11.4229869 47.2754894, 11.4229123 47.2756262, 11.4227563 47.2759123, 11.4226677 47.2760749, 11.4227119 47.2761554, 11.422766 47.2762538, 11.4230174 47.2764983)"
7280,10.0,,,,7.01,,5,,5.0,"LINESTRING (11.4232484 47.2752076, 11.42324 47.2751825, 11.423228 47.2751461)"
7281,6.0,,,,88.342,,5,,5.0,"LINESTRING (11.4273639 47.2738824, 11.4274039 47.2739244, 11.4275058 47.2739663, 11.4279531 47.2738265, 11.4282913 47.2737084, 11.4283239 47.2736733, 11.4283455 47.2736472)"
7282,6.0,,10.0,,155.706,,10,,4.0,"LINESTRING (11.4273639 47.2738824, 11.4267267 47.2740982, 11.4258644 47.2743998, 11.4257899 47.2744255, 11.4255443 47.2745103, 11.4255242 47.274517)"
7283,6.0,,,,10.192,,5,,4.0,"LINESTRING (11.4282803 47.273567, 11.4283191 47.273611, 11.4283455 47.2736472)"
7284,6.0,,10.0,,77.525,9.0,10,,3.0000000000000004,"LINESTRING (11.4282803 47.273567, 11.4280198 47.2736566, 11.4273639 47.2738824)"
7285,6.0,,,,8.458,,10,,3.0000000000000004,"LINESTRING (11.4231637 47.2752253, 11.4231072 47.2751596)"
7286,6.0,,10.0,,303.706,,10,,4.0,"LINESTRING (11.4231637 47.2752253, 11.4228963 47.2752647, 11.4222673 47.2753323, 11.4217362 47.2753391, 11.421177 47.2753286, 11.4204098 47.2752889, 11.4198103 47.2752465, 11.4196704 47.2752366, 11.4195347 47.2752161, 11.4194679 47.2752052, 11.4191918 47.2751189)"
7287,6.0,,10.0,,8.549,,5,,5.0,"LINESTRING (11.4255242 47.274517, 11.4254541 47.2744566)"
7288,6.0,,10.0,,188.38099999999997,,10,,5.0,"LINESTRING (11.4255242 47.274517, 11.4244365 47.2748789, 11.4237566 47.2750945, 11.423553 47.2751422, 11.423371 47.2751849, 11.4233271 47.275193, 11.4232484 47.2752076)"
7289,6.0,,10.0,,9.438,,10,,6.000000000000001,"LINESTRING (11.4153747 47.2719271, 11.415423 47.2720054)"
7290,6.0,,,,12.016,,5,,6.000000000000001,"LINESTRING (11.4153747 47.2719271, 11.4152453 47.2719901)"
7291,6.0,,,,22.540999999999997,,10,,5.0,"LINESTRING (11.4153747 47.2719271, 11.4154558 47.2718506, 11.4155755 47.2717787)"
7292,10.0,,,,7.349,,5,,7.000000000000001,"LINESTRING (11.4125188 47.2732841, 11.4125793 47.2733359)"
7293,10.0,,,,6.943,,5,,7.000000000000001,"LINESTRING (11.4125188 47.2732841, 11.4125916 47.2732459)"
7294,10.0,,,,36.405,,5,,6.000000000000001,"LINESTRING (11.4125188 47.2732841, 11.4122829 47.2731054, 11.4121717 47.2730611)"
7295,10.0,,,,8.625,,5,,7.000000000000001,"LINESTRING (11.4126462 47.2733988, 11.4125793 47.2733359)"
7296,10.0,,,,7.123,,5,,6.000000000000001,"LINESTRING (11.4126462 47.2733988, 11.4127128 47.2733534)"
7297,10.0,,,,32.905,,5,,6.000000000000001,"LINESTRING (11.4126462 47.2733988, 11.4126818 47.2734323, 11.4128371 47.2736641)"
7298,6.0,,,,6.848,,5,,7.000000000000001,"LINESTRING (11.4148736 47.2720989, 11.4149282 47.2721481)"
7299,10.0,,,,31.559,,5,,7.000000000000001,"LINESTRING (11.4148736 47.2720989, 11.4152103 47.2719305)"
7300,6.0,,,,108.327,,5,,5.0,"LINESTRING (11.4148736 47.2720989, 11.414653 47.27191, 11.4144871 47.2719762, 11.4142402 47.2720169, 11.4137144 47.2722573)"
7301,10.0,,,,214.272,,5,,8.0,"LINESTRING (11.4148736 47.2720989, 11.4136179 47.272723, 11.4130408 47.273022, 11.4125916 47.2732459)"
7302,6.0,,10.0,,8.938,,10,,6.000000000000001,"LINESTRING (11.4152949 47.2720631, 11.4152453 47.2719901)"
7303,10.0,,,,11.601,,5,,6.000000000000001,"LINESTRING (11.4152949 47.2720631, 11.415423 47.2720054)"
7304,10.0,,,,90.66499999999999,,5,,6.000000000000001,"LINESTRING (11.4152949 47.2720631, 11.4143858 47.2724956, 11.4143137 47.2725337)"
7305,10.0,,,,11.601,,5,,6.000000000000001,"LINESTRING (11.415423 47.2720054, 11.4152949 47.2720631)"
7306,6.0,,10.0,,82.47099999999999,,10,,5.0,"LINESTRING (11.415423 47.2720054, 11.4155043 47.2721373, 11.415826 47.2726948)"
7307,10.0,,,,25.936999999999998,,5,,5.0,"LINESTRING (11.415423 47.2720054, 11.4155787 47.2719288, 11.4156672 47.2718454)"
7308,6.0,,10.0,,7.421,,10,,6.000000000000001,"LINESTRING (11.415344 47.2718637, 11.4153747 47.2719271)"
7309,10.0,,,,12.527,,5,,6.000000000000001,"LINESTRING (11.415344 47.2718637, 11.4152103 47.2719305)"
7310,10.0,,,,19.979,,5,,5.0,"LINESTRING (11.415344 47.2718637, 11.415396 47.2718349, 11.4155755 47.2717787)"
7311,10.0,,,,151.418,,5,,6.000000000000001,"LINESTRING (11.4143137 47.2725337, 11.413722 47.2728247, 11.4128185 47.2732832, 11.4127128 47.2733534)"
7312,10.0,,,,90.66499999999999,,5,,6.000000000000001,"LINESTRING (11.4143137 47.2725337, 11.4143858 47.2724956, 11.4152949 47.2720631)"
7313,8.0,,,,76.671,,10,,5.0,"LINESTRING (11.4143137 47.2725337, 11.4146801 47.272863, 11.4147829 47.2729592, 11.4149236 47.2730852)"
7314,10.0,,,,12.527,,5,,6.000000000000001,"LINESTRING (11.4152103 47.2719305, 11.415344 47.2718637)"
7315,10.0,,,,31.559,,5,,7.000000000000001,"LINESTRING (11.4152103 47.2719305, 11.4148736 47.2720989)"
7316,6.0,,10.0,,369.594,,10,,7.000000000000001,"LINESTRING (11.4152103 47.2719305, 11.4151331 47.2717926, 11.4151087 47.2717496, 11.4149705 47.2716249, 11.4147962 47.271502, 11.4140045 47.2712673, 11.4139245 47.2712436, 11.4133551 47.2710843, 11.4133314 47.2710777, 11.4130461 47.2709979, 11.4124439 47.2708078, 11.4123709 47.2707813, 11.4117263 47.2705475, 11.4112973 47.2703919, 11.4111253 47.270254)"
7317,8.0,,,,7.052,,5,,8.0,"LINESTRING (11.4125916 47.2732459, 11.4126504 47.2732952)"
7318,10.0,,,,6.943,,5,,7.000000000000001,"LINESTRING (11.4125916 47.2732459, 11.4125188 47.2732841)"
7319,8.0,,,,264.64300000000003,,5,,8.0,"LINESTRING (11.4125916 47.2732459, 11.4124544 47.2731331, 11.4122583 47.272971, 11.4121743 47.2729015, 11.4116649 47.2727046, 11.4113606 47.2726062, 11.4110942 47.2725197, 11.4109106 47.272466, 11.4095955 47.2720816)"
7320,10.0,,,,214.272,,5,,8.0,"LINESTRING (11.4125916 47.2732459, 11.4130408 47.273022, 11.4136179 47.272723, 11.4148736 47.2720989)"
7321,5.0,,7.0,,197.64299999999997,,5,,6.000000000000001,"LINESTRING (11.3846231 47.2745132, 11.3845597 47.2746268, 11.3844109 47.2747232, 11.3842655 47.2747553, 11.3840845 47.2747421, 11.3838068 47.2747573, 11.3837654 47.2747407, 11.3837446 47.2745654, 11.3836821 47.2743928, 11.3836804 47.2742671, 11.383639 47.2741759, 11.3834859 47.2740784, 11.3832991 47.2741048, 11.3829962 47.2740241)"
7322,8.0,9.0,10.0,9.0,64.227,,10,,3.0000000000000004,"LINESTRING (11.3821884 47.2551439, 11.3819841 47.255114, 11.381755 47.2550967, 11.3815352 47.2551043, 11.3813538 47.2551458)"
7323,6.0,,,,333.498,,5,,5.0,"LINESTRING (11.3821884 47.2551439, 11.3820317 47.255419, 11.3825709 47.2559334, 11.383104 47.2565994, 11.3833797 47.2570459, 11.3839183 47.2569807, 11.3839435 47.2566758, 11.3838896 47.256526)"
7324,6.0,,,,27.551,,5,,6.000000000000001,"LINESTRING (11.3838896 47.256526, 11.3842544 47.2565354)"
7325,6.0,,,,61.525999999999996,,5,,4.0,"LINESTRING (11.3838896 47.256526, 11.3839127 47.256245, 11.3835137 47.2562209)"
7326,6.0,,,,333.498,,5,,5.0,"LINESTRING (11.3838896 47.256526, 11.3839435 47.2566758, 11.3839183 47.2569807, 11.3833797 47.2570459, 11.383104 47.2565994, 11.3825709 47.2559334, 11.3820317 47.255419, 11.3821884 47.2551439)"
7327,6.0,,,,61.525999999999996,,5,,4.0,"LINESTRING (11.3835137 47.2562209, 11.3839127 47.256245, 11.3838896 47.256526)"
7328,8.0,,10.0,9.0,2.709,,5,,6.000000000000001,"LINESTRING (11.3842544 47.2565354, 11.3842519 47.2565597)"
7329,6.0,,,,27.551,,5,,6.000000000000001,"LINESTRING (11.3842544 47.2565354, 11.3838896 47.256526)"
7330,8.0,,10.0,9.0,75.295,,5,,6.000000000000001,"LINESTRING (11.3842544 47.2565354, 11.3843114 47.2560686, 11.3842979 47.2559245, 11.3843156 47.2558948, 11.3843506 47.2558729)"
7331,8.0,,10.0,,33.321,,5,,4.0,"LINESTRING (11.3989032 47.2657086, 11.3989871 47.2660028)"
7332,6.0,,,,13.115,,10,,2.0,"LINESTRING (11.3989032 47.2657086, 11.3990739 47.2656864)"
7333,8.0,,10.0,,83.376,,5,,5.0,"LINESTRING (11.3989032 47.2657086, 11.3988748 47.2656059, 11.3988406 47.2654888, 11.398783 47.2652829, 11.3987327 47.2651033, 11.3986929 47.2649725)"
7334,6.0,,,,8.097,,5,,4.0,"LINESTRING (11.4020812 47.26807, 11.402187 47.2680578)"
7335,6.0,,,,8.097,,5,,4.0,"LINESTRING (11.402187 47.2680578, 11.4020812 47.26807)"
7336,8.0,,10.0,7.0,51.300999999999995,9.0,5,,6.000000000000001,"LINESTRING (11.402187 47.2680578, 11.4022968 47.2684406, 11.4023195 47.2685103)"
7337,8.0,,10.0,7.0,104.231,9.0,5,,5.0,"LINESTRING (11.402187 47.2680578, 11.4019817 47.2673416, 11.401927 47.2671372)"
7338,6.0,,,,4.122,,5,,3.0000000000000004,"LINESTRING (11.400954 47.2661296, 11.4009005 47.2661371)"
7339,6.0,,10.0,7.0,150.08200000000002,,10,,5.0,"LINESTRING (11.400954 47.2661296, 11.4009477 47.2660998, 11.4007067 47.2651865, 11.4006468 47.2649736, 11.4006319 47.2649272, 11.4006149 47.2648938, 11.4005953 47.2648652, 11.4005478 47.2648138)"
7340,6.0,,,,11.523,,5,,4.0,"LINESTRING (11.3884486 47.2666622, 11.3883484 47.2667404)"
7341,8.0,,10.0,,15.828,,5,,4.0,"LINESTRING (11.3883484 47.2667404, 11.3885151 47.2668268)"
7342,6.0,,,,11.523,,5,,4.0,"LINESTRING (11.3883484 47.2667404, 11.3884486 47.2666622)"
7343,8.0,,10.0,,217.135,,5,,6.000000000000001,"LINESTRING (11.3883484 47.2667404, 11.3879091 47.2665126, 11.3860497 47.2655657)"
7344,6.0,,10.0,9.0,4.991,9.0,5,,5.0,"LINESTRING (11.4289914 47.2630062, 11.4289259 47.263)"
7345,6.0,,10.0,9.0,6.455,9.0,5,,6.000000000000001,"LINESTRING (11.4289914 47.2630062, 11.4290761 47.2630143)"
7346,6.0,,,9.0,90.964,,10,,5.0,"LINESTRING (11.4289914 47.2630062, 11.429079 47.2626536, 11.4291641 47.2623415, 11.4291748 47.2623296, 11.4291923 47.2623203, 11.4292141 47.2623138, 11.4292398 47.2623121, 11.4292714 47.262317, 11.4292921 47.2623235, 11.4293162 47.2623358, 11.4293389 47.2623521)"
7347,5.0,,,,80.577,,5,,6.000000000000001,"LINESTRING (11.4289914 47.2630062, 11.4289818 47.2630717, 11.4289749 47.2631458, 11.4289732 47.2631591, 11.4289278 47.2633182, 11.4288856 47.2634182, 11.4288134 47.2635132, 11.4287161 47.2635992, 11.4286652 47.2636452, 11.4286382 47.2636718)"
7348,5.0,,,,12.406,,5,,6.000000000000001,"LINESTRING (11.3940615 47.2467866, 11.3938972 47.2467894)"
7349,5.0,,,,258.257,,5,,5.0,"LINESTRING (11.3940615 47.2467866, 11.3944983 47.2467792, 11.3949135 47.2467678, 11.3951896 47.2468182, 11.3953431 47.24681, 11.3955761 47.2467151, 11.3956674 47.2467074, 11.3962023 47.2467733, 11.3964491 47.246776, 11.3965987 47.2468222, 11.3973866 47.2466934)"
7350,5.0,,,,140.373,,5,,4.0,"LINESTRING (11.3940615 47.2467866, 11.3941053 47.2468508, 11.3941358 47.2468973, 11.3941102 47.2469262, 11.3942316 47.2470178, 11.3944319 47.2471143, 11.3945386 47.2470918, 11.3953712 47.2471793, 11.3956163 47.2472106)"
7351,6.0,,10.0,,86.289,,10,,4.0,"LINESTRING (11.3964475 47.2597365, 11.3960765 47.2599833, 11.3958525 47.2601396, 11.3957268 47.2602333, 11.3956455 47.2602894)"
7352,6.0,,,,53.885,,5,,3.0000000000000004,"LINESTRING (11.3964475 47.2597365, 11.3966431 47.259822, 11.3965037 47.2601347)"
7353,6.0,,,,53.885,,5,,3.0000000000000004,"LINESTRING (11.3965037 47.2601347, 11.3966431 47.259822, 11.3964475 47.2597365)"
7354,8.0,,10.0,,43.358,,10,,5.0,"LINESTRING (11.3973917 47.2598243, 11.3974067 47.259827, 11.3979509 47.2599138)"
7355,6.0,,,,24.892,,5,,3.0000000000000004,"LINESTRING (11.3973917 47.2598243, 11.3973234 47.2599148, 11.3971504 47.259881)"
7356,6.0,,,,24.892,,5,,3.0000000000000004,"LINESTRING (11.3971504 47.259881, 11.3973234 47.2599148, 11.3973917 47.2598243)"
7357,7.0,,10.0,,7.879,,5,,6.000000000000001,"LINESTRING (11.395941 47.2638793, 11.3959452 47.2638085)"
7358,7.0,,10.0,,18.707,,5,,6.000000000000001,"LINESTRING (11.395941 47.2638793, 11.3959312 47.2640474)"
7359,7.0,,,,25.835,,5,,4.0,"LINESTRING (11.395941 47.2638793, 11.395605 47.2638347)"
7360,6.0,,,,187.73999999999998,,5,,4.0,"LINESTRING (11.3924621 47.2507788, 11.3925333 47.2506152, 11.3927694 47.2503143, 11.3929717 47.2502539, 11.3930502 47.2502526, 11.393164 47.2502643, 11.393294 47.2503375, 11.3933616 47.2503986, 11.3933583 47.2504949, 11.393356 47.2505894, 11.3933195 47.250709, 11.3933113 47.2508841, 11.3934961 47.2510602)"
7361,6.0,,,,26.265,,5,,4.0,"LINESTRING (11.4067309 47.2542525, 11.4066378 47.2544801)"
7362,6.0,,,,26.265,,5,,4.0,"LINESTRING (11.4066378 47.2544801, 11.4067309 47.2542525)"
7363,8.0,,,9.0,141.998,,5,,6.000000000000001,"LINESTRING (11.4066378 47.2544801, 11.4066759 47.2544927, 11.4069435 47.254546, 11.4073662 47.2546027, 11.4081297 47.254712, 11.4084699 47.2547649)"
7364,8.0,,,9.0,93.225,,5,,7.000000000000001,"LINESTRING (11.4066378 47.2544801, 11.406439 47.2544142, 11.4062149 47.2543066, 11.4056019 47.2540259)"
7365,6.0,,,,27.392,,5,,4.0,"LINESTRING (11.3874141 47.25607, 11.3872978 47.2560548, 11.3871748 47.2560502, 11.3870664 47.2560872)"
7366,10.0,,,,11.956,,5,,5.0,"LINESTRING (11.412545 47.2553627, 11.4127004 47.2553836)"
7367,7.0,,,,24.0,,5,,3.0000000000000004,"LINESTRING (11.4122351 47.2553143, 11.412545 47.2553627)"
7368,6.0,,,,55.297,,10,,3.0000000000000004,"LINESTRING (11.4122351 47.2553143, 11.4124021 47.2551902, 11.4124385 47.2551762, 11.4124785 47.2551689, 11.4125239 47.2551701, 11.4125616 47.255178, 11.4125911 47.255196, 11.4126107 47.2552139, 11.4126213 47.2552378, 11.4126233 47.2552607, 11.4126189 47.2552859, 11.4126075 47.2553076, 11.4125649 47.255345, 11.412545 47.2553627)"
7369,7.0,,,,290.66999999999996,,5,,5.0,"LINESTRING (11.4122351 47.2553143, 11.4120433 47.2552827, 11.4118749 47.2552607, 11.4117081 47.2552373, 11.4098073 47.2549609, 11.4084699 47.2547649)"
7370,2.0,,10.0,7.0,7.054,5.0,5,,7.000000000000001,"LINESTRING (11.3978126 47.2753606, 11.3977562 47.27531)"
7371,2.0,,10.0,7.0,7.952,5.0,5,,7.000000000000001,"LINESTRING (11.3978126 47.2753606, 11.3978774 47.275417)"
7372,10.0,,10.0,,30.46,,5,,7.000000000000001,"LINESTRING (11.3978126 47.2753606, 11.3979252 47.2753645, 11.3979646 47.2753489, 11.3979979 47.275323, 11.3980857 47.2752856, 11.3981718 47.2752655)"
7373,10.0,,10.0,,29.125,,5,,7.000000000000001,"LINESTRING (11.3978126 47.2753606, 11.3976928 47.275372, 11.3974297 47.2753939)"
7374,8.0,,10.0,,96.067,,5,,5.0,"LINESTRING (11.3882599 47.2573864, 11.3883431 47.2582485)"
7375,10.0,,,,68.21300000000001,,5,,7.000000000000001,"LINESTRING (11.3797137 47.259075, 11.3798393 47.2588678, 11.3798091 47.258883, 11.3796644 47.2589552, 11.3796191 47.2589602, 11.3795688 47.2589488, 11.3794497 47.2588513, 11.3793787 47.2588499)"
7376,2.0,10.0,10.0,7.0,110.514,3.0,5,,8.0,"LINESTRING (11.3797137 47.259075, 11.3792547 47.2592778, 11.3784892 47.2596201)"
7377,2.0,,10.0,7.0,61.95400000000001,3.0,5,,8.0,"LINESTRING (11.3797137 47.259075, 11.3800831 47.2589159, 11.3802448 47.2588396, 11.3803987 47.2587681)"
7378,10.0,,,,67.20400000000001,,5,,7.000000000000001,"LINESTRING (11.3797137 47.259075, 11.3800386 47.2590516, 11.3798502 47.2592276, 11.3798963 47.2593897)"
7379,5.0,,,,10.517,,5,,4.0,"LINESTRING (11.4088969 47.2867148, 11.4089094 47.286809)"
7380,6.0,,,,186.361,,5,,6.000000000000001,"LINESTRING (11.4088969 47.2867148, 11.4088851 47.2866262, 11.408876 47.2864257, 11.4088667 47.2862804, 11.4088791 47.2861941, 11.409028 47.2860304, 11.4088011 47.2856655, 11.4088603 47.2853485, 11.408922 47.2851859, 11.4088521 47.2851234)"
7381,5.0,,,,17.587,,5,,2.0,"LINESTRING (11.3987529 47.2798564, 11.3987182 47.2800128)"
7382,5.0,,9.0,,192.80799999999996,,5,,6.000000000000001,"LINESTRING (11.3999259 47.2817818, 11.3999076 47.281769, 11.3995332 47.281391, 11.399502 47.2813525, 11.3994857 47.2813063, 11.3994863 47.2812542, 11.3995019 47.2812011, 11.3995288 47.2811352, 11.3995613 47.2810684, 11.3996186 47.2809433, 11.3996281 47.2808904, 11.3996198 47.2808455, 11.3995973 47.2808006, 11.3995611 47.2807652, 11.3995178 47.2807298, 11.399452 47.2806871, 11.399387 47.2806493, 11.3993323 47.2806211, 11.3992729 47.2805979, 11.3991994 47.2805847, 11.3991203 47.2805807, 11.3990554 47.2805835, 11.3989927 47.2805892, 11.3989477 47.2805977, 11.3989091 47.2806077, 11.3988744 47.2806229, 11.3988475 47.2806431, 11.3988206 47.2806763)"
7383,5.0,,9.0,,293.73100000000005,,5,,6.000000000000001,"LINESTRING (11.3999259 47.2817818, 11.3999852 47.2818231, 11.4000399 47.2818461, 11.4000926 47.2818514, 11.4001434 47.2818429, 11.4001696 47.2818205, 11.4001794 47.2817886, 11.4001686 47.281747, 11.4001111 47.2816277, 11.4000764 47.2813386, 11.4001331 47.2809096, 11.4001745 47.2806567, 11.4002583 47.2802479, 11.4002536 47.280117, 11.4002014 47.2799979, 11.400145 47.2799525, 11.4000675 47.2799086, 11.3998837 47.2798313, 11.3994588 47.2796879)"
7384,5.0,,,,72.385,,5,,6.000000000000001,"LINESTRING (11.3999259 47.2817818, 11.3999183 47.2818469, 11.3999715 47.2819067, 11.4000437 47.2819542, 11.4001363 47.2819834, 11.4001954 47.2820072, 11.4002239 47.2820606, 11.4001495 47.2820834, 11.4000714 47.2821047, 11.4000503 47.2821274, 11.4000889 47.2821556, 11.4001553 47.2821789, 11.4001765 47.282223)"
7385,8.0,,10.0,9.0,6.061,,5,,6.000000000000001,"LINESTRING (11.4001765 47.282223, 11.4002561 47.2822304)"
7386,8.0,,10.0,9.0,108.92300000000002,,5,,5.0,"LINESTRING (11.4001765 47.282223, 11.4000938 47.2821991, 11.3999758 47.2821901, 11.399902 47.2821844, 11.399812 47.2821595, 11.3997454 47.2821188, 11.3997032 47.2820642, 11.3996067 47.2819395, 11.3994939 47.281718, 11.3992676 47.2815548)"
7387,5.0,,,,72.38499999999999,,5,,6.000000000000001,"LINESTRING (11.4001765 47.282223, 11.4001553 47.2821789, 11.4000889 47.2821556, 11.4000503 47.2821274, 11.4000714 47.2821047, 11.4001495 47.2820834, 11.4002239 47.2820606, 11.4001954 47.2820072, 11.4001363 47.2819834, 11.4000437 47.2819542, 11.3999715 47.2819067, 11.3999183 47.2818469, 11.3999259 47.2817818)"
7388,5.0,,6.0,,4.586,,5,,6.000000000000001,"LINESTRING (11.3994466 47.2797283, 11.3994588 47.2796879)"
7389,5.0,,6.0,,63.57000000000001,,5,,6.000000000000001,"LINESTRING (11.3994466 47.2797283, 11.3994357 47.2797645, 11.3994585 47.2797818, 11.3994744 47.2797939, 11.3995384 47.2798183, 11.3996349 47.2798345, 11.3996377 47.2798438, 11.3996196 47.2798527, 11.3994806 47.2798851, 11.3991264 47.2799666)"
7390,5.0,,6.0,,41.001,,5,,6.000000000000001,"LINESTRING (11.3994466 47.2797283, 11.3993995 47.279756, 11.3993421 47.2797783, 11.3992517 47.2797961, 11.3991445 47.2798419, 11.3991276 47.2798734, 11.3991487 47.2799032, 11.3991352 47.2799398, 11.3991264 47.2799666)"
7391,5.0,,6.0,,63.56999999999999,,5,,6.000000000000001,"LINESTRING (11.3991264 47.2799666, 11.3994806 47.2798851, 11.3996196 47.2798527, 11.3996377 47.2798438, 11.3996349 47.2798345, 11.3995384 47.2798183, 11.3994744 47.2797939, 11.3994585 47.2797818, 11.3994357 47.2797645, 11.3994466 47.2797283)"
7392,5.0,,6.0,,41.001,,5,,6.000000000000001,"LINESTRING (11.3991264 47.2799666, 11.3991352 47.2799398, 11.3991487 47.2799032, 11.3991276 47.2798734, 11.3991445 47.2798419, 11.3992517 47.2797961, 11.3993421 47.2797783, 11.3993995 47.279756, 11.3994466 47.2797283)"
7393,5.0,,6.0,,20.028000000000002,,5,,6.000000000000001,"LINESTRING (11.3991264 47.2799666, 11.3990953 47.2799737, 11.3990746 47.2800159, 11.3991062 47.2800707, 11.3991743 47.2800997)"
7394,5.0,,6.0,,25.434,,5,,4.0,"LINESTRING (11.3989653 47.2802098, 11.3989842 47.2801839, 11.3989946 47.2801787, 11.3990402 47.2801858, 11.3990893 47.2801882, 11.3991369 47.2801807, 11.3991723 47.2801614, 11.3991775 47.2801251, 11.3991743 47.2800997)"
7395,7.0,,,,70.264,,5,,4.0,"LINESTRING (11.3926042 47.2656353, 11.3932365 47.2657331, 11.3932381 47.265728, 11.3933095 47.2655478)"
7396,7.0,,4.0,,52.49,,5,,6.000000000000001,"LINESTRING (11.3933095 47.2655478, 11.3926358 47.2654302)"
7397,7.0,,4.0,,59.174,,5,,6.000000000000001,"LINESTRING (11.3933095 47.2655478, 11.393755 47.2656255, 11.3939894 47.2656946, 11.3940546 47.2657092)"
7398,7.0,,,,70.264,,5,,4.0,"LINESTRING (11.3933095 47.2655478, 11.3932381 47.265728, 11.3932365 47.2657331, 11.3926042 47.2656353)"
7399,5.0,,7.0,,6.333,,5,1.0,6.000000000000001,"LINESTRING (11.4047921 47.283033, 11.4048549 47.2830708)"
7400,5.0,,7.0,,59.413,,5,1.0,6.000000000000001,"LINESTRING (11.4047921 47.283033, 11.4042024 47.2826788)"
7401,5.0,,7.0,,87.074,,5,,6.000000000000001,"LINESTRING (11.4047921 47.283033, 11.4045114 47.2826373, 11.4043683 47.2824961, 11.404156 47.282401)"
7402,5.0,,,,10.517,,5,,4.0,"LINESTRING (11.4089094 47.286809, 11.4088969 47.2867148)"
7403,5.0,,6.0,,121.758,,5,1.0,4.0,"LINESTRING (11.4089094 47.286809, 11.4087311 47.2867603, 11.4085895 47.2866772, 11.4085206 47.2865006, 11.4084096 47.2863656, 11.4082527 47.2863163, 11.4080728 47.2861579, 11.407999 47.2861379, 11.4078185 47.2861791)"
7404,6.0,,,,22.902,,5,,3.0000000000000004,"LINESTRING (11.40365 47.2666664, 11.4036612 47.2667568, 11.4035874 47.2668606)"
7405,6.0,,10.0,,15.134,,10,,2.0,"LINESTRING (11.4034523 47.2668748, 11.4036021 47.2669653)"
7406,6.0,,,,10.865,,10,,3.0000000000000004,"LINESTRING (11.4034523 47.2668748, 11.4034998 47.266882, 11.403543 47.2668788, 11.4035874 47.2668606)"
7407,6.0,,10.0,,7.324,,5,,4.0,"LINESTRING (11.4272771 47.2609326, 11.4272659 47.2609086, 11.4272478 47.2608698)"
7408,6.0,,,,52.994,,10,,5.0,"LINESTRING (11.4249289 47.2658007, 11.424919 47.2657632, 11.4249781 47.2656356, 11.4251356 47.265537, 11.4253093 47.2655261, 11.4253655 47.265541)"
7409,10.0,,,,43.873999999999995,,5,,5.0,"LINESTRING (11.4249289 47.2658007, 11.4251309 47.2656927, 11.4253511 47.2655478, 11.4253655 47.265541)"
7410,6.0,,,,11.42,,10,,5.0,"LINESTRING (11.4253655 47.265541, 11.4255064 47.2655785)"
7411,10.0,,,,29.207,,5,,6.000000000000001,"LINESTRING (11.4253655 47.265541, 11.425624 47.2653455)"
7412,10.0,,,,43.874,,5,,5.0,"LINESTRING (11.4253655 47.265541, 11.4253511 47.2655478, 11.4251309 47.2656927, 11.4249289 47.2658007)"
7413,10.0,,,,43.508,,5,,6.000000000000001,"LINESTRING (11.425624 47.2653455, 11.4259694 47.2650322)"
7414,6.0,,,,53.828,,10,,6.000000000000001,"LINESTRING (11.425624 47.2653455, 11.4256015 47.2653156, 11.4255773 47.2652174, 11.4258158 47.2650312, 11.4259694 47.2650322)"
7415,10.0,,,,29.207,,5,,6.000000000000001,"LINESTRING (11.425624 47.2653455, 11.4253655 47.265541)"
7416,6.0,,,,11.817,,10,,5.0,"LINESTRING (11.4259694 47.2650322, 11.426126 47.2650333)"
7417,10.0,,,,7.275,,5,,6.000000000000001,"LINESTRING (11.4259694 47.2650322, 11.4260195 47.2649763)"
7418,10.0,,,,43.508,,5,,6.000000000000001,"LINESTRING (11.4259694 47.2650322, 11.425624 47.2653455)"
7419,6.0,,10.0,,12.617,10.0,5,,7.000000000000001,"LINESTRING (11.4260195 47.2649763, 11.4261866 47.2649722)"
7420,10.0,,,,7.275,,5,,6.000000000000001,"LINESTRING (11.4260195 47.2649763, 11.4259694 47.2650322)"
7421,6.0,,10.0,,165.692,10.0,5,,6.000000000000001,"LINESTRING (11.4260195 47.2649763, 11.4259515 47.264978, 11.425148 47.2650066, 11.4245419 47.2650358, 11.4243651 47.2650244, 11.4238523 47.2649141)"
7422,5.0,,7.0,,59.413,,5,1.0,6.000000000000001,"LINESTRING (11.4042024 47.2826788, 11.4047921 47.283033)"
7423,5.0,,7.0,,62.702,,5,1.0,6.000000000000001,"LINESTRING (11.4042024 47.2826788, 11.4041702 47.2826595, 11.4039333 47.2826258, 11.4038166 47.2825908, 11.4036892 47.282523, 11.4035967 47.2824425, 11.4034905 47.2824406)"
7424,5.0,,,,56.36600000000001,,5,,6.000000000000001,"LINESTRING (11.4042024 47.2826788, 11.4042005 47.282715, 11.4042166 47.2827678, 11.4042515 47.2828624, 11.4042675 47.2830039, 11.404274 47.2831454, 11.4042269 47.2831615)"
7425,6.0,,,,94.584,,5,,4.0,"LINESTRING (11.4000334 47.2828142, 11.4001313 47.2828638, 11.4002109 47.2828806, 11.400264 47.2828559, 11.4002906 47.2828142, 11.4003038 47.2827366, 11.4003065 47.2826605, 11.4002853 47.2825933, 11.4002308 47.2825205, 11.4001761 47.2824394, 11.4001628 47.2823269, 11.4002561 47.2822304)"
7426,8.0,,10.0,,1.057,,5,,6.000000000000001,"LINESTRING (11.3930706 47.2584738, 11.3930846 47.2584736)"
7427,8.0,,10.0,,54.332,,5,,6.000000000000001,"LINESTRING (11.3930706 47.2584738, 11.3923508 47.2584835)"
7428,6.0,,,,28.878999999999998,,5,,6.000000000000001,"LINESTRING (11.3930706 47.2584738, 11.3930732 47.2585536, 11.3930753 47.258623, 11.3930792 47.258683, 11.3930842 47.2587333)"
7429,6.0,,,,15.28,,5,,4.0,"LINESTRING (11.393098 47.2588704, 11.3930842 47.2587333)"
7430,8.0,,10.0,,78.689,,5,,6.000000000000001,"LINESTRING (11.4159385 47.2828012, 11.4159289 47.282811, 11.4158846 47.2828537, 11.4158229 47.2829002, 11.4157774 47.2829308, 11.415723 47.2829599, 11.4156436 47.2829963, 11.4155954 47.2830161, 11.4155472 47.2830318, 11.4154793 47.2830524, 11.4154164 47.2830676, 11.415345 47.2830801, 11.4150464 47.283114)"
7431,8.0,,10.0,,72.161,,5,,5.0,"LINESTRING (11.4159385 47.2828012, 11.4159826 47.2827562, 11.4160639 47.2826496, 11.4161627 47.2825021, 11.416244 47.2824062, 11.4162923 47.2823498, 11.416307 47.2823263, 11.416317 47.2823027, 11.4163194 47.2822847, 11.416317 47.2822588, 11.4163009 47.2822173)"
7432,6.0,,,,12.954,,5,,6.000000000000001,"LINESTRING (11.4159385 47.2828012, 11.4158917 47.2827762, 11.4157947 47.282738)"
7433,6.0,,,,4.099,,5,,4.0,"LINESTRING (11.4157477 47.2827195, 11.4157947 47.282738)"
7434,6.0,,,,4.099,,5,,4.0,"LINESTRING (11.4157947 47.282738, 11.4157477 47.2827195)"
7435,6.0,,,,12.954,,5,,6.000000000000001,"LINESTRING (11.4157947 47.282738, 11.4158917 47.2827762, 11.4159385 47.2828012)"
7436,6.0,,,,21.443,,5,,4.0,"LINESTRING (11.4157947 47.282738, 11.4157632 47.2827783, 11.4157353 47.2828067, 11.4156981 47.282834, 11.415647 47.2828571, 11.4156021 47.2828728)"
7437,6.0,,,,21.443,,5,,4.0,"LINESTRING (11.4156021 47.2828728, 11.415647 47.2828571, 11.4156981 47.282834, 11.4157353 47.2828067, 11.4157632 47.2827783, 11.4157947 47.282738)"
7438,8.0,,10.0,,22.187,,5,,6.000000000000001,"LINESTRING (11.4150464 47.283114, 11.414833 47.2831383, 11.4147771 47.2831484, 11.414758 47.2831522)"
7439,8.0,,10.0,,78.689,,5,,6.000000000000001,"LINESTRING (11.4150464 47.283114, 11.415345 47.2830801, 11.4154164 47.2830676, 11.4154793 47.2830524, 11.4155472 47.2830318, 11.4155954 47.2830161, 11.4156436 47.2829963, 11.415723 47.2829599, 11.4157774 47.2829308, 11.4158229 47.2829002, 11.4158846 47.2828537, 11.4159289 47.282811, 11.4159385 47.2828012)"
7440,6.0,,,,14.326999999999998,,5,,4.0,"LINESTRING (11.4150464 47.283114, 11.4150249 47.2830638, 11.4149918 47.2829906)"
7441,6.0,,,,14.326999999999998,,5,,4.0,"LINESTRING (11.4149918 47.2829906, 11.4150249 47.2830638, 11.4150464 47.283114)"
7442,8.0,,10.0,,55.25,,5,,8.0,"LINESTRING (11.414758 47.2831522, 11.4147359 47.2831566, 11.4146908 47.2831681, 11.4146421 47.2831861, 11.4145864 47.2832106, 11.4145291 47.2832438, 11.4144777 47.2832811, 11.4144359 47.2833168, 11.4143919 47.283359, 11.4143411 47.2834211, 11.4142801 47.2835071)"
7443,8.0,,10.0,,22.186999999999998,,5,,6.000000000000001,"LINESTRING (11.414758 47.2831522, 11.4147771 47.2831484, 11.414833 47.2831383, 11.4150464 47.283114)"
7444,6.0,,,,10.530000000000001,,5,,4.0,"LINESTRING (11.414758 47.2831522, 11.4147384 47.2831147, 11.4147142 47.2830623)"
7445,6.0,,,,10.530000000000001,,5,,4.0,"LINESTRING (11.4147142 47.2830623, 11.4147384 47.2831147, 11.414758 47.2831522)"
7446,6.0,,,,37.595,,5,,4.0,"LINESTRING (11.4008127 47.2799623, 11.4008551 47.279885, 11.4007223 47.2797693, 11.4006761 47.2797431, 11.4006074 47.2796934)"
7447,6.0,,,,41.032,,5,,4.0,"LINESTRING (11.3953144 47.2800816, 11.3953869 47.2799961, 11.395406 47.2799731, 11.3954163 47.2799549, 11.3954199 47.2799389, 11.3954192 47.2799261, 11.3954145 47.2799126, 11.3954047 47.2798968, 11.3953857 47.2798789, 11.395365 47.2798627, 11.395345 47.2798485, 11.3953353 47.2798378, 11.3953327 47.2798271, 11.3953364 47.2798156, 11.3953447 47.279803, 11.3953557 47.2797891, 11.3953818 47.2797571)"
7448,5.0,,,,184.97299999999998,,5,,3.0000000000000004,"LINESTRING (11.3943328 47.2794113, 11.394328 47.2794394, 11.3944819 47.2795684, 11.394559 47.2796903, 11.3945603 47.2798745, 11.3945442 47.2799291, 11.394496 47.2799505, 11.3944463 47.2799378, 11.3943062 47.2798695, 11.3941567 47.2799796, 11.3939354 47.2799641, 11.3937785 47.2797999, 11.3936967 47.2796475, 11.393641 47.2796043, 11.3934465 47.2795898, 11.393376 47.2795608)"
7449,6.0,,,,39.003,,5,,4.0,"LINESTRING (11.3981157 47.2761549, 11.3983957 47.2759787, 11.3984977 47.2759186)"
7450,2.0,,10.0,7.0,54.058,5.0,5,,5.0,"LINESTRING (11.3984977 47.2759186, 11.3980329 47.2755486)"
7451,2.0,,10.0,7.0,240.10299999999998,,5,,7.000000000000001,"LINESTRING (11.3984977 47.2759186, 11.3986566 47.2760451, 11.3991549 47.276401, 11.3996641 47.27672, 11.4005011 47.2772248, 11.4008085 47.2773997)"
7452,6.0,,,,39.003,,5,,4.0,"LINESTRING (11.3984977 47.2759186, 11.3983957 47.2759787, 11.3981157 47.2761549)"
7453,8.0,,,,25.822,,5,,6.000000000000001,"LINESTRING (11.407729 47.2682194, 11.4080693 47.268244)"
7454,8.0,,,,77.42099999999999,,5,,4.0,"LINESTRING (11.407729 47.2682194, 11.4077167 47.2682185, 11.4076544 47.268218, 11.406998 47.2682126, 11.4067296 47.2682956)"
7455,6.0,,,,13.769,,5,,4.0,"LINESTRING (11.407729 47.2682194, 11.4077179 47.2681763, 11.4077079 47.2681298, 11.4077015 47.268097)"
7456,6.0,,,,13.769,,5,,4.0,"LINESTRING (11.4077015 47.268097, 11.4077079 47.2681298, 11.4077179 47.2681763, 11.407729 47.2682194)"
7457,8.0,,10.0,,19.98,,5,,6.000000000000001,"LINESTRING (11.3959686 47.2654916, 11.3959409 47.2656703)"
7458,8.0,,10.0,,5.742,,5,,6.000000000000001,"LINESTRING (11.3959686 47.2654916, 11.3959714 47.2654747, 11.3959758 47.2654402)"
7459,6.0,,,,43.403,,5,,4.0,"LINESTRING (11.3959686 47.2654916, 11.3960465 47.2654955, 11.3962306 47.2655075, 11.3964016 47.2655159, 11.3965368 47.2654895)"
7460,6.0,,,,43.403,,5,,4.0,"LINESTRING (11.3965368 47.2654895, 11.3964016 47.2655159, 11.3962306 47.2655075, 11.3960465 47.2654955, 11.3959686 47.2654916)"
7461,8.0,,10.0,,54.774,,5,,7.000000000000001,"LINESTRING (11.3959758 47.2654402, 11.3960377 47.2649494)"
7462,8.0,,10.0,,5.742,,5,,6.000000000000001,"LINESTRING (11.3959758 47.2654402, 11.3959714 47.2654747, 11.3959686 47.2654916)"
7463,6.0,,,,13.544,,5,,4.0,"LINESTRING (11.3959758 47.2654402, 11.3960535 47.2654453, 11.3961545 47.2654517)"
7464,6.0,,,,13.544,,5,,4.0,"LINESTRING (11.3961545 47.2654517, 11.3960535 47.2654453, 11.3959758 47.2654402)"
7465,8.0,9.0,10.0,,45.163000000000004,,10,,4.0,"LINESTRING (11.3929065 47.2614667, 11.3933203 47.2615342, 11.3934011 47.2615464, 11.3934884 47.2615616)"
7466,6.0,,,,12.172,,5,,3.0000000000000004,"LINESTRING (11.3929065 47.2614667, 11.3929213 47.261422, 11.3929312 47.2613909, 11.3929412 47.2613598)"
7467,6.0,,,,12.172,,5,,3.0000000000000004,"LINESTRING (11.3929412 47.2613598, 11.3929312 47.2613909, 11.3929213 47.261422, 11.3929065 47.2614667)"
7468,8.0,9.0,10.0,,29.453,,10,,4.0,"LINESTRING (11.392251 47.2613662, 11.3926325 47.2614221)"
7469,6.0,,,,29.564,,5,,3.0000000000000004,"LINESTRING (11.392251 47.2613662, 11.3922692 47.2613104, 11.3923382 47.261107)"
7470,6.0,,,,29.564,,5,,3.0000000000000004,"LINESTRING (11.3923382 47.261107, 11.3922692 47.2613104, 11.392251 47.2613662)"
7471,6.0,,10.0,,7.462,,5,,6.000000000000001,"LINESTRING (11.3918232 47.2595946, 11.3918248 47.2595275)"
7472,6.0,,10.0,,4.837,,5,,6.000000000000001,"LINESTRING (11.3918232 47.2595946, 11.3918231 47.2596381)"
7473,6.0,,,,91.351,,5,,4.0,"LINESTRING (11.3918232 47.2595946, 11.3916638 47.2595937, 11.3915372 47.2595958, 11.3913651 47.2595968, 11.3912719 47.2593652, 11.3912559 47.2590949)"
7474,6.0,,,,91.351,,5,,4.0,"LINESTRING (11.3912559 47.2590949, 11.3912719 47.2593652, 11.3913651 47.2595968, 11.3915372 47.2595958, 11.3916638 47.2595937, 11.3918232 47.2595946)"
7475,8.0,,10.0,,54.332,,5,,6.000000000000001,"LINESTRING (11.3923508 47.2584835, 11.3930706 47.2584738)"
7476,8.0,,10.0,,39.176,,5,,7.000000000000001,"LINESTRING (11.3923508 47.2584835, 11.3919627 47.2584886, 11.3918318 47.258491)"
7477,6.0,,,,27.305,,5,,4.0,"LINESTRING (11.3923508 47.2584835, 11.3923494 47.2584127, 11.392347 47.2583002, 11.3923437 47.258238)"
7478,6.0,,,,27.305,,5,,4.0,"LINESTRING (11.3923437 47.258238, 11.392347 47.2583002, 11.3923494 47.2584127, 11.3923508 47.2584835)"
7479,8.0,,10.0,9.0,9.174,,5,,6.000000000000001,"LINESTRING (11.3931224 47.2580507, 11.3931286 47.2579683)"
7480,8.0,,10.0,9.0,20.018,,5,,6.000000000000001,"LINESTRING (11.3931224 47.2580507, 11.393109 47.2582305)"
7481,6.0,,,,31.924,,5,,4.0,"LINESTRING (11.3931224 47.2580507, 11.3934469 47.2580553, 11.3934483 47.2579885)"
7482,6.0,,,,31.924,,5,,4.0,"LINESTRING (11.3934483 47.2579885, 11.3934469 47.2580553, 11.3931224 47.2580507)"
7483,8.0,,10.0,,24.246,,5,,6.000000000000001,"LINESTRING (11.3934058 47.2584689, 11.3930846 47.2584736)"
7484,6.0,,,,20.364,,5,,4.0,"LINESTRING (11.3934058 47.2584689, 11.3934114 47.258652)"
7485,8.0,,10.0,,47.352999999999994,,5,,6.000000000000001,"LINESTRING (11.3934058 47.2584689, 11.3938022 47.2584606, 11.394033 47.2584564)"
7486,6.0,,,,20.364,,5,,4.0,"LINESTRING (11.3934114 47.258652, 11.3934058 47.2584689)"
7487,6.0,,,,15.28,,5,,4.0,"LINESTRING (11.3930842 47.2587333, 11.393098 47.2588704)"
7488,6.0,,,,41.075,,5,,4.0,"LINESTRING (11.3930842 47.2587333, 11.3925404 47.2587179)"
7489,6.0,,,,28.878999999999998,,5,,6.000000000000001,"LINESTRING (11.3930842 47.2587333, 11.3930792 47.258683, 11.3930753 47.258623, 11.3930732 47.2585536, 11.3930706 47.2584738)"
7490,6.0,,,,41.075,,5,,4.0,"LINESTRING (11.3925404 47.2587179, 11.3930842 47.2587333)"
7491,5.0,,6.0,,121.75800000000001,,5,1.0,4.0,"LINESTRING (11.4078185 47.2861791, 11.407999 47.2861379, 11.4080728 47.2861579, 11.4082527 47.2863163, 11.4084096 47.2863656, 11.4085206 47.2865006, 11.4085895 47.2866772, 11.4087311 47.2867603, 11.4089094 47.286809)"
7492,5.0,,,,165.808,,5,,5.0,"LINESTRING (11.4078185 47.2861791, 11.4077907 47.2861392, 11.4077515 47.286083, 11.4075772 47.2860096, 11.4066143 47.2859018, 11.4063678 47.2859056, 11.4062109 47.2858803, 11.4058879 47.2857891, 11.4058316 47.2857308)"
7493,5.0,,,,26.093,,5,,2.0,"LINESTRING (11.4338313 47.2571902, 11.4336292 47.2569998)"
7494,8.0,,10.0,,19.98,,5,,6.000000000000001,"LINESTRING (11.3959409 47.2656703, 11.3959686 47.2654916)"
7495,8.0,,10.0,,51.437999999999995,,5,,7.000000000000001,"LINESTRING (11.3959409 47.2656703, 11.3958891 47.2659754, 11.3959002 47.2660437, 11.3959243 47.2661289)"
7496,6.0,,,,35.501000000000005,,5,,4.0,"LINESTRING (11.3959409 47.2656703, 11.3960216 47.265676, 11.3962059 47.2656863, 11.3964091 47.2657014)"
7497,6.0,,,,35.501000000000005,,5,,4.0,"LINESTRING (11.3964091 47.2657014, 11.3962059 47.2656863, 11.3960216 47.265676, 11.3959409 47.2656703)"
7498,5.0,,,,81.878,,5,,4.0,"LINESTRING (11.4278407 47.254068, 11.4273087 47.2542775, 11.4272549 47.2544169, 11.4271933 47.2545866)"
7499,5.0,,9.0,,16.926,,5,,6.000000000000001,"LINESTRING (11.4271933 47.2545866, 11.4270275 47.2544841)"
7500,5.0,,9.0,,15.331,,5,,6.000000000000001,"LINESTRING (11.4271933 47.2545866, 11.4273434 47.2546795)"
7501,5.0,,,,81.878,,5,,4.0,"LINESTRING (11.4271933 47.2545866, 11.4272549 47.2544169, 11.4273087 47.2542775, 11.4278407 47.254068)"
7502,8.0,,,,19.699,,5,,6.000000000000001,"LINESTRING (11.4351811 47.2649697, 11.4351976 47.2651465)"
7503,8.0,,,,27.589,,5,,5.0,"LINESTRING (11.4351811 47.2649697, 11.4351672 47.2648203, 11.4351709 47.2647685, 11.4351763 47.2647221)"
7504,6.0,,,,103.832,,5,,6.000000000000001,"LINESTRING (11.4351811 47.2649697, 11.4350387 47.2649754, 11.434999 47.2648946, 11.4349473 47.2648578, 11.4348655 47.2648301, 11.4347728 47.2648219, 11.4339248 47.2648265)"
7505,6.0,,,,11.523,,5,,6.000000000000001,"LINESTRING (11.4339248 47.2648265, 11.4339127 47.2647232)"
7506,6.0,,,,103.832,,5,,6.000000000000001,"LINESTRING (11.4339248 47.2648265, 11.4347728 47.2648219, 11.4348655 47.2648301, 11.4349473 47.2648578, 11.434999 47.2648946, 11.4350387 47.2649754, 11.4351811 47.2649697)"
7507,6.0,,,,59.613,,5,,6.000000000000001,"LINESTRING (11.4339248 47.2648265, 11.4338695 47.2648268, 11.4338574 47.264848, 11.4338736 47.2652717, 11.4339198 47.2653132)"
7508,6.0,,,,11.523,,5,,6.000000000000001,"LINESTRING (11.4339127 47.2647232, 11.4339248 47.2648265)"
7509,8.0,,10.0,7.0,154.639,9.0,5,,6.000000000000001,"LINESTRING (11.4339127 47.2647232, 11.4318654 47.2647851)"
7510,8.0,,10.0,7.0,95.382,9.0,5,,5.0,"LINESTRING (11.4339127 47.2647232, 11.4340139 47.2647201, 11.4345649 47.2647129, 11.4348622 47.264714, 11.4351763 47.2647221)"
7511,7.0,,10.0,,6.3950000000000005,,5,,4.0,"LINESTRING (11.3962649 47.2629604, 11.39626 47.2629737, 11.3962456 47.2630164)"
7512,7.0,,4.0,,18.288,,5,10.0,7.000000000000001,"LINESTRING (11.3935906 47.2692492, 11.3936422 47.2694099)"
7513,7.0,,,,27.26,,5,,8.0,"LINESTRING (11.3935906 47.2692492, 11.3932403 47.2693092)"
7514,7.0,,6.0,,25.037,,5,10.0,7.000000000000001,"LINESTRING (11.3935906 47.2692492, 11.3935755 47.269202, 11.39352 47.2690292)"
7515,7.0,,,,81.66499999999999,,5,,7.000000000000001,"LINESTRING (11.3935906 47.2692492, 11.3937077 47.2691852, 11.3946364 47.2692382)"
7516,7.0,,4.0,,5.519,,5,,5.0,"LINESTRING (11.3932403 47.2693092, 11.3932217 47.2692612)"
7517,7.0,,4.0,,14.888,,5,,7.000000000000001,"LINESTRING (11.3932403 47.2693092, 11.3932904 47.2694387)"
7518,7.0,,,,27.26,,5,,8.0,"LINESTRING (11.3932403 47.2693092, 11.3935906 47.2692492)"
7519,7.0,,,,43.91499999999999,,5,,7.000000000000001,"LINESTRING (11.3932403 47.2693092, 11.3931953 47.2693635, 11.3932248 47.2695983, 11.393366 47.2696134)"
7520,7.0,,4.0,,13.758,,5,,6.000000000000001,"LINESTRING (11.393366 47.2696134, 11.3933193 47.2694938)"
7521,7.0,,,,25.275,,5,,7.000000000000001,"LINESTRING (11.393366 47.2696134, 11.3936983 47.2695847)"
7522,7.0,,,,43.915,,5,,7.000000000000001,"LINESTRING (11.393366 47.2696134, 11.3932248 47.2695983, 11.3931953 47.2693635, 11.3932403 47.2693092)"
7523,7.0,,,,61.724,,5,,7.000000000000001,"LINESTRING (11.3945098 47.2695145, 11.3936983 47.2695847)"
7524,7.0,,,,9.926,,5,,4.0,"LINESTRING (11.3945098 47.2695145, 11.3946403 47.2695032)"
7525,7.0,,7.0,,37.958,,5,9.0,5.0,"LINESTRING (11.3945098 47.2695145, 11.3945209 47.2695604, 11.3945446 47.269675, 11.3947129 47.269813)"
7526,7.0,,,,9.926,,5,,4.0,"LINESTRING (11.3946403 47.2695032, 11.3945098 47.2695145)"
7527,7.0,,,,51.653,,5,,7.000000000000001,"LINESTRING (11.3946364 47.2692382, 11.3946401 47.269292, 11.3948011 47.2693056, 11.3950258 47.2693101, 11.395243 47.2692962)"
7528,7.0,,,,39.829,,5,,6.000000000000001,"LINESTRING (11.3946364 47.2692382, 11.3946332 47.269193, 11.3946448 47.269094, 11.3946305 47.2688806)"
7529,7.0,,,,81.66499999999999,,5,,7.000000000000001,"LINESTRING (11.3946364 47.2692382, 11.3937077 47.2691852, 11.3935906 47.2692492)"
7530,5.0,,,,102.077,,5,,6.000000000000001,"LINESTRING (11.4042269 47.2831615, 11.4040997 47.2828725, 11.4040473 47.2828082, 11.4039618 47.282766, 11.4037125 47.2826687, 11.4036557 47.2826262, 11.4035954 47.2825307, 11.4034905 47.2824406)"
7531,5.0,,,,14.695,,5,,6.000000000000001,"LINESTRING (11.4042269 47.2831615, 11.4042427 47.2831975, 11.4042874 47.2832871)"
7532,5.0,,,,56.366,,5,,6.000000000000001,"LINESTRING (11.4042269 47.2831615, 11.404274 47.2831454, 11.4042675 47.2830039, 11.4042515 47.2828624, 11.4042166 47.2827678, 11.4042005 47.282715, 11.4042024 47.2826788)"
7533,8.0,,10.0,,15.779,,5,,7.000000000000001,"LINESTRING (11.3723804 47.2589521, 11.3723029 47.2590839)"
7534,6.0,,,,21.209,,5,,4.0,"LINESTRING (11.3723804 47.2589521, 11.3726453 47.2590158)"
7535,8.0,,10.0,,59.175,,5,,7.000000000000001,"LINESTRING (11.3723804 47.2589521, 11.3724908 47.2587645, 11.3725358 47.2586796, 11.3725995 47.2585744, 11.372641 47.258518, 11.3726826 47.2584615)"
7536,6.0,,,,21.209,,5,,4.0,"LINESTRING (11.3726453 47.2590158, 11.3723804 47.2589521)"
7537,6.0,,,,97.656,,5,,4.0,"LINESTRING (11.3710139 47.2592938, 11.3711809 47.2593316, 11.3712647 47.2593048, 11.3716482 47.2589675, 11.3719095 47.2587641)"
7538,6.0,,,,46.324,,5,,7.000000000000001,"LINESTRING (11.3719095 47.2587641, 11.3723029 47.2590839)"
7539,6.0,,,,73.164,,5,,6.000000000000001,"LINESTRING (11.3719095 47.2587641, 11.3716844 47.2585812, 11.3712465 47.2582849)"
7540,6.0,,,,97.65599999999999,,5,,4.0,"LINESTRING (11.3719095 47.2587641, 11.3716482 47.2589675, 11.3712647 47.2593048, 11.3711809 47.2593316, 11.3710139 47.2592938)"
7541,8.0,,,,167.105,,5,,6.000000000000001,"LINESTRING (11.3730426 47.2579355, 11.3735587 47.2572141, 11.3739473 47.25665, 11.3739973 47.2565796)"
7542,8.0,,,,64.497,,5,,7.000000000000001,"LINESTRING (11.3730426 47.2579355, 11.3729513 47.258063, 11.3727689 47.2583385, 11.3727638 47.2583461, 11.3727175 47.2584119, 11.3726826 47.2584615)"
7543,6.0,,,,101.92099999999999,,5,,6.000000000000001,"LINESTRING (11.3730426 47.2579355, 11.3729344 47.2579021, 11.372695 47.2582608, 11.3723483 47.2581916, 11.3722374 47.2583735)"
7544,6.0,,10.0,,38.172,,5,,6.000000000000001,"LINESTRING (11.3722374 47.2583735, 11.3722068 47.2583682, 11.3720977 47.2583499, 11.3717488 47.2582848)"
7545,6.0,,10.0,,35.022999999999996,,5,,7.000000000000001,"LINESTRING (11.3722374 47.2583735, 11.3725012 47.258419, 11.3726826 47.2584615)"
7546,6.0,,,,101.92099999999999,,5,,6.000000000000001,"LINESTRING (11.3722374 47.2583735, 11.3723483 47.2581916, 11.372695 47.2582608, 11.3729344 47.2579021, 11.3730426 47.2579355)"
7547,8.0,,10.0,,18.736,,5,,6.000000000000001,"LINESTRING (11.396371 47.2572991, 11.3966164 47.2573246)"
7548,8.0,,10.0,,28.374,,5,,6.000000000000001,"LINESTRING (11.396371 47.2572991, 11.3962952 47.2572912, 11.3959977 47.2572691)"
7549,6.0,,,,45.559,,5,,4.0,"LINESTRING (11.396371 47.2572991, 11.3963558 47.2573745, 11.3963281 47.2574959, 11.3963282 47.2575358, 11.3965745 47.2575712)"
7550,6.0,,,,45.559,,5,,4.0,"LINESTRING (11.3965745 47.2575712, 11.3963282 47.2575358, 11.3963281 47.2574959, 11.3963558 47.2573745, 11.396371 47.2572991)"
7551,10.0,,,,67.844,,5,,6.000000000000001,"LINESTRING (11.3905463 47.2679057, 11.3906035 47.2679331, 11.3907493 47.267954, 11.3910205 47.2681189, 11.3913102 47.2682045)"
7552,10.0,,,,64.14,,5,,5.0,"LINESTRING (11.3905463 47.2679057, 11.3899719 47.2676309, 11.3899471 47.2675324)"
7553,10.0,,,,47.599000000000004,,5,,8.0,"LINESTRING (11.3905463 47.2679057, 11.3907783 47.2677553, 11.3909164 47.2676793, 11.3910036 47.2676119)"
7554,8.0,,10.0,9.0,24.683,,5,,6.000000000000001,"LINESTRING (11.3931451 47.2577466, 11.3931286 47.2579683)"
7555,8.0,,10.0,9.0,35.357,,5,,5.0,"LINESTRING (11.3931451 47.2577466, 11.3931643 47.2574899, 11.3931674 47.257429)"
7556,6.0,,,,33.29,,5,,4.0,"LINESTRING (11.3931451 47.2577466, 11.3930354 47.2577418, 11.3928713 47.2577344, 11.3928202 47.2577326, 11.3928229 47.2576542)"
7557,6.0,,,,33.29,,5,,4.0,"LINESTRING (11.3928229 47.2576542, 11.3928202 47.2577326, 11.3928713 47.2577344, 11.3930354 47.2577418, 11.3931451 47.2577466)"
7558,6.0,,10.0,,5.137,,5,,6.000000000000001,"LINESTRING (11.3918229 47.2597929, 11.391823 47.2597467)"
7559,6.0,,10.0,,53.863,,5,,7.000000000000001,"LINESTRING (11.3918229 47.2597929, 11.3918202 47.2601778, 11.3918192 47.2602773)"
7560,6.0,,,,32.486,,5,,4.0,"LINESTRING (11.3918229 47.2597929, 11.3919253 47.2597929, 11.3920983 47.2597922, 11.3921343 47.2597922, 11.3921343 47.2597114)"
7561,6.0,,,,32.486,,5,,4.0,"LINESTRING (11.3921343 47.2597114, 11.3921343 47.2597922, 11.3920983 47.2597922, 11.3919253 47.2597929, 11.3918229 47.2597929)"
7562,6.0,,10.0,,3.814,,5,,6.000000000000001,"LINESTRING (11.3918272 47.2591873, 11.3918275 47.259153)"
7563,6.0,,10.0,,37.829,,5,,6.000000000000001,"LINESTRING (11.3918272 47.2591873, 11.3918248 47.2595275)"
7564,6.0,,,,38.019999999999996,,5,,4.0,"LINESTRING (11.3918272 47.2591873, 11.3919264 47.2591873, 11.3921381 47.2591873, 11.3923041 47.259254)"
7565,6.0,,,,38.019999999999996,,5,,4.0,"LINESTRING (11.3923041 47.259254, 11.3921381 47.2591873, 11.3919264 47.2591873, 11.3918272 47.2591873)"
7566,6.0,,10.0,,6.16,,5,,6.000000000000001,"LINESTRING (11.3918275 47.259153, 11.3918279 47.2590976)"
7567,6.0,,10.0,,3.814,,5,,6.000000000000001,"LINESTRING (11.3918275 47.259153, 11.3918272 47.2591873)"
7568,6.0,,,,61.807,,5,,4.0,"LINESTRING (11.3918275 47.259153, 11.3919264 47.259153, 11.3921008 47.2591523, 11.3921482 47.2591523, 11.3921492 47.259029, 11.3924658 47.2590304)"
7569,6.0,,,,61.806999999999995,,5,,4.0,"LINESTRING (11.3924658 47.2590304, 11.3921492 47.259029, 11.3921482 47.2591523, 11.3921008 47.2591523, 11.3919264 47.259153, 11.3918275 47.259153)"
7570,8.0,,10.0,9.0,24.683,,5,,6.000000000000001,"LINESTRING (11.3931286 47.2579683, 11.3931451 47.2577466)"
7571,8.0,,10.0,9.0,9.174,,5,,6.000000000000001,"LINESTRING (11.3931286 47.2579683, 11.3931224 47.2580507)"
7572,6.0,,,,22.179000000000002,,5,,4.0,"LINESTRING (11.3931286 47.2579683, 11.3930162 47.2579626, 11.3928355 47.2579537)"
7573,6.0,,,,22.179000000000002,,5,,4.0,"LINESTRING (11.3928355 47.2579537, 11.3930162 47.2579626, 11.3931286 47.2579683)"
7574,6.0,,10.0,,37.829,,5,,6.000000000000001,"LINESTRING (11.3918248 47.2595275, 11.3918272 47.2591873)"
7575,6.0,,10.0,,7.462,,5,,6.000000000000001,"LINESTRING (11.3918248 47.2595275, 11.3918232 47.2595946)"
7576,6.0,,,,76.2,,5,,6.000000000000001,"LINESTRING (11.3918248 47.2595275, 11.391709 47.2595261, 11.3916823 47.2595258, 11.3916591 47.2594279, 11.3916012 47.2591341, 11.3916012 47.259095, 11.3917021 47.2590961, 11.3918279 47.2590976)"
7577,6.0,,10.0,,6.16,,5,,6.000000000000001,"LINESTRING (11.3918279 47.2590976, 11.3918275 47.259153)"
7578,6.0,,10.0,,67.451,,5,,7.000000000000001,"LINESTRING (11.3918279 47.2590976, 11.3918315 47.2585882, 11.3918318 47.258491)"
7579,6.0,,,,76.19999999999999,,5,,6.000000000000001,"LINESTRING (11.3918279 47.2590976, 11.3917021 47.2590961, 11.3916012 47.259095, 11.3916012 47.2591341, 11.3916591 47.2594279, 11.3916823 47.2595258, 11.391709 47.2595261, 11.3918248 47.2595275)"
7580,8.0,,10.0,,45.434,,5,,7.000000000000001,"LINESTRING (11.3894253 47.2583934, 11.3898167 47.2584207, 11.3900231 47.2584411)"
7581,8.0,,10.0,,83.514,,5,,7.000000000000001,"LINESTRING (11.3894253 47.2583934, 11.388951 47.2583603, 11.3883431 47.2582485)"
7582,6.0,,,,28.857,,5,,6.000000000000001,"LINESTRING (11.3894253 47.2583934, 11.3894226 47.2582607, 11.3894214 47.2581627, 11.3894204 47.2581339)"
7583,6.0,,,,11.124,,5,,4.0,"LINESTRING (11.3895678 47.2581331, 11.3894204 47.2581339)"
7584,6.0,,,,11.124,,5,,4.0,"LINESTRING (11.3894204 47.2581339, 11.3895678 47.2581331)"
7585,6.0,,,,20.663,,5,,4.0,"LINESTRING (11.3894204 47.2581339, 11.3891466 47.2581337)"
7586,6.0,,,,28.857,,5,,6.000000000000001,"LINESTRING (11.3894204 47.2581339, 11.3894214 47.2581627, 11.3894226 47.2582607, 11.3894253 47.2583934)"
7587,6.0,,,,20.663,,5,,4.0,"LINESTRING (11.3891466 47.2581337, 11.3894204 47.2581339)"
7588,8.0,,10.0,,40.074,,5,,6.000000000000001,"LINESTRING (11.3903731 47.258458, 11.3909038 47.2584703)"
7589,8.0,,10.0,,26.498,,5,,7.000000000000001,"LINESTRING (11.3903731 47.258458, 11.3901948 47.2584538, 11.3900231 47.2584411)"
7590,6.0,,,,69.55699999999999,,5,,4.0,"LINESTRING (11.3903731 47.258458, 11.3903744 47.2583936, 11.3903786 47.258258, 11.3904132 47.2581876, 11.3904393 47.2580725, 11.3904788 47.2578392)"
7591,6.0,,,,69.557,,5,,4.0,"LINESTRING (11.3904788 47.2578392, 11.3904393 47.2580725, 11.3904132 47.2581876, 11.3903786 47.258258, 11.3903744 47.2583936, 11.3903731 47.258458)"
7592,8.0,,10.0,,47.172,,5,,6.000000000000001,"LINESTRING (11.3915285 47.2584849, 11.3909038 47.2584703)"
7593,8.0,,10.0,,22.9,,5,,7.000000000000001,"LINESTRING (11.3915285 47.2584849, 11.3916887 47.2584886, 11.3918318 47.258491)"
7594,6.0,,,,33.845,,5,,4.0,"LINESTRING (11.3915285 47.2584849, 11.3915251 47.2585371, 11.391511 47.2585649, 11.3915044 47.2585744, 11.3914956 47.2585817, 11.3914834 47.2585868, 11.391468 47.2585903, 11.3914482 47.2585919, 11.3913463 47.2585919, 11.391331 47.2585933, 11.3913184 47.2585977, 11.3913067 47.2586026, 11.3912958 47.25861, 11.3912846 47.2586197, 11.3912778 47.2586312, 11.3912745 47.2586418, 11.3912735 47.2586657)"
7595,6.0,,,,33.845,,5,,4.0,"LINESTRING (11.3912735 47.2586657, 11.3912745 47.2586418, 11.3912778 47.2586312, 11.3912846 47.2586197, 11.3912958 47.25861, 11.3913067 47.2586026, 11.3913184 47.2585977, 11.391331 47.2585933, 11.3913463 47.2585919, 11.3914482 47.2585919, 11.391468 47.2585903, 11.3914834 47.2585868, 11.3914956 47.2585817, 11.3915044 47.2585744, 11.391511 47.2585649, 11.3915251 47.2585371, 11.3915285 47.2584849)"
7596,8.0,,10.0,,47.172,,5,,6.000000000000001,"LINESTRING (11.3909038 47.2584703, 11.3915285 47.2584849)"
7597,8.0,,10.0,,40.074,,5,,6.000000000000001,"LINESTRING (11.3909038 47.2584703, 11.3903731 47.258458)"
7598,6.0,,,,22.314999999999998,,5,,4.0,"LINESTRING (11.3909038 47.2584703, 11.3909073 47.2584076, 11.3909123 47.2582697)"
7599,6.0,,,,22.314999999999998,,5,,4.0,"LINESTRING (11.3909123 47.2582697, 11.3909073 47.2584076, 11.3909038 47.2584703)"
7600,6.0,1.0,10.0,7.0,18.584,,5,,6.000000000000001,"LINESTRING (11.3972519 47.2574049, 11.3973614 47.2572552)"
7601,6.0,1.0,10.0,7.0,6.262,,5,,6.000000000000001,"LINESTRING (11.3972519 47.2574049, 11.397214 47.257455)"
7602,6.0,,,,29.505000000000003,,5,,4.0,"LINESTRING (11.3972519 47.2574049, 11.3973612 47.2574412, 11.3974986 47.2574867, 11.3976038 47.2575205)"
7603,6.0,,,,29.505000000000003,,5,,4.0,"LINESTRING (11.3976038 47.2575205, 11.3974986 47.2574867, 11.3973612 47.2574412, 11.3972519 47.2574049)"
7604,6.0,1.0,10.0,7.0,25.075,,5,,6.000000000000001,"LINESTRING (11.3973614 47.2572552, 11.3975091 47.2570532)"
7605,6.0,1.0,10.0,7.0,18.584,,5,,6.000000000000001,"LINESTRING (11.3973614 47.2572552, 11.3972519 47.2574049)"
7606,6.0,,,,30.39,,5,,4.0,"LINESTRING (11.3973614 47.2572552, 11.397471 47.2572913, 11.3976194 47.2573416, 11.397724 47.257374)"
7607,6.0,,,,30.39,,5,,4.0,"LINESTRING (11.397724 47.257374, 11.3976194 47.2573416, 11.397471 47.2572913, 11.3973614 47.2572552)"
7608,6.0,,10.0,9.0,20.612,,10,,4.0,"LINESTRING (11.3967962 47.2592218, 11.3967815 47.2594069)"
7609,6.0,,,,58.744,,5,,3.0000000000000004,"LINESTRING (11.3967962 47.2592218, 11.3962997 47.2591719, 11.3961774 47.2593402)"
7610,6.0,,,,58.744,,5,,3.0000000000000004,"LINESTRING (11.3961774 47.2593402, 11.3962997 47.2591719, 11.3967962 47.2592218)"
7611,8.0,,10.0,,14.403,,10,,4.0,"LINESTRING (11.3965805 47.258758, 11.3964907 47.2586437)"
7612,6.0,,,,37.349000000000004,,5,,3.0000000000000004,"LINESTRING (11.3965805 47.258758, 11.39643 47.2588233, 11.3963575 47.2589183, 11.3964409 47.2590099)"
7613,6.0,,,,37.349000000000004,,5,,3.0000000000000004,"LINESTRING (11.3964409 47.2590099, 11.3963575 47.2589183, 11.39643 47.2588233, 11.3965805 47.258758)"
7614,6.0,,,,36.816,,5,,3.0000000000000004,"LINESTRING (11.3961928 47.2588964, 11.3962896 47.2587651, 11.3963468 47.2587228, 11.3964435 47.2586597, 11.3964907 47.2586437)"
7615,8.0,,10.0,,26.111,,10,,4.0,"LINESTRING (11.3964907 47.2586437, 11.3963708 47.2584911, 11.3963279 47.2584365)"
7616,6.0,,,,36.816,,5,,3.0000000000000004,"LINESTRING (11.3964907 47.2586437, 11.3964435 47.2586597, 11.3963468 47.2587228, 11.3962896 47.2587651, 11.3961928 47.2588964)"
7617,8.0,,10.0,9.0,64.981,,5,,5.0,"LINESTRING (11.3932304 47.2567933, 11.3932853 47.2562101)"
7618,6.0,,,,23.457,,5,,4.0,"LINESTRING (11.3932304 47.2567933, 11.39292 47.2567825)"
7619,8.0,,10.0,9.0,50.4,,5,,5.0,"LINESTRING (11.3932304 47.2567933, 11.3931937 47.2571839, 11.3931896 47.2572457)"
7620,6.0,,,,23.457,,5,,4.0,"LINESTRING (11.39292 47.2567825, 11.3932304 47.2567933)"
7621,8.0,,10.0,,37.805,,5,,6.000000000000001,"LINESTRING (11.3965411 47.2687262, 11.3960524 47.2686512)"
7622,8.0,,10.0,,194.081,,5,,6.000000000000001,"LINESTRING (11.3965411 47.2687262, 11.3975875 47.2688868, 11.3979695 47.2689355, 11.3980616 47.2689703, 11.3981658 47.2690002, 11.3989068 47.2691125, 11.3990365 47.2691322)"
7623,7.0,,,,144.02499999999998,,5,,7.000000000000001,"LINESTRING (11.3965411 47.2687262, 11.3966036 47.2692118, 11.3954179 47.269284)"
7624,6.0,,10.0,,4.837,,5,,6.000000000000001,"LINESTRING (11.3918231 47.2596381, 11.3918232 47.2595946)"
7625,6.0,,10.0,,12.076,,5,,6.000000000000001,"LINESTRING (11.3918231 47.2596381, 11.391823 47.2597467)"
7626,6.0,,,,30.532,,5,,4.0,"LINESTRING (11.3918231 47.2596381, 11.3917127 47.2596362, 11.391543 47.2596342, 11.3914186 47.2596323)"
7627,6.0,,,,30.532,,5,,4.0,"LINESTRING (11.3914186 47.2596323, 11.391543 47.2596342, 11.3917127 47.2596362, 11.3918231 47.2596381)"
7628,6.0,,10.0,,12.076,,5,,6.000000000000001,"LINESTRING (11.391823 47.2597467, 11.3918231 47.2596381)"
7629,6.0,,10.0,,5.137,,5,,6.000000000000001,"LINESTRING (11.391823 47.2597467, 11.3918229 47.2597929)"
7630,6.0,,,,21.465,,5,,4.0,"LINESTRING (11.391823 47.2597467, 11.3917123 47.2597457, 11.3915386 47.2597437)"
7631,6.0,,,,21.465,,5,,4.0,"LINESTRING (11.3915386 47.2597437, 11.3917123 47.2597457, 11.391823 47.2597467)"
7632,6.0,,10.0,,20.413,,5,,6.000000000000001,"LINESTRING (11.3917068 47.260663, 11.3916544 47.2608431)"
7633,6.0,,10.0,,43.717999999999996,,5,,7.000000000000001,"LINESTRING (11.3917068 47.260663, 11.3917954 47.260359, 11.3918192 47.2602773)"
7634,6.0,,,,24.167,,5,,6.000000000000001,"LINESTRING (11.3917068 47.260663, 11.3916158 47.2606501, 11.3914646 47.2606309, 11.3913926 47.260621)"
7635,6.0,,,,7.63,,5,,4.0,"LINESTRING (11.3913926 47.260621, 11.3913581 47.2606855)"
7636,6.0,,,,12.577,,5,,4.0,"LINESTRING (11.3913926 47.260621, 11.3914099 47.2605085)"
7637,6.0,,,,24.167,,5,,6.000000000000001,"LINESTRING (11.3913926 47.260621, 11.3914646 47.2606309, 11.3916158 47.2606501, 11.3917068 47.260663)"
7638,6.0,,,,12.577,,5,,4.0,"LINESTRING (11.3914099 47.2605085, 11.3913926 47.260621)"
7639,6.0,,,,7.63,,5,,4.0,"LINESTRING (11.3913581 47.2606855, 11.3913926 47.260621)"
7640,6.0,,10.0,,20.413,,5,,6.000000000000001,"LINESTRING (11.3916544 47.2608431, 11.3917068 47.260663)"
7641,6.0,,10.0,,47.62,,5,,6.000000000000001,"LINESTRING (11.3916544 47.2608431, 11.3915554 47.2611827, 11.3915311 47.2612631)"
7642,6.0,,,,23.652,,5,,4.0,"LINESTRING (11.3916544 47.2608431, 11.391569 47.2608295, 11.3914237 47.2608126, 11.3913465 47.2608038)"
7643,6.0,,,,23.652,,5,,4.0,"LINESTRING (11.3913465 47.2608038, 11.3914237 47.2608126, 11.391569 47.2608295, 11.3916544 47.2608431)"
7644,5.0,,9.0,,16.926,,5,,6.000000000000001,"LINESTRING (11.4270275 47.2544841, 11.4271933 47.2545866)"
7645,5.0,,9.0,,59.116,,5,,7.000000000000001,"LINESTRING (11.4270275 47.2544841, 11.4266314 47.2543893, 11.4264008 47.2543075, 11.426298 47.2543024)"
7646,5.0,,9.0,,60.15,,5,2.0,6.000000000000001,"LINESTRING (11.4270275 47.2544841, 11.4267498 47.2542418, 11.4266959 47.2541514, 11.426705 47.2540151)"
7647,5.0,,9.0,,90.757,,5,,5.0,"LINESTRING (11.4239362 47.2534805, 11.423797 47.253286, 11.4235565 47.2529663, 11.4235579 47.2528973, 11.4236728 47.252744)"
7648,5.0,,9.0,,209.982,,5,,7.000000000000001,"LINESTRING (11.4239362 47.2534805, 11.4241894 47.2535999, 11.424383 47.253791, 11.4247151 47.253903, 11.4249309 47.2540864, 11.4253574 47.2541929, 11.4256581 47.2541937, 11.4259317 47.254229, 11.426298 47.2543024)"
7649,5.0,,,,80.231,,5,,6.000000000000001,"LINESTRING (11.4239362 47.2534805, 11.4238386 47.253503, 11.4232682 47.2534487, 11.4229162 47.2533446)"
7650,5.0,,,,95.374,,5,1.0,3.0000000000000004,"LINESTRING (11.4240523 47.253247, 11.4241099 47.2531633, 11.424301 47.2530796, 11.4244613 47.2529373, 11.4247648 47.2527859, 11.4249291 47.2526495)"
7651,5.0,10.0,10.0,,6.213,,5,,6.000000000000001,"LINESTRING (11.4291389 47.2734509, 11.4292061 47.2734186)"
7652,5.0,10.0,10.0,,15.673,,5,,6.000000000000001,"LINESTRING (11.4291389 47.2734509, 11.4290933 47.2734728, 11.4289693 47.2735323)"
7653,6.0,,,,29.763999999999996,9.0,5,,6.000000000000001,"LINESTRING (11.4291389 47.2734509, 11.4290569 47.2734021, 11.4289134 47.273378, 11.4287759 47.2733744)"
7654,8.0,,,7.0,77.58500000000001,,5,,6.000000000000001,"LINESTRING (11.4297281 47.2731109, 11.4291387 47.2732737, 11.4290722 47.2732921, 11.4287759 47.2733744)"
7655,10.0,,,,54.87499999999999,,5,,6.000000000000001,"LINESTRING (11.4297281 47.2731109, 11.4296297 47.2732479, 11.4295723 47.2732555, 11.4294381 47.2733001, 11.4293272 47.2733374, 11.429297 47.2733595, 11.4292759 47.2733789, 11.4292061 47.2734186)"
7656,8.0,,,7.0,209.409,,5,,6.000000000000001,"LINESTRING (11.4297281 47.2731109, 11.4314391 47.2726382, 11.4322608 47.2723453)"
7657,6.0,,,,19.583,,5,,5.0,"LINESTRING (11.4267073 47.2709083, 11.4268454 47.2708987, 11.4269655 47.2708903)"
7658,6.0,,,,16.313,,5,,4.0,"LINESTRING (11.4321498 47.2722194, 11.4322608 47.2723453)"
7659,8.0,,,7.0,61.059,9.0,5,,6.000000000000001,"LINESTRING (11.4322608 47.2723453, 11.4329773 47.27209)"
7660,6.0,,,,16.313,,5,,4.0,"LINESTRING (11.4322608 47.2723453, 11.4321498 47.2722194)"
7661,8.0,,,7.0,209.409,,5,,6.000000000000001,"LINESTRING (11.4322608 47.2723453, 11.4314391 47.2726382, 11.4297281 47.2731109)"
7662,5.0,,,,63.051,,5,,4.0,"LINESTRING (11.4074241 47.2526467, 11.4074774 47.252542, 11.40787 47.2524894, 11.407782 47.2523147)"
7663,6.0,,,,12.044,,5,,6.000000000000001,"LINESTRING (11.407782 47.2523147, 11.4078977 47.2522401)"
7664,6.0,,,,180.622,,5,,4.0,"LINESTRING (11.407782 47.2523147, 11.407648 47.2524012, 11.4074117 47.2524504, 11.4067658 47.2524482, 11.4054523 47.2524925)"
7665,5.0,,,,63.051,,5,,4.0,"LINESTRING (11.407782 47.2523147, 11.40787 47.2524894, 11.4074774 47.252542, 11.4074241 47.2526467)"
7666,6.0,,,,83.013,,5,,3.0000000000000004,"LINESTRING (11.4184259 47.2746969, 11.4183234 47.2747787, 11.4183328 47.2748327, 11.4184787 47.2749046, 11.4180534 47.275266)"
7667,6.0,,10.0,,197.76899999999998,,10,,3.0000000000000004,"LINESTRING (11.4184259 47.2746969, 11.4182557 47.2746, 11.417446 47.2741647, 11.4165435 47.2736599, 11.4163941 47.2735733)"
7668,6.0,,,,41.231,,5,,5.0,"LINESTRING (11.3781996 47.25511, 11.3787292 47.255019)"
7669,6.0,,,,36.505,,5,,3.0000000000000004,"LINESTRING (11.3781996 47.25511, 11.3779197 47.255161, 11.3777416 47.255213)"
7670,6.0,,,,35.373000000000005,,10,,2.0,"LINESTRING (11.3781996 47.25511, 11.3780996 47.2548324, 11.3781466 47.2548271)"
7671,6.0,,,,3.372,,10,,2.0,"LINESTRING (11.3786259 47.2548448, 11.378669 47.2548368)"
7672,8.0,,10.0,7.0,103.293,9.0,5,,6.000000000000001,"LINESTRING (11.4304978 47.2648253, 11.4318654 47.2647851)"
7673,6.0,,,,52.921,,5,,4.0,"LINESTRING (11.4304978 47.2648253, 11.4303611 47.2652921)"
7674,8.0,,10.0,7.0,59.877,9.0,5,,7.000000000000001,"LINESTRING (11.4304978 47.2648253, 11.4298786 47.2648435, 11.4297049 47.2648453)"
7675,6.0,,,,52.921,,5,,4.0,"LINESTRING (11.4303611 47.2652921, 11.4304978 47.2648253)"
7676,5.0,,,,74.48400000000001,,5,,4.0,"LINESTRING (11.3955706 47.2483442, 11.3955512 47.248473, 11.3955138 47.2487084, 11.3956368 47.2490003)"
7677,8.0,,10.0,7.0,29.335,,5,,6.000000000000001,"LINESTRING (11.3955706 47.2483442, 11.3953111 47.2482903, 11.3952114 47.2483322)"
7678,8.0,,10.0,7.0,27.900000000000002,,5,,6.000000000000001,"LINESTRING (11.3955706 47.2483442, 11.3957984 47.2483915, 11.3958729 47.2484061, 11.3959172 47.2484269)"
7679,6.0,,10.0,,35.221,,10,,3.0000000000000004,"LINESTRING (11.403552 47.2790268, 11.4037393 47.2790702, 11.4038277 47.2790851, 11.403893 47.2790807, 11.4039051 47.2790794, 11.4039958 47.2790508)"
7680,2.0,,10.0,7.0,40.462999999999994,9.0,10,,4.0,"LINESTRING (11.403552 47.2790268, 11.4036921 47.2790943, 11.4038315 47.2791553, 11.4039256 47.2791969, 11.4039993 47.2792274)"
7681,2.0,8.0,10.0,7.0,25.127,9.0,10,,4.0,"LINESTRING (11.4042838 47.2794201, 11.4043298 47.2794872, 11.4044031 47.2796308)"
7682,5.0,,5.0,,133.821,,5,,2.0,"LINESTRING (11.4292172 47.2544137, 11.4293088 47.2544204, 11.4295095 47.2544204, 11.429665 47.2543897, 11.4297218 47.2542897, 11.4297124 47.2542369, 11.4296118 47.2541951, 11.4300692 47.254115, 11.4305201 47.2539818)"
7683,5.0,,,,47.657,,5,,2.0,"LINESTRING (11.4144784 47.2514097, 11.4147037 47.2515808, 11.4147473 47.2517777)"
7684,6.0,,,,52.737,,5,,6.000000000000001,"LINESTRING (11.3811977 47.2738284, 11.3811703 47.2738505, 11.3811454 47.2738706, 11.3810206 47.2737942, 11.3809321 47.2737269, 11.3809268 47.2736504, 11.3809458 47.2735127)"
7685,8.0,,10.0,9.0,68.964,,10,,4.0,"LINESTRING (11.3964821 47.2605258, 11.3957732 47.2603585, 11.3956455 47.2602894)"
7686,6.0,,,,11.84,,5,,3.0000000000000004,"LINESTRING (11.3964821 47.2605258, 11.3965063 47.2604682, 11.3965246 47.2604233)"
7687,6.0,,,,11.84,,5,,3.0000000000000004,"LINESTRING (11.3965246 47.2604233, 11.3965063 47.2604682, 11.3964821 47.2605258)"
7688,8.0,,10.0,9.0,19.949,,10,,4.0,"LINESTRING (11.3967318 47.2605847, 11.3964821 47.2605258)"
7689,6.0,,,,75.80000000000001,,5,,3.0000000000000004,"LINESTRING (11.3967318 47.2605847, 11.3967593 47.2605253, 11.3968143 47.2603939, 11.3969007 47.260208, 11.3970241 47.2601191, 11.397089 47.2599593)"
7690,6.0,,,,75.80000000000001,,5,,3.0000000000000004,"LINESTRING (11.397089 47.2599593, 11.3970241 47.2601191, 11.3969007 47.260208, 11.3968143 47.2603939, 11.3967593 47.2605253, 11.3967318 47.2605847)"
7691,8.0,,10.0,,44.498,,5,,5.0,"LINESTRING (11.3972837 47.2611371, 11.3974414 47.2607515)"
7692,8.0,,10.0,,16.052,,5,,6.000000000000001,"LINESTRING (11.3972837 47.2611371, 11.3972268 47.2612762)"
7693,6.0,,,,23.253,,5,,4.0,"LINESTRING (11.3972837 47.2611371, 11.3973542 47.2611478, 11.3974326 47.2611399, 11.3974772 47.261038)"
7694,6.0,,,,23.253,,5,,4.0,"LINESTRING (11.3974772 47.261038, 11.3974326 47.2611399, 11.3973542 47.2611478, 11.3972837 47.2611371)"
7695,8.0,,10.0,,16.052,,5,,6.000000000000001,"LINESTRING (11.3972268 47.2612762, 11.3972837 47.2611371)"
7696,8.0,,10.0,,27.118,,5,,5.0,"LINESTRING (11.3972268 47.2612762, 11.3971307 47.2615112)"
7697,6.0,,,,27.026000000000003,,5,,4.0,"LINESTRING (11.3972268 47.2612762, 11.397292 47.2612866, 11.3975777 47.2613247)"
7698,6.0,,,,27.026000000000003,,5,,4.0,"LINESTRING (11.3975777 47.2613247, 11.397292 47.2612866, 11.3972268 47.2612762)"
7699,6.0,,,,73.729,,5,,4.0,"LINESTRING (11.4309254 47.2616838, 11.4308182 47.2615121, 11.4306871 47.2615509, 11.430405 47.2612232)"
7700,6.0,,,,48.713,,5,,4.0,"LINESTRING (11.394735 47.277079, 11.3947163 47.2770215, 11.394571 47.2769449, 11.3944155 47.2768201, 11.3944722 47.2767377)"
7701,5.0,,,,150.26700000000002,,5,,2.0,"LINESTRING (11.3992864 47.2468433, 11.39945 47.2466553, 11.3997927 47.2465648, 11.3999134 47.2465552, 11.4000575 47.2466631, 11.4000723 47.2467509, 11.4001769 47.2468215, 11.4001809 47.2469317, 11.4005578 47.2470008, 11.4006731 47.2470482)"
7702,5.0,,,,150.26700000000002,,5,,2.0,"LINESTRING (11.4006731 47.2470482, 11.4005578 47.2470008, 11.4001809 47.2469317, 11.4001769 47.2468215, 11.4000723 47.2467509, 11.4000575 47.2466631, 11.3999134 47.2465552, 11.3997927 47.2465648, 11.39945 47.2466553, 11.3992864 47.2468433)"
7703,5.0,,,,89.643,,5,,3.0000000000000004,"LINESTRING (11.3972855 47.2460827, 11.3973619 47.2461296, 11.3972948 47.246166, 11.3974062 47.2461888, 11.3975718 47.2461608, 11.3978172 47.2460962, 11.3978984 47.2457968)"
7704,6.0,,,,52.423,,5,,2.0,"LINESTRING (11.3885739 47.2603176, 11.3885761 47.2602502, 11.3885843 47.2601105, 11.3886059 47.2599849, 11.3886355 47.2598486)"
7705,6.0,,,,52.423,,5,,2.0,"LINESTRING (11.3886355 47.2598486, 11.3886059 47.2599849, 11.3885843 47.2601105, 11.3885761 47.2602502, 11.3885739 47.2603176)"
7706,6.0,,,,68.648,,5,,2.0,"LINESTRING (11.3911458 47.260303, 11.3911405 47.2602425, 11.3911423 47.2601135, 11.3911265 47.2599203, 11.3910336 47.2598085, 11.3910318 47.2597026)"
7707,6.0,,,,68.648,,5,,2.0,"LINESTRING (11.3910318 47.2597026, 11.3910336 47.2598085, 11.3911265 47.2599203, 11.3911423 47.2601135, 11.3911405 47.2602425, 11.3911458 47.260303)"
7708,6.0,,,,32.928,,5,,2.0,"LINESTRING (11.3904542 47.2603295, 11.3904747 47.2600337)"
7709,6.0,,,,32.928,,5,,2.0,"LINESTRING (11.3904747 47.2600337, 11.3904542 47.2603295)"
7710,6.0,,,,33.057,,5,,2.0,"LINESTRING (11.3912096 47.2603006, 11.3912135 47.2603612, 11.3912256 47.2604825, 11.3912367 47.2605973)"
7711,6.0,,,,33.056999999999995,,5,,2.0,"LINESTRING (11.3912367 47.2605973, 11.3912256 47.2604825, 11.3912135 47.2603612, 11.3912096 47.2603006)"
7712,6.0,,10.0,,57.402,,5,,6.000000000000001,"LINESTRING (11.3941966 47.262628, 11.393443 47.2625577)"
7713,6.0,,10.0,,39.102000000000004,,5,,6.000000000000001,"LINESTRING (11.3941966 47.262628, 11.3942287 47.262631, 11.3946647 47.262666, 11.3947114 47.2626673)"
7714,6.0,,,,26.020000000000003,,5,,4.0,"LINESTRING (11.3941966 47.262628, 11.3942045 47.2625623, 11.3942214 47.2624374, 11.3942268 47.2623949)"
7715,6.0,,,,26.019999999999996,,5,,4.0,"LINESTRING (11.3942268 47.2623949, 11.3942214 47.2624374, 11.3942045 47.2625623, 11.3941966 47.262628)"
7716,8.0,9.0,10.0,,36.134,,10,,4.0,"LINESTRING (11.3934143 47.2618826, 11.3934283 47.2618202, 11.3934783 47.2616173, 11.3934884 47.2615616)"
7717,6.0,,,,32.232,,5,,3.0000000000000004,"LINESTRING (11.3934143 47.2618826, 11.3935041 47.2618908, 11.3937171 47.2619126, 11.393757 47.2619161, 11.3937706 47.261862)"
7718,6.0,,,,32.232,,5,,3.0000000000000004,"LINESTRING (11.3937706 47.261862, 11.393757 47.2619161, 11.3937171 47.2619126, 11.3935041 47.2618908, 11.3934143 47.2618826)"
7719,8.0,9.0,10.0,,7.718,,10,,4.0,"LINESTRING (11.3937492 47.2602648, 11.3937476 47.2601954)"
7720,6.0,,,,5.906,,5,,3.0000000000000004,"LINESTRING (11.3937492 47.2602648, 11.393672 47.2602561)"
7721,8.0,9.0,10.0,,7.652,,10,,3.0000000000000004,"LINESTRING (11.3937476 47.2601954, 11.3937456 47.2601266)"
7722,6.0,,,,27.432000000000002,,5,,3.0000000000000004,"LINESTRING (11.3937476 47.2601954, 11.3936658 47.2601859, 11.3933893 47.2601538)"
7723,6.0,,,,27.432000000000002,,5,,3.0000000000000004,"LINESTRING (11.3933893 47.2601538, 11.3936658 47.2601859, 11.3937476 47.2601954)"
7724,6.0,,,,5.906,,5,,3.0000000000000004,"LINESTRING (11.393672 47.2602561, 11.3937492 47.2602648)"
7725,8.0,9.0,10.0,,13.132,,10,,4.0,"LINESTRING (11.3937154 47.2606011, 11.3937368 47.2604839)"
7726,6.0,,,,19.221,,5,,3.0000000000000004,"LINESTRING (11.3937154 47.2606011, 11.3936342 47.260586, 11.3934684 47.260559)"
7727,6.0,,,,19.221,,5,,3.0000000000000004,"LINESTRING (11.3934684 47.260559, 11.3936342 47.260586, 11.3937154 47.2606011)"
7728,8.0,9.0,10.0,,20.576,,10,,4.0,"LINESTRING (11.3937368 47.2604839, 11.3937508 47.2602991)"
7729,6.0,,,,16.381,,5,,3.0000000000000004,"LINESTRING (11.3937368 47.2604839, 11.3936764 47.2604716, 11.3935256 47.2604504)"
7730,6.0,,,,16.381,,5,,3.0000000000000004,"LINESTRING (11.3935256 47.2604504, 11.3936764 47.2604716, 11.3937368 47.2604839)"
7731,8.0,,10.0,,7.208,,10,,4.0,"LINESTRING (11.3937408 47.2599929, 11.3937385 47.2599281)"
7732,6.0,,,,33.989,,5,,3.0000000000000004,"LINESTRING (11.3937408 47.2599929, 11.3936611 47.2599836, 11.3932976 47.2599385)"
7733,6.0,,,,33.989,,5,,3.0000000000000004,"LINESTRING (11.3932976 47.2599385, 11.3936611 47.2599836, 11.3937408 47.2599929)"
7734,8.0,,10.0,,4.816,,10,,3.0000000000000004,"LINESTRING (11.3937385 47.2599281, 11.3937369 47.2598848)"
7735,6.0,,,,29.184,,5,,3.0000000000000004,"LINESTRING (11.3937385 47.2599281, 11.3936558 47.2599168, 11.3933585 47.2598794)"
7736,6.0,,,,29.184,,5,,3.0000000000000004,"LINESTRING (11.3933585 47.2598794, 11.3936558 47.2599168, 11.3937385 47.2599281)"
7737,6.0,,10.0,,2.959,,10,,4.0,"LINESTRING (11.3937402 47.2597777, 11.3937411 47.2597511)"
7738,6.0,,,,29.254,,5,,3.0000000000000004,"LINESTRING (11.3937402 47.2597777, 11.3936408 47.2597661, 11.3933585 47.2597318)"
7739,6.0,,,,29.254,,5,,3.0000000000000004,"LINESTRING (11.3933585 47.2597318, 11.3936408 47.2597661, 11.3937402 47.2597777)"
7740,6.0,,10.0,,1.579,,10,,4.0,"LINESTRING (11.3937411 47.2597511, 11.3937415 47.2597369)"
7741,6.0,,,,22.306,,5,,3.0000000000000004,"LINESTRING (11.3937411 47.2597511, 11.3936371 47.2597391, 11.3934498 47.2597171)"
7742,6.0,,,,22.306,,5,,3.0000000000000004,"LINESTRING (11.3934498 47.2597171, 11.3936371 47.2597391, 11.3937411 47.2597511)"
7743,6.0,9.0,10.0,,53.704,,10,,4.0,"LINESTRING (11.3937432 47.259662, 11.3937504 47.2593511, 11.3937527 47.2592626, 11.393765 47.2591795)"
7744,6.0,,,,17.09,,5,,3.0000000000000004,"LINESTRING (11.3937432 47.259662, 11.3936361 47.259652, 11.3935975 47.2596485, 11.3935975 47.2595946)"
7745,6.0,,,,17.09,,5,,3.0000000000000004,"LINESTRING (11.3935975 47.2595946, 11.3935975 47.2596485, 11.3936361 47.259652, 11.3937432 47.259662)"
7746,6.0,,,10.0,24.561999999999994,,5,,6.000000000000001,"LINESTRING (11.397426 47.253371, 11.3974489 47.253369, 11.3975126 47.2533618, 11.3975799 47.2533318, 11.3976117 47.2533054, 11.3976259 47.2532765, 11.3976472 47.2532369)"
7747,6.0,,,10.0,8.873000000000001,,5,,6.000000000000001,"LINESTRING (11.397426 47.253371, 11.3973941 47.2533738, 11.3973092 47.25338)"
7748,6.0,,,10.0,15.652999999999999,,10,,4.0,"LINESTRING (11.397426 47.253371, 11.3974481 47.2533746, 11.3975091 47.2533843, 11.3975675 47.2534011, 11.3975979 47.2534351)"
7749,7.0,,,,151.864,,5,,4.0,"LINESTRING (11.4175981 47.2678779, 11.4174852 47.2678504, 11.4176195 47.2675966, 11.4162121 47.2672538)"
7750,5.0,,,,13.843,,5,,2.0,"LINESTRING (11.392031 47.2786385, 11.3920981 47.2786194, 11.3921852 47.2786658)"
7751,5.0,,,,30.234,,5,,2.0,"LINESTRING (11.3919572 47.2783564, 11.3920565 47.2783592, 11.392137 47.2783719, 11.3923167 47.2784565)"
7752,5.0,,,,47.995999999999995,,5,,2.0,"LINESTRING (11.3920417 47.2781026, 11.3923019 47.2781927, 11.3925876 47.2783228)"
7753,5.0,,9.0,,112.47800000000001,,5,2.0,5.0,"LINESTRING (11.4278653 47.2531893, 11.4279027 47.2532584, 11.4281354 47.253553, 11.4281494 47.2536303, 11.4280727 47.2538447, 11.4280001 47.2538824, 11.4278678 47.2538856, 11.4276537 47.253837)"
7754,5.0,,,,77.25200000000001,,5,,5.0,"LINESTRING (11.4278653 47.2531893, 11.4277339 47.2534242, 11.4277688 47.2537164, 11.4277393 47.2537879, 11.4276537 47.253837)"
7755,8.0,,,,180.03799999999998,,5,,4.0,"LINESTRING (11.4147118 47.2779316, 11.4144355 47.277735, 11.4130314 47.276782)"
7756,6.0,,10.0,,5.982,,5,,7.000000000000001,"LINESTRING (11.3947114 47.2626673, 11.3947906 47.2626696)"
7757,6.0,,10.0,,39.102000000000004,,5,,6.000000000000001,"LINESTRING (11.3947114 47.2626673, 11.3946647 47.262666, 11.3942287 47.262631, 11.3941966 47.262628)"
7758,10.0,,,,20.585,,5,,5.0,"LINESTRING (11.3947114 47.2626673, 11.394711 47.2626253, 11.3947119 47.2625903, 11.3947128 47.2625604, 11.3947182 47.2625527, 11.3947982 47.262509)"
7759,6.0,,10.0,,28.09,,10,,4.0,"LINESTRING (11.3947982 47.262509, 11.3948 47.2624824, 11.3948599 47.2622601)"
7760,10.0,,,,20.585,,5,,5.0,"LINESTRING (11.3947982 47.262509, 11.3947182 47.2625527, 11.3947128 47.2625604, 11.3947119 47.2625903, 11.394711 47.2626253, 11.3947114 47.2626673)"
7761,6.0,,,,29.879,,5,,4.0,"LINESTRING (11.4097618 47.282064, 11.4096765 47.2823264)"
7762,5.0,,10.0,8.0,15.505,9.0,5,,6.000000000000001,"LINESTRING (11.4096765 47.2823264, 11.4098766 47.2823583)"
7763,6.0,,,,29.879,,5,,4.0,"LINESTRING (11.4096765 47.2823264, 11.4097618 47.282064)"
7764,5.0,,10.0,8.0,201.268,9.0,5,,6.000000000000001,"LINESTRING (11.4096765 47.2823264, 11.4083234 47.2821105, 11.4079615 47.2820566, 11.4075606 47.2820236, 11.407289 47.2820119, 11.4070575 47.282017)"
7765,8.0,,10.0,,8.784,,5,,6.000000000000001,"LINESTRING (11.4223611 47.2577276, 11.4223113 47.257799)"
7766,8.0,,10.0,,102.67800000000001,,5,,6.000000000000001,"LINESTRING (11.4223611 47.2577276, 11.4224168 47.2576552, 11.4224862 47.2575618, 11.4225742 47.2574438, 11.4225973 47.2574129, 11.4228758 47.2570396, 11.4229727 47.2569028)"
7767,8.0,,10.0,9.0,82.876,,10,,6.000000000000001,"LINESTRING (11.4223611 47.2577276, 11.4226307 47.2577983, 11.4231954 47.2579477, 11.4233503 47.2580368)"
7768,6.0,,,,24.219,,5,,4.0,"LINESTRING (11.3771555 47.2693895, 11.377447 47.2694807)"
7769,6.0,,,,57.14,,5,,5.0,"LINESTRING (11.3779896 47.2698486, 11.3777322 47.2697485, 11.377645 47.2696366, 11.3775082 47.269582, 11.3774513 47.2695139)"
7770,8.0,,,,3.706,,5,,7.000000000000001,"LINESTRING (11.377447 47.2694807, 11.3774513 47.2695139)"
7771,6.0,,,,24.219,,5,,4.0,"LINESTRING (11.377447 47.2694807, 11.3771555 47.2693895)"
7772,8.0,,,,61.646,,5,,7.000000000000001,"LINESTRING (11.377447 47.2694807, 11.3777223 47.2690379, 11.3777995 47.2689859)"
7773,6.0,,,,55.786,,5,,4.0,"LINESTRING (11.3887171 47.2727624, 11.3887011 47.2727983, 11.3886105 47.2728684, 11.3885439 47.272885, 11.3885384 47.2728185, 11.3886355 47.2725709)"
7774,6.0,,,,32.806,,5,,4.0,"LINESTRING (11.3972712 47.279027, 11.3971908 47.2790158, 11.3969408 47.2789924, 11.3968404 47.2789908)"
7775,8.0,,10.0,9.0,7.19,9.0,5,,6.000000000000001,"LINESTRING (11.3867762 47.2603129, 11.3866849 47.2603314)"
7776,8.0,,10.0,9.0,93.45,9.0,5,,7.000000000000001,"LINESTRING (11.3867762 47.2603129, 11.3868655 47.2603006, 11.3870957 47.2602787, 11.3874669 47.2602869, 11.3879069 47.2602966, 11.3880098 47.2603013)"
7777,8.0,,10.0,9.0,72.709,,5,,7.000000000000001,"LINESTRING (11.3880098 47.2603013, 11.3878864 47.2609498)"
7778,8.0,,10.0,9.0,137.72400000000002,9.0,5,,8.0,"LINESTRING (11.3880098 47.2603013, 11.3885739 47.2603176, 11.389713 47.2603499, 11.3898332 47.2603533)"
7779,8.0,,10.0,9.0,93.45000000000002,9.0,5,,6.000000000000001,"LINESTRING (11.3880098 47.2603013, 11.3879069 47.2602966, 11.3874669 47.2602869, 11.3870957 47.2602787, 11.3868655 47.2603006, 11.3867762 47.2603129)"
7780,8.0,,10.0,9.0,112.129,,5,,7.000000000000001,"LINESTRING (11.3880098 47.2603013, 11.3881402 47.2595238, 11.3881756 47.2592992)"
7781,8.0,,10.0,,104.991,,5,,7.000000000000001,"LINESTRING (11.3898332 47.2603533, 11.389842 47.2602695, 11.3899324 47.2594115)"
7782,8.0,,10.0,,83.70400000000001,,5,,7.000000000000001,"LINESTRING (11.3898332 47.2603533, 11.3898144 47.2604173, 11.3896351 47.2610268, 11.3896161 47.2610915)"
7783,8.0,,10.0,9.0,150.10999999999999,9.0,5,,8.0,"LINESTRING (11.3898332 47.2603533, 11.3899464 47.260349, 11.3900001 47.2603469, 11.3904542 47.2603295, 11.3911458 47.260303, 11.3912096 47.2603006, 11.3916826 47.2602825, 11.3918008 47.260278, 11.3918192 47.2602773)"
7784,8.0,,10.0,9.0,137.72400000000002,9.0,5,,8.0,"LINESTRING (11.3898332 47.2603533, 11.389713 47.2603499, 11.3885739 47.2603176, 11.3880098 47.2603013)"
7785,6.0,,,,19.089,,5,,5.0,"LINESTRING (11.3978601 47.2538998, 11.3979205 47.2537331)"
7786,6.0,,10.0,7.0,14.756,,5,,6.000000000000001,"LINESTRING (11.3979205 47.2537331, 11.397725 47.253732)"
7787,6.0,,,,19.089,,5,,5.0,"LINESTRING (11.3979205 47.2537331, 11.3978601 47.2538998)"
7788,6.0,,10.0,7.0,84.53999999999999,,5,,8.0,"LINESTRING (11.3979205 47.2537331, 11.3979842 47.2537334, 11.3984848 47.2537341, 11.3987648 47.2537323, 11.399005 47.2537324, 11.3990406 47.2537319)"
7789,8.0,,,,223.81299999999996,,5,,7.000000000000001,"LINESTRING (11.3979205 47.2537331, 11.3979444 47.2536371, 11.3979675 47.2535544, 11.397984 47.2534996, 11.3980703 47.2532122, 11.398332 47.2523414, 11.3984377 47.2519898, 11.3984797 47.2517571)"
7790,5.0,,,,62.364,,5,,4.0,"LINESTRING (11.380976 47.2750574, 11.3810527 47.2750522, 11.3810751 47.2750437, 11.3813399 47.2747942, 11.3813928 47.2747119, 11.3815106 47.2746626)"
7791,7.0,,,,24.0,,5,,4.0,"LINESTRING (11.412545 47.2553627, 11.4122351 47.2553143)"
7792,5.0,,,,20.604,,5,,4.0,"LINESTRING (11.392778 47.2788059, 11.392715 47.2789862)"
7793,5.0,,,,47.995999999999995,,5,,2.0,"LINESTRING (11.3925876 47.2783228, 11.3923019 47.2781927, 11.3920417 47.2781026)"
7794,5.0,,,,13.843,,5,,2.0,"LINESTRING (11.3921852 47.2786658, 11.3920981 47.2786194, 11.392031 47.2786385)"
7795,5.0,,,,30.234,,5,,2.0,"LINESTRING (11.3923167 47.2784565, 11.392137 47.2783719, 11.3920565 47.2783592, 11.3919572 47.2783564)"
7796,8.0,,10.0,,9.041,9.0,10,,4.0,"LINESTRING (11.3843737 47.2674337, 11.3844732 47.267479)"
7797,5.0,,,,97.636,,5,,3.0000000000000004,"LINESTRING (11.3843737 47.2674337, 11.3844042 47.2673991, 11.3844404 47.2673579, 11.3841453 47.2672291, 11.383865 47.2670439, 11.3835519 47.2669388, 11.3834795 47.2669406)"
7798,5.0,,,,97.636,,5,,3.0000000000000004,"LINESTRING (11.3834795 47.2669406, 11.3835519 47.2669388, 11.383865 47.2670439, 11.3841453 47.2672291, 11.3844404 47.2673579, 11.3844042 47.2673991, 11.3843737 47.2674337)"
7799,6.0,,,,194.882,,5,,4.0,"LINESTRING (11.3917827 47.2533635, 11.3932509 47.2530689, 11.3942985 47.253011)"
7800,5.0,,,,295.2870000000001,,5,,3.0000000000000004,"LINESTRING (11.3946925 47.2449544, 11.39514 47.2452796, 11.3953693 47.2454429, 11.3955829 47.2456306, 11.3959584 47.2458855, 11.3964149 47.2461649, 11.3969141 47.2464076, 11.3970507 47.2464766, 11.3971092 47.2465532, 11.3973432 47.2466309, 11.3974692 47.2466304, 11.3974034 47.2466598, 11.3973866 47.2466934)"
7801,5.0,,,,258.25699999999995,,5,,5.0,"LINESTRING (11.3973866 47.2466934, 11.3965987 47.2468222, 11.3964491 47.246776, 11.3962023 47.2467733, 11.3956674 47.2467074, 11.3955761 47.2467151, 11.3953431 47.24681, 11.3951896 47.2468182, 11.3949135 47.2467678, 11.3944983 47.2467792, 11.3940615 47.2467866)"
7802,5.0,,,,295.287,,5,,3.0000000000000004,"LINESTRING (11.3973866 47.2466934, 11.3974034 47.2466598, 11.3974692 47.2466304, 11.3973432 47.2466309, 11.3971092 47.2465532, 11.3970507 47.2464766, 11.3969141 47.2464076, 11.3964149 47.2461649, 11.3959584 47.2458855, 11.3955829 47.2456306, 11.3953693 47.2454429, 11.39514 47.2452796, 11.3946925 47.2449544)"
7803,5.0,,,,19.21,,5,,4.0,"LINESTRING (11.3969046 47.2457085, 11.3969817 47.2457194, 11.3970011 47.2456971, 11.3969166 47.2456234)"
7804,5.0,,6.0,,29.747,,5,,4.0,"LINESTRING (11.3973572 47.2457044, 11.3971983 47.2456905, 11.397244 47.2455348)"
7805,5.0,,,,36.425,,5,,3.0000000000000004,"LINESTRING (11.3933654 47.2432986, 11.3932393 47.2432412, 11.3931569 47.243157, 11.393071 47.2431074, 11.3930033 47.2431165)"
7806,5.0,,,,36.425,,5,,3.0000000000000004,"LINESTRING (11.3930033 47.2431165, 11.393071 47.2431074, 11.3931569 47.243157, 11.3932393 47.2432412, 11.3933654 47.2432986)"
7807,5.0,,,,40.683,,5,,3.0000000000000004,"LINESTRING (11.3930033 47.2431165, 11.3929805 47.2431689, 11.3929979 47.2432558, 11.393014 47.2433323, 11.3930127 47.243437, 11.392953 47.2434279)"
7808,5.0,,,,40.683,,5,,3.0000000000000004,"LINESTRING (11.392953 47.2434279, 11.3930127 47.243437, 11.393014 47.2433323, 11.3929979 47.2432558, 11.3929805 47.2431689, 11.3930033 47.2431165)"
7809,6.0,,,,61.87,,5,,3.0000000000000004,"LINESTRING (11.3785087 47.2635847, 11.3782023 47.2641008)"
7810,6.0,,10.0,,28.661,,10,,4.0,"LINESTRING (11.3782023 47.2641008, 11.3785545 47.2641973)"
7811,6.0,,,,61.87,,5,,3.0000000000000004,"LINESTRING (11.3782023 47.2641008, 11.3785087 47.2635847)"
